SAMBAT Sea Ti  C/T/D/Odo/Fluo/pH GPS : 50195 
V:0,Pression (0/50),m
V:1,Température (-5/35),°C
V:2,Salinité (2/42),g/l
V:3,Oxygène (0/20),mgl
V:4,PH (0/14),pH
V:5,Fluorescence (0/50),µgl
V:6,Tension batterie,V
291022161657 0.962 21.794 38.486 8.486 8.322 0.109 10.772 
291022163156 0.992 21.789 38.472 8.486 8.322 0.119 10.870 
291022164656 0.929 21.781 38.456 8.490 8.322 0.146 10.894 
291022170156 0.967 21.771 38.457 8.495 8.322 0.148 10.873 
291022171656 0.897 21.773 38.475 8.498 8.322 0.153 10.897 
291022173156 0.941 21.754 38.479 8.507 8.323 0.180 10.905 
291022174656 0.961 21.757 38.485 8.508 8.324 0.251 10.909 
291022180156 0.929 21.744 38.486 8.515 8.324 0.185 10.875 
291022181656 0.940 21.734 38.485 8.513 8.325 0.249 10.898 
291022183156 0.942 21.743 38.488 8.513 8.325 0.288 10.906 
291022184656 0.951 21.734 38.495 8.509 8.325 0.204 10.909 
291022190156 0.976 21.718 38.479 8.514 8.326 0.217 10.862 
291022191656 0.954 21.718 38.484 8.511 8.326 0.221 10.894 
291022193156 0.976 21.702 38.481 8.513 8.326 0.210 10.905 
291022194656 0.962 21.705 38.423 8.511 8.327 0.243 10.908 
291022200156 0.957 21.692 38.439 8.511 8.327 0.531 10.875 
291022201656 0.973 21.706 38.493 8.509 8.329 0.164 10.898 
291022203156 0.953 21.693 38.473 8.509 8.328 0.249 10.906 
291022204656 0.966 21.688 38.501 8.512 8.329 0.208 10.909 
291022210156 0.962 21.683 38.478 8.510 8.330 0.184 10.862 
291022211656 0.977 21.688 38.473 8.512 8.330 0.253 10.894 
291022213156 0.973 21.690 38.472 8.511 8.331 0.245 10.904 
291022214656 0.964 21.676 38.463 8.513 8.331 0.219 10.908 
291022220156 0.956 21.662 38.466 8.513 8.332 0.249 10.876 
291022221656 0.978 21.674 38.461 8.509 8.332 0.199 10.899 
291022223156 0.978 21.665 38.461 8.507 8.333 0.206 10.906 
291022224656 0.905 21.655 38.446 8.507 8.333 0.231 10.909 
291022230156 0.970 21.657 38.461 8.503 8.333 0.200 10.876 
291022231656 0.961 21.661 38.463 8.496 8.333 0.191 10.899 
291022233156 0.949 21.665 38.451 8.494 8.334 0.255 10.906 
291022234656 0.974 21.680 38.444 8.489 8.333 0.234 10.909 
301022000156 0.920 21.669 38.418 8.492 8.334 0.201 10.875 
301022001656 0.976 21.679 38.461 8.487 8.335 0.224 10.898 
301022003156 0.945 21.655 38.468 8.490 8.335 0.223 10.906 
301022004656 0.938 21.630 38.464 8.497 8.335 0.223 10.909 
301022010156 0.915 21.640 38.438 8.494 8.335 0.227 10.862 
301022011656 0.953 21.646 38.450 8.495 8.336 0.187 10.894 
301022013156 0.929 21.652 38.519 8.491 8.336 0.158 10.904 
301022014656 0.954 21.669 38.508 8.490 8.336 0.255 10.908 
301022020156 0.970 21.654 38.393 8.489 8.337 0.191 10.876 
301022021656 0.941 21.679 38.381 8.488 8.336 0.334 10.898 
301022023156 0.955 21.669 38.372 8.489 8.337 0.268 10.906 
301022024656 0.994 21.680 38.448 8.489 8.337 0.205 10.909 
301022030156 0.920 21.645 38.449 8.492 8.337 0.233 10.876 
301022031656 0.939 21.671 38.462 8.484 8.337 0.212 10.899 
301022033156 0.988 21.660 38.465 8.485 8.337 0.198 10.906 
301022034656 0.942 21.669 38.437 8.486 8.338 0.207 10.909 
301022040156 0.958 21.659 38.468 8.490 8.338 0.250 10.862 
301022041656 0.957 21.677 38.440 8.486 8.337 0.203 10.894 
301022043156 0.948 21.680 38.435 8.489 8.338 0.234 10.904 
301022044656 0.928 21.664 38.499 8.491 8.338 0.202 10.908 
301022050156 0.958 21.674 38.367 8.486 8.338 0.145 10.876 
301022051656 0.978 21.676 38.395 8.483 8.338 0.285 10.899 
301022053156 0.938 21.641 38.413 8.495 8.339 0.224 10.906 
301022054656 0.953 21.660 38.423 8.484 8.339 0.320 10.909 
301022060156 0.915 21.654 38.416 8.485 8.339 0.222 10.875 
301022061656 0.967 21.620 38.377 8.491 8.339 0.233 10.898 
301022063156 0.955 21.631 38.390 8.481 8.339 0.174 10.906 
301022064656 0.947 21.649 38.412 8.473 8.339 0.227 10.909 
301022070156 0.944 21.650 38.375 8.476 8.339 0.231 10.862 
301022071656 0.971 21.644 38.399 8.476 8.340 0.205 10.894 
301022073156 0.982 21.636 38.369 8.478 8.339 0.232 10.904 
301022074656 0.961 21.650 38.376 8.477 8.339 0.343 10.908 
301022080156 0.958 21.645 38.410 8.483 8.340 0.250 10.875 
301022081656 0.952 21.634 38.397 8.484 8.339 0.225 10.898 
301022083156 0.955 21.638 38.390 8.485 8.339 0.244 10.906 
301022084656 0.966 21.639 38.341 8.487 8.339 0.250 10.909 
301022090156 0.964 21.633 38.374 8.492 8.339 0.230 10.875 
301022091656 0.967 21.641 38.391 8.492 8.338 0.173 10.898 
301022093156 0.950 21.644 38.523 8.490 8.337 0.146 10.906 
301022094656 0.946 21.644 38.386 8.489 8.336 0.157 10.909 
301022100156 0.942 21.650 38.370 8.489 8.336 0.141 10.874 
301022101656 0.958 21.654 38.369 8.488 8.335 0.075 10.898 
301022103156 0.966 21.657 38.360 8.487 8.334 0.157 10.906 
301022104656 0.958 21.669 38.429 8.486 8.333 0.094 10.909 
301022110156 0.964 21.676 38.522 8.486 8.333 0.078 10.862 
301022111656 0.961 21.686 38.385 8.486 8.332 0.119 10.894 
301022113156 0.962 21.701 38.438 8.483 8.331 0.115 10.904 
301022114656 0.951 21.708 38.446 8.486 8.330 0.092 10.908 
301022120156 0.960 21.733 38.428 8.487 8.329 0.079 10.875 
301022121656 0.953 21.757 38.384 8.483 8.329 0.071 10.899 
301022123156 0.951 21.792 38.323 8.472 8.328 0.047 10.906 
301022124656 0.971 21.779 38.355 8.479 8.327 0.068 10.909 
301022130156 0.961 21.767 38.362 8.480 8.327 0.077 10.877 
301022131656 0.957 21.789 38.347 8.483 8.327 0.085 10.899 
301022133156 0.952 21.788 38.369 8.487 8.327 0.071 10.907 
301022134656 0.947 21.801 38.387 8.486 8.326 0.067 10.910 
301022140156 0.993 21.798 38.383 8.490 8.326 0.065 10.863 
301022141656 0.943 21.812 38.388 8.490 8.325 0.079 10.895 
301022143156 0.962 21.796 38.327 8.489 8.325 0.074 10.905 
301022144656 0.945 21.796 38.386 8.489 8.324 0.054 10.909 
301022150156 0.965 21.793 38.390 8.493 8.324 0.062 10.876 
301022151656 0.939 21.819 38.383 8.488 8.323 0.091 10.899 
301022153156 0.942 21.816 38.384 8.488 8.322 0.073 10.907 
301022154656 0.956 21.846 38.374 8.479 8.322 0.098 10.910 
301022160156 0.935 21.849 38.383 8.476 8.323 0.105 10.877 
301022161656 0.934 21.839 38.381 8.482 8.323 0.140 10.900 
