SAMBAT Sea Ti  C/T/D/Odo/Fluo/pH GPS : 50195 
V:0,Pression (0/50),dba
V:1,Température (-5/35),°C
V:2,Salinité (2/42),g/l
V:3,Oxygène (0/20),mgl
V:4,PH (0/14),pH
V:5,Fluorescence (0/500),ppb
V:6,Tension batterie,V
140523115307 0.912 18.099 38.006 9.928 8.263 0.562 10.769 
140523120806 0.770 18.032 38.001 9.940 8.262 0.478 10.858 
140523122306 0.774 17.994 38.005 9.953 8.262 0.493 10.884 
140523123806 0.820 17.956 38.000 9.960 8.262 0.319 10.830 
140523125306 0.861 17.980 38.004 9.954 8.261 0.402 10.880 
140523130806 0.828 17.974 38.001 9.954 8.261 0.228 10.892 
140523132306 0.800 18.023 37.979 9.937 8.261 0.296 10.896 
140523133806 0.831 18.086 37.991 9.923 8.262 0.607 10.807 
140523135306 0.881 18.138 37.990 9.907 8.261 0.455 10.875 
140523140806 0.748 18.158 37.978 9.901 8.260 0.706 10.891 
140523142306 0.722 18.171 37.982 9.898 8.261 0.524 10.896 
140523143806 0.770 18.179 37.988 9.898 8.261 0.349 10.832 
140523145306 0.882 18.172 37.969 9.899 8.260 0.000 10.883 
140523150806 0.781 18.198 37.984 9.892 8.260 0.357 10.894 
140523152306 0.871 18.220 37.982 9.886 8.259 0.440 10.898 
140523153806 0.815 18.250 37.955 9.877 8.259 0.455 10.833 
140523155306 0.871 18.252 37.978 9.877 8.261 0.607 10.883 
140523160806 0.806 18.257 37.977 9.878 8.260 0.858 10.895 
140523162306 0.829 18.266 37.966 9.876 8.261 0.843 10.899 
140523163806 0.811 18.268 37.974 9.879 8.262 1.495 10.832 
140523165306 0.788 18.285 37.969 9.878 8.262 1.260 10.883 
140523170806 0.886 18.327 37.980 9.868 8.263 1.040 10.895 
140523172306 0.859 18.447 37.967 9.843 8.275 1.442 10.899 
140523173806 0.832 18.461 37.970 9.850 8.273 1.025 10.809 
140523175306 0.756 18.464 37.958 9.860 8.274 1.518 10.877 
140523180806 0.780 18.471 37.957 9.868 8.276 0.979 10.893 
140523182306 0.819 18.483 37.956 9.880 8.276 1.670 10.899 
140523183806 0.763 18.485 37.968 9.892 8.277 1.184 10.834 
140523185306 0.775 18.487 37.949 9.905 8.276 1.465 10.885 
140523190806 0.814 18.491 37.949 9.916 8.277 1.670 10.896 
140523192306 0.841 18.498 37.957 9.928 8.277 1.617 10.900 
140523193806 0.777 18.497 37.954 9.939 8.277 2.118 10.836 
140523195306 0.790 18.447 37.953 9.959 8.276 1.503 10.885 
140523200806 0.807 18.418 37.940 9.980 8.276 1.875 10.896 
140523202306 0.802 18.408 37.953 9.991 8.277 1.397 10.900 
140523203806 0.788 18.386 37.946 10.007 8.278 1.685 10.810 
140523205306 0.813 18.358 37.934 10.028 8.280 1.776 10.878 
140523210806 0.862 18.343 37.934 10.051 8.282 1.541 10.893 
140523212306 0.806 18.327 37.944 10.071 8.282 1.397 10.898 
140523213806 0.783 18.317 37.918 10.087 8.280 1.404 10.833 
140523215306 0.773 18.290 37.938 10.103 8.279 1.473 10.883 
140523220806 0.815 18.271 37.928 10.114 8.277 1.776 10.895 
140523222306 0.767 18.180 37.876 10.160 8.300 1.397 10.899 
140523223806 0.824 18.200 37.868 10.173 8.291 1.366 10.833 
140523225306 0.737 18.266 37.905 10.163 8.284 1.260 10.883 
140523230806 0.837 18.241 37.911 10.184 8.284 1.549 10.894 
140523232306 0.771 18.184 37.909 10.210 8.285 1.351 10.898 
140523233806 0.766 18.177 37.899 10.211 8.279 1.480 10.808 
140523235306 0.801 18.208 37.901 10.203 8.277 1.488 10.876 
150523000806 0.768 18.198 37.900 10.205 8.277 1.382 10.891 
150523002306 0.822 18.189 37.892 10.208 8.278 1.731 10.896 
150523003806 0.774 18.199 37.902 10.202 8.279 1.746 10.832 
150523005306 0.785 18.209 37.904 10.200 8.279 1.716 10.882 
150523010806 0.780 18.201 37.886 10.201 8.279 1.564 10.894 
150523012306 0.815 18.193 37.909 10.203 8.279 1.579 10.897 
150523013806 0.787 18.239 37.913 10.195 8.281 1.549 10.839 
150523015306 0.803 18.248 37.886 10.189 8.282 1.389 10.884 
150523020806 0.809 18.227 37.907 10.204 8.282 1.792 10.894 
150523022306 0.803 18.183 37.883 10.223 8.284 1.556 10.897 
150523023806 0.835 18.207 37.906 10.219 8.286 1.511 10.807 
150523025306 0.839 18.261 37.892 10.207 8.286 2.118 10.876 
150523030806 0.776 18.285 37.888 10.203 8.286 1.283 10.891 
150523032306 0.768 18.292 37.888 10.204 8.290 1.427 10.896 
150523033806 0.771 18.303 37.898 10.201 8.291 1.412 10.829 
150523035306 0.811 18.284 37.889 10.211 8.293 1.609 10.881 
150523040806 0.816 18.303 37.889 10.212 8.289 2.201 10.893 
150523042306 0.772 18.323 37.871 10.209 8.286 2.057 10.897 
150523043806 0.763 18.329 37.893 10.196 8.286 1.571 10.830 
150523045306 0.793 18.303 37.884 10.197 8.286 1.503 10.882 
150523050806 0.768 18.289 37.863 10.199 8.286 1.632 10.893 
150523052306 0.808 18.270 37.868 10.200 8.285 1.928 10.897 
150523053806 0.776 18.241 37.853 10.206 8.285 1.997 10.812 
150523055306 0.781 18.221 37.879 10.214 8.285 1.716 10.877 
150523060806 0.762 18.199 37.863 10.221 8.286 1.359 10.892 
150523062306 0.807 18.214 37.858 10.220 8.284 1.253 10.896 
150523063806 0.827 18.197 37.861 10.224 8.284 1.336 10.830 
150523065306 0.790 18.187 37.870 10.227 8.283 1.260 10.881 
150523070806 0.761 18.153 37.864 10.232 8.281 1.025 10.893 
150523072306 0.808 18.125 37.881 10.240 8.279 0.577 10.896 
150523073806 0.816 18.123 37.868 10.237 8.278 0.911 10.829 
150523075306 0.745 18.120 37.868 10.231 8.279 1.199 10.881 
150523080806 0.773 18.136 37.899 10.222 8.277 0.774 10.892 
150523082306 0.788 18.169 37.942 10.206 8.277 0.714 10.896 
150523083806 0.840 18.178 37.951 10.201 8.277 0.759 10.828 
150523085306 0.790 18.231 37.949 10.181 8.277 0.577 10.880 
150523090806 0.767 18.198 37.947 10.185 8.279 0.455 10.892 
150523092306 0.787 18.210 37.947 10.181 8.280 0.068 10.896 
150523093806 0.790 18.212 37.929 10.179 8.281 0.653 10.811 
150523095306 0.778 18.238 37.930 10.166 8.282 0.311 10.877 
150523100806 0.788 18.297 37.915 10.151 8.286 0.471 10.891 
150523102306 0.781 18.269 37.937 10.156 8.286 0.478 10.896 
150523103806 0.750 18.358 37.949 10.130 8.286 0.273 10.830 
150523105306 0.735 18.489 37.940 10.107 8.285 0.539 10.882 
150523110806 0.814 18.426 37.947 10.131 8.282 0.516 10.893 
150523112306 0.737 18.415 37.961 10.138 8.281 0.099 10.897 
150523113806 0.755 18.396 37.945 10.150 8.278 0.509 10.831 
150523115306 0.694 18.385 37.946 10.153 8.277 0.425 10.882 
