SAMBAT Sea Ti  C/T/D/Odo/Fluo/pH GPS : 50195 
V:0,Pression (0/50),m
V:1,Température (-5/35),°C
V:2,Salinité (2/42),g/l
V:3,Oxygène (0/20),mgl
V:4,PH (0/14),pH
V:5,Fluorescence (0/50),µgl
V:6,Tension batterie,V
261122172548 1.062 19.366 36.220 8.333 8.327 0.353 10.740 
261122174047 0.917 19.362 36.207 8.333 8.327 0.483 10.840 
261122175547 0.976 19.346 36.204 8.328 8.327 0.469 10.815 
261122181047 0.940 19.356 36.190 8.318 8.328 0.497 10.860 
261122182547 0.996 19.314 36.191 8.318 8.328 0.432 10.873 
261122184047 1.008 19.322 36.201 8.312 8.329 0.358 10.878 
261122185547 0.987 19.315 36.231 8.311 8.328 0.383 10.712 
261122191047 1.003 19.316 36.222 8.303 8.330 0.445 10.856 
261122192547 1.027 19.319 36.231 8.292 8.327 0.336 10.876 
261122194047 1.050 19.306 36.222 8.294 8.329 0.414 10.884 
261122195547 0.994 19.296 36.205 8.291 8.330 0.390 10.825 
261122201047 1.001 19.301 36.196 8.278 8.330 0.394 10.869 
261122202547 0.936 19.301 36.187 8.270 8.332 0.441 10.877 
261122204047 0.973 19.273 36.189 8.272 8.332 0.317 10.881 
261122205547 1.024 19.287 36.197 8.267 8.332 0.335 10.824 
261122211047 1.022 19.289 36.202 8.262 8.332 0.425 10.869 
261122212547 1.056 19.283 36.186 8.263 8.334 0.338 10.882 
261122214047 1.060 19.281 36.185 8.265 8.334 0.441 10.887 
261122215547 1.072 19.268 36.180 8.272 8.333 0.329 10.820 
261122221047 1.026 19.266 36.204 8.263 8.333 0.332 10.869 
261122222547 1.038 19.271 36.205 8.262 8.332 0.389 10.881 
261122224047 0.985 19.270 36.633 8.262 8.334 0.353 10.887 
261122225547 0.943 19.273 36.213 8.266 8.331 0.322 10.716 
261122231047 0.955 19.280 36.208 8.270 8.333 0.415 10.859 
261122232547 0.901 19.272 36.213 8.282 8.337 0.377 10.878 
261122234047 1.012 19.252 36.205 8.299 8.337 0.316 10.885 
261122235547 1.004 19.256 36.209 8.299 8.337 0.342 10.825 
271122001047 1.008 19.237 36.217 8.307 8.337 0.389 10.866 
271122002547 1.027 19.220 36.203 8.327 8.337 0.307 10.879 
271122004047 0.942 19.203 36.194 8.326 8.337 0.270 10.881 
271122005547 0.978 19.219 36.178 8.323 8.338 0.334 10.822 
271122011047 1.021 19.191 36.179 8.325 8.337 0.396 10.869 
271122012547 0.945 19.189 36.182 8.319 8.336 0.339 10.881 
271122014047 1.041 19.173 36.183 8.315 8.336 0.364 10.886 
271122015547 1.017 19.170 36.195 8.312 8.336 0.306 10.724 
271122021047 1.011 19.179 36.198 8.280 8.337 0.339 10.855 
271122022547 1.000 19.180 36.187 8.257 8.335 0.297 10.872 
271122024047 0.994 19.183 36.182 8.263 8.337 0.320 10.880 
271122025547 0.980 19.147 36.176 8.275 8.336 0.366 10.823 
271122031047 1.027 19.175 36.199 8.268 8.337 0.345 10.868 
271122032547 0.982 19.164 36.195 8.279 8.336 0.378 10.881 
271122034047 0.991 19.155 36.204 8.280 8.336 0.314 10.886 
271122035547 1.041 19.174 36.173 8.277 8.339 0.358 10.823 
271122041047 1.037 19.155 36.206 8.281 8.339 0.389 10.869 
271122042547 1.022 19.179 36.216 8.274 8.339 0.341 10.881 
271122044047 0.982 19.202 36.193 8.272 8.338 0.303 10.886 
271122045547 1.014 19.191 36.198 8.276 8.339 0.346 10.723 
271122051047 0.982 19.184 36.195 8.279 8.338 0.361 10.859 
271122052547 1.029 19.180 36.187 8.292 8.341 0.331 10.877 
271122054047 1.101 19.160 36.202 8.304 8.341 0.282 10.884 
271122055547 1.033 19.170 36.210 8.319 8.340 0.295 10.825 
271122061047 1.013 19.147 36.202 8.329 8.340 0.329 10.869 
271122062547 1.046 19.170 36.186 8.327 8.341 0.332 10.881 
271122064047 0.978 19.115 36.178 8.344 8.341 0.296 10.886 
271122065547 1.035 19.130 36.171 8.343 8.341 0.284 10.823 
271122071047 1.013 19.142 36.190 8.352 8.340 0.343 10.864 
271122072547 1.014 19.130 36.184 8.350 8.339 0.287 10.880 
271122074047 1.024 19.122 36.178 8.323 8.339 0.313 10.881 
271122075547 1.022 19.107 36.201 8.314 8.339 0.384 10.820 
271122081047 1.031 19.134 36.184 8.287 8.337 0.351 10.866 
271122082547 0.996 19.106 36.202 8.280 8.339 0.330 10.880 
271122084047 1.043 19.109 36.196 8.266 8.340 0.353 10.886 
271122085547 0.964 19.100 36.188 8.255 8.339 0.267 10.721 
271122091047 0.971 19.098 36.196 8.241 8.335 0.347 10.857 
271122092547 1.010 19.102 36.164 8.243 8.339 0.393 10.876 
271122094047 1.010 19.109 36.167 8.241 8.340 0.250 10.883 
271122095547 0.980 19.096 36.206 8.250 8.341 0.195 10.822 
271122101047 0.984 19.098 36.194 8.274 8.340 0.174 10.864 
271122102547 1.025 19.088 36.166 8.277 8.337 0.188 10.879 
271122104047 1.062 19.084 36.183 8.277 8.337 0.199 10.885 
271122105547 1.028 19.081 36.144 8.277 8.337 0.155 10.822 
271122111047 1.007 19.065 36.169 8.285 8.334 0.185 10.868 
271122112547 1.082 19.056 36.840 8.284 8.333 0.183 10.880 
271122114047 1.021 19.010 36.209 8.288 8.335 0.123 10.885 
271122115547 0.995 19.003 36.204 8.275 8.334 0.166 10.819 
271122121047 1.027 18.985 36.206 8.261 8.333 0.110 10.867 
271122122547 1.020 19.010 36.197 8.245 8.335 0.119 10.880 
271122124047 1.007 19.029 36.149 8.234 8.334 0.107 10.885 
271122125547 1.005 19.031 36.153 8.226 8.333 0.120 10.719 
271122131047 0.991 19.036 36.159 8.217 8.332 0.147 10.857 
271122132547 0.999 19.028 36.153 8.210 8.332 0.152 10.875 
271122134047 1.005 19.017 36.147 8.210 8.332 0.146 10.883 
271122135547 1.013 19.010 36.137 8.208 8.331 0.132 10.822 
271122141047 1.008 19.015 36.204 8.202 8.332 0.141 10.867 
271122142547 0.999 19.015 36.195 8.199 8.329 0.152 10.880 
271122144047 0.968 19.005 36.214 8.201 8.332 0.152 10.885 
271122145547 0.993 19.012 36.144 8.196 8.330 0.170 10.821 
271122151047 0.968 19.012 36.191 8.182 8.333 0.123 10.867 
271122152547 0.961 19.002 36.143 8.194 8.333 0.142 10.880 
271122154047 0.982 19.006 36.139 8.224 8.333 0.131 10.881 
271122155547 1.002 18.995 36.140 8.232 8.332 0.145 10.720 
271122161047 1.008 18.991 36.144 8.237 8.333 0.218 10.857 
271122162547 1.018 18.980 36.215 8.245 8.333 0.245 10.875 
271122164047 0.987 18.975 36.169 8.255 8.333 0.272 10.882 
271122165547 1.002 18.935 36.121 8.272 8.333 0.414 10.823 
271122171047 0.977 18.928 36.178 8.269 8.333 0.335 10.863 
271122172547 0.983 18.922 36.167 8.266 8.333 0.421 10.874 
