SAMBAT Sea Ti  C/T/D/Odo/Fluo/pH GPS : 50195 
V:0,Pression (0/50),m
V:1,Température (-5/35),°C
V:2,Salinité (2/42),g/l
V:3,Oxygène (0/20),mgl
V:4,PH (0/14),pH
V:5,Fluorescence (0/50),µgl
V:6,Tension batterie,V
241022160512 0.900 22.031 38.410 8.228 8.326 0.214 10.770 
241022162011 0.911 22.025 38.417 8.225 8.328 0.624 10.869 
241022163511 0.890 22.095 38.416 8.207 8.325 1.344 10.894 
241022165023 0.902 22.099 38.413 8.210 8.325 0.228 10.844 
241022170511 0.907 22.115 38.421 8.207 8.325 0.461 10.871 
241022172011 0.889 22.049 38.397 8.230 8.327 0.692 10.897 
241022173511 0.920 21.888 38.519 8.253 8.319 0.366 10.906 
241022175023 0.876 22.007 38.453 8.246 8.329 0.363 10.847 
241022180511 0.884 22.032 38.461 8.250 8.329 0.501 10.885 
241022182011 0.912 21.979 38.450 8.267 8.328 0.413 10.902 
241022183511 0.876 21.985 38.451 8.267 8.318 0.436 10.908 
241022185023 0.905 21.946 38.357 8.281 8.330 0.376 10.847 
241022190511 0.928 21.970 38.459 8.277 8.325 0.244 10.885 
241022192011 0.908 21.997 38.397 8.276 8.325 0.222 10.902 
241022193511 0.895 22.013 38.409 8.274 8.327 0.246 10.908 
241022195023 0.929 21.992 38.404 8.273 8.330 0.198 10.848 
241022200511 0.889 21.993 38.404 8.271 8.321 0.277 10.873 
241022202011 0.879 22.007 38.406 8.264 8.327 0.224 10.898 
241022203511 0.887 22.006 38.407 8.259 8.324 0.310 10.906 
241022205023 0.900 22.016 38.400 8.254 8.330 0.253 10.846 
241022210511 0.905 21.985 38.399 8.259 8.315 0.214 10.885 
241022212011 0.907 21.951 38.400 8.267 8.315 0.252 10.902 
241022213511 0.916 21.921 38.398 8.270 8.320 0.236 10.908 
241022215023 0.913 21.905 38.396 8.268 8.332 0.205 10.848 
241022220511 0.889 21.883 38.408 8.265 8.316 0.255 10.884 
241022222011 0.898 21.872 38.410 8.270 8.319 0.845 10.902 
241022223511 0.898 21.814 38.390 8.286 8.318 0.385 10.908 
241022225023 0.913 21.817 38.391 8.286 8.333 0.236 10.848 
241022230511 0.913 21.813 38.394 8.289 8.319 0.276 10.872 
241022232011 0.936 21.824 38.384 8.290 8.318 0.317 10.897 
241022233511 0.951 21.838 38.386 8.288 8.313 0.210 10.905 
241022235023 0.906 21.849 38.383 8.286 8.334 0.239 10.847 
251022000511 0.907 21.823 38.385 8.293 8.318 0.256 10.884 
251022002011 0.925 21.794 38.375 8.301 8.327 0.228 10.901 
251022003511 0.955 21.763 38.374 8.312 8.329 1.785 10.907 
251022005023 0.939 21.744 38.372 8.314 8.337 0.240 10.847 
251022010511 0.902 21.738 38.372 8.315 8.327 0.282 10.883 
251022012011 0.885 21.727 38.371 8.315 8.331 0.235 10.901 
251022013511 0.934 21.711 38.376 8.317 8.333 0.279 10.907 
251022015023 0.943 21.692 38.367 8.317 8.338 0.201 10.846 
251022020511 0.947 21.682 38.369 8.316 8.321 0.224 10.871 
251022022011 0.906 21.660 38.373 8.319 8.325 0.200 10.896 
251022023511 0.915 21.664 38.367 8.317 8.326 0.307 10.905 
251022025023 0.954 21.654 38.367 8.319 8.339 0.200 10.845 
251022030511 0.941 21.649 38.362 8.325 8.339 0.215 10.883 
251022032011 0.908 21.644 38.351 8.326 8.330 0.232 10.901 
251022033511 0.899 21.646 38.372 8.329 8.337 0.327 10.906 
251022035023 0.887 21.635 38.366 8.334 8.340 0.199 10.846 
251022040511 0.888 21.628 38.359 8.334 8.324 0.204 10.883 
251022042011 0.882 21.629 38.365 8.329 8.334 0.185 10.900 
251022043511 0.902 21.624 38.360 8.332 8.333 0.221 10.906 
251022045023 0.881 21.628 38.361 8.325 8.339 0.248 10.846 
251022050511 0.885 21.609 38.366 8.328 8.322 0.201 10.870 
251022052011 0.923 21.607 38.369 8.326 8.323 0.256 10.896 
251022053511 0.902 21.602 38.348 8.327 8.330 0.254 10.904 
251022055023 0.930 21.585 38.367 8.328 8.339 0.220 10.845 
251022060511 0.913 21.579 38.366 8.324 8.320 0.214 10.883 
251022062011 0.906 21.589 38.368 8.319 8.326 0.264 10.900 
251022063511 0.900 21.579 38.371 8.319 8.332 2.079 10.906 
251022065023 0.940 21.557 38.366 8.325 8.341 0.255 10.845 
251022070511 0.951 21.571 38.366 8.318 8.334 0.290 10.881 
251022072011 0.917 21.560 38.363 8.323 8.339 0.232 10.899 
251022073511 0.901 21.556 38.365 8.319 8.341 1.064 10.905 
251022075023 0.929 21.541 38.365 8.323 8.340 0.768 10.845 
251022080511 0.869 21.562 38.369 8.314 8.339 0.209 10.870 
251022082011 0.929 21.555 38.356 8.312 8.340 1.680 10.895 
251022083511 0.912 21.555 38.359 8.310 8.339 10.422 10.903 
251022085023 0.861 21.545 38.367 8.315 8.339 0.593 10.844 
251022090511 0.929 21.552 38.364 8.308 8.338 3.025 10.882 
251022092011 0.923 21.562 38.360 8.304 8.337 1.200 10.899 
251022093511 0.916 21.556 38.365 8.303 8.337 0.470 10.906 
251022095023 0.944 21.556 38.367 8.301 8.338 0.284 10.845 
251022100511 0.882 21.558 38.365 8.303 8.339 0.489 10.881 
251022102011 0.062 20.944 0.188 8.422 8.169 0.549 10.900 
251022103511 0.074 22.046 0.059 8.387 7.954 0.000 10.906 
251022105023 0.902 21.573 38.627 8.233 8.345 0.125 10.848 
251022110511 0.932 21.577 38.584 8.238 8.341 0.138 10.870 
251022112011 0.927 21.593 38.571 8.240 8.337 0.146 10.896 
251022113511 0.932 21.592 38.595 8.246 8.336 0.049 10.904 
251022115022 0.917 21.581 38.617 8.256 8.334 0.133 10.848 
251022120511 0.903 21.585 38.617 8.267 8.333 0.146 10.883 
251022122011 0.922 21.605 38.616 8.275 8.332 0.090 10.900 
251022123511 0.917 21.605 38.605 8.283 8.330 0.060 10.906 
251022125023 0.904 21.621 38.618 8.358 8.329 0.075 10.849 
251022130511 0.883 21.631 38.617 8.370 8.329 0.103 10.871 
251022132011 0.918 21.733 38.609 8.361 8.327 0.091 10.896 
251022133511 0.918 21.703 38.615 8.369 8.327 0.061 10.905 
251022135023 0.872 21.895 38.614 8.331 8.322 0.083 10.847 
251022140511 0.925 21.905 38.633 8.335 8.322 0.101 10.883 
251022142011 0.918 21.857 38.621 8.346 8.320 0.090 10.901 
251022143511 0.907 21.865 38.634 8.345 8.320 0.109 10.908 
251022145023 0.916 21.891 38.631 8.344 8.319 0.081 10.849 
251022150511 0.892 21.802 38.613 8.368 8.320 0.173 10.884 
251022152011 0.849 21.747 38.608 8.382 8.322 0.143 10.902 
251022153511 0.960 21.713 38.609 8.396 8.323 0.186 10.907 
251022155023 0.963 21.710 38.606 8.399 8.323 0.161 10.848 
251022160511 0.886 21.666 38.604 8.408 8.323 0.165 10.872 
