SAMBAT Sea Ti  C/T/D/Odo/Fluo/pH GPS : 50195 
V:0,Pression (0/50),m
V:1,Température (-5/35),°C
V:2,Salinité (2/42),g/l
V:3,Oxygène (0/20),mgl
V:4,PH (0/14),pH
V:5,Fluorescence (0/50),µgl
V:6,Tension batterie,V
020922135945 0.882 27.260 38.449 7.550 8.275 0.076 10.818 
020922141444 0.859 27.270 38.437 7.553 8.274 0.070 10.926 
020922142944 0.846 27.301 38.439 7.544 8.272 0.046 10.945 
020922144444 0.842 27.295 38.436 7.549 8.272 0.069 10.951 
020922145944 0.841 27.296 38.443 7.548 8.271 0.089 10.929 
020922151444 0.787 27.269 38.440 7.554 8.271 0.076 10.948 
020922152944 0.828 27.295 38.441 7.552 8.270 0.105 10.951 
020922154444 0.832 27.318 38.466 7.541 8.271 0.060 10.953 
020922155944 0.799 27.347 38.461 7.538 8.270 0.110 10.919 
020922161444 0.799 27.345 38.472 7.532 8.271 0.102 10.946 
020922162944 0.832 27.350 38.438 7.532 8.271 0.103 10.951 
020922164444 0.825 27.359 38.396 7.530 8.271 0.107 10.953 
020922165944 0.825 27.327 38.444 7.540 8.271 0.129 10.931 
020922171444 0.829 27.291 38.421 7.548 8.271 0.065 10.949 
020922172944 0.810 27.278 38.412 7.554 8.272 0.085 10.952 
020922174444 0.818 27.285 38.423 7.557 8.272 0.097 10.953 
020922175944 0.803 27.300 38.430 7.559 8.272 0.120 10.919 
020922181444 0.827 27.296 38.424 7.570 8.273 0.141 10.946 
020922182944 0.812 27.303 38.430 7.572 8.273 0.128 10.951 
020922184444 0.816 27.309 38.440 7.575 8.274 0.153 10.953 
020922185944 0.816 27.319 38.434 7.575 8.275 0.156 10.931 
020922191444 0.822 27.329 38.440 7.578 8.275 0.180 10.949 
020922192944 0.866 27.319 38.438 7.577 8.276 0.202 10.952 
020922194444 0.820 27.316 38.432 7.578 8.276 0.186 10.953 
020922195944 0.824 27.306 38.434 7.580 8.277 0.229 10.931 
020922201444 0.814 27.296 38.437 7.575 8.278 0.195 10.948 
020922202944 0.810 27.287 38.430 7.573 8.278 0.234 10.952 
020922204444 0.824 27.277 38.430 7.568 8.279 0.252 10.953 
020922205944 0.814 27.262 38.429 7.569 8.279 0.189 10.920 
020922211444 0.833 27.252 38.426 7.567 8.279 0.210 10.946 
020922212944 0.795 27.238 38.430 7.569 8.280 0.246 10.951 
020922214444 0.822 27.216 38.429 7.566 8.279 0.200 10.953 
020922215944 0.803 27.207 38.421 7.564 8.279 0.235 10.930 
020922221444 0.801 27.156 38.420 7.568 8.279 0.242 10.948 
020922222944 0.797 27.161 38.419 7.567 8.281 0.192 10.952 
020922224444 0.801 27.171 38.433 7.565 8.283 0.192 10.953 
020922225944 0.815 27.171 38.432 7.566 8.284 0.184 10.931 
020922231444 0.838 27.130 38.430 7.575 8.284 0.189 10.948 
020922232944 0.805 27.117 38.420 7.578 8.285 0.191 10.952 
020922234444 0.859 27.095 38.418 7.583 8.284 0.162 10.953 
020922235944 0.814 27.064 38.427 7.585 8.285 0.177 10.929 
030922001444 0.814 27.046 38.417 7.589 8.283 0.191 10.947 
030922002944 0.819 27.036 38.420 7.592 8.284 0.220 10.951 
030922004444 0.809 27.030 38.415 7.594 8.284 0.184 10.952 
030922005944 0.822 26.990 38.408 7.596 8.284 0.252 10.918 
030922011444 0.819 26.991 38.414 7.589 8.284 0.217 10.945 
030922012944 0.827 26.978 38.405 7.584 8.285 0.242 10.950 
030922014444 0.814 26.962 38.422 7.580 8.284 0.190 10.952 
030922015944 0.822 26.966 38.401 7.577 8.284 0.168 10.928 
030922021444 0.828 26.961 38.415 7.574 8.285 0.176 10.946 
030922022944 0.814 26.961 38.420 7.572 8.286 0.178 10.951 
030922024444 0.823 26.972 38.429 7.571 8.288 0.187 10.952 
030922025944 0.828 26.978 38.425 7.567 8.289 0.152 10.929 
030922031444 0.816 26.974 38.425 7.568 8.289 0.208 10.946 
030922032944 0.814 26.937 38.432 7.577 8.289 0.170 10.951 
030922034444 0.818 26.962 38.433 7.577 8.288 0.201 10.952 
030922035944 0.818 26.966 38.431 7.583 8.289 0.148 10.927 
030922041444 0.815 26.946 38.434 7.591 8.289 0.197 10.946 
030922042944 0.813 26.953 38.428 7.591 8.289 0.157 10.951 
030922044444 0.834 26.924 38.430 7.598 8.288 0.211 10.952 
030922045944 0.821 26.922 38.433 7.598 8.287 0.214 10.918 
030922051444 0.819 26.927 38.425 7.592 8.286 0.213 10.944 
030922052944 0.822 26.909 38.419 7.592 8.284 0.205 10.950 
030922054444 0.808 26.905 38.441 7.584 8.283 0.159 10.951 
030922055944 0.810 26.895 38.417 7.579 8.282 0.209 10.928 
030922061444 0.818 26.889 38.414 7.568 8.282 0.157 10.946 
030922062944 0.803 26.884 38.420 7.558 8.283 0.174 10.951 
030922064444 0.826 26.897 38.415 7.552 8.282 0.161 10.951 
030922065944 0.836 26.890 38.424 7.549 8.282 0.172 10.918 
030922071444 0.841 26.887 38.429 7.541 8.283 0.179 10.944 
030922072944 0.816 26.900 38.426 7.535 8.284 0.211 10.949 
030922074444 0.818 26.889 38.434 7.535 8.284 0.180 10.951 
030922075944 0.806 26.890 38.420 7.531 8.282 0.179 10.928 
030922081444 0.822 26.890 38.420 7.533 8.282 0.165 10.946 
030922082944 0.825 26.900 38.420 7.533 8.282 0.128 10.950 
030922084444 0.805 26.906 38.416 7.538 8.281 0.118 10.951 
030922085944 0.806 26.913 38.409 7.542 8.279 0.121 10.928 
030922091444 0.818 26.913 38.418 7.545 8.278 0.107 10.946 
030922092944 0.819 26.924 38.413 7.545 8.277 0.137 10.950 
030922094444 0.802 26.938 38.425 7.547 8.277 0.097 10.952 
030922095944 0.817 26.943 38.418 7.549 8.277 0.114 10.928 
030922101444 0.810 26.956 38.449 7.548 8.275 0.122 10.946 
030922102944 0.798 26.970 38.450 7.548 8.275 0.099 10.951 
030922104444 0.805 26.990 38.444 7.549 8.275 0.114 10.952 
030922105944 0.806 27.003 38.446 7.548 8.277 0.090 10.918 
030922111444 0.809 27.061 38.432 7.547 8.280 0.062 10.944 
030922112944 0.835 27.075 38.443 7.551 8.279 0.077 10.950 
030922114444 0.857 27.087 38.437 7.555 8.278 0.101 10.952 
030922115944 0.823 27.111 38.432 7.556 8.278 0.064 10.929 
030922121444 0.828 27.085 38.430 7.566 8.277 0.118 10.947 
030922122944 0.820 27.147 38.435 7.563 8.276 0.102 10.951 
030922124444 0.842 27.277 38.446 7.540 8.275 0.095 10.953 
030922125944 0.811 27.298 38.435 7.543 8.274 0.075 10.930 
030922131444 0.819 27.360 38.434 7.533 8.272 0.125 10.948 
030922132944 0.806 27.327 38.442 7.536 8.272 0.101 10.952 
030922134444 0.808 27.452 38.454 7.510 8.271 0.071 10.953 
030922135944 0.822 27.462 38.477 7.497 8.270 0.075 10.919 
