SAMBAT Sea Ti  C/T/D/Odo/Fluo/pH GPS : 50195 
V:0,Pression (0/50),dba
V:1,Température (-5/35),°C
V:2,Salinité (2/42),g/l
V:3,Oxygène (0/20),mgl
V:4,PH (0/14),pH
V:5,Fluorescence (0/500),ppb
V:6,Tension batterie,V
110723141633 0.804 26.673 38.998 8.058 8.260 1.093 10.844 
110723143132 0.809 26.505 39.020 8.095 8.261 1.078 10.944 
110723144632 0.786 26.749 39.011 8.052 8.262 1.070 10.934 
110723150132 0.803 26.829 38.974 8.033 8.261 0.972 10.954 
110723151632 0.766 27.055 39.014 7.985 8.256 1.237 10.956 
110723153132 0.798 26.997 38.968 8.002 8.255 0.789 10.957 
110723154632 0.796 26.888 38.987 8.021 8.254 1.070 10.937 
110723160132 0.783 27.073 38.819 8.012 8.257 1.040 10.956 
110723161632 0.810 27.042 38.989 7.998 8.254 1.108 10.958 
110723163132 0.786 27.237 38.922 7.969 8.255 1.336 10.959 
110723164632 0.791 27.214 39.021 7.967 8.253 1.336 10.930 
110723170132 0.809 26.617 38.914 8.099 8.257 1.374 10.956 
110723171632 0.764 26.355 38.986 8.140 8.259 1.556 10.958 
110723173132 0.763 26.950 38.971 8.038 8.266 1.495 10.958 
110723174632 0.805 27.336 39.016 7.969 8.260 1.837 10.939 
110723180132 0.832 26.430 38.975 8.150 8.259 1.541 10.957 
110723181632 0.801 26.447 38.932 8.150 8.263 1.898 10.958 
110723183132 0.795 26.576 38.930 8.131 8.260 1.814 10.957 
110723184632 0.783 26.225 38.982 8.177 8.261 1.571 10.937 
110723190132 0.774 26.441 38.945 8.147 8.266 2.004 10.955 
110723191632 0.788 26.543 38.939 8.134 8.267 1.655 10.957 
110723193132 0.795 26.707 38.967 8.104 8.270 1.723 10.957 
110723194632 0.779 26.622 38.954 8.126 8.267 1.716 10.927 
110723200132 0.789 26.559 38.936 8.135 8.264 2.050 10.954 
110723201632 0.785 26.562 38.921 8.150 8.273 1.761 10.956 
110723203132 0.790 26.635 38.912 8.136 8.272 2.209 10.957 
110723204632 0.773 26.646 38.935 8.145 8.276 2.088 10.938 
110723210132 0.782 26.612 38.925 8.164 8.277 2.543 10.955 
110723211632 0.776 26.593 38.936 8.181 8.277 2.384 10.956 
110723213132 0.781 26.584 38.936 8.197 8.275 2.057 10.957 
110723214632 0.797 26.608 38.929 8.204 8.275 2.080 10.937 
110723220132 0.781 26.593 38.921 8.215 8.274 2.361 10.955 
110723221632 0.783 26.606 38.898 8.224 8.275 1.928 10.956 
110723223132 0.784 26.616 38.886 8.233 8.275 2.475 10.957 
110723224632 0.807 26.625 38.886 8.241 8.274 2.293 10.927 
110723230132 0.789 26.630 38.895 8.248 8.274 1.936 10.953 
110723231632 0.810 26.658 38.853 8.251 8.274 2.376 10.956 
110723233132 0.785 26.687 38.836 8.249 8.273 1.974 10.957 
110723234632 0.788 26.730 38.837 8.247 8.273 2.270 10.937 
120723000132 0.784 26.779 38.835 8.241 8.272 2.050 10.955 
120723001632 0.787 26.749 38.871 8.253 8.271 2.285 10.957 
120723003132 0.777 26.717 38.873 8.263 8.271 2.703 10.957 
120723004632 0.793 26.731 38.883 8.267 8.272 2.186 10.937 
120723010132 0.786 26.762 38.892 8.267 8.273 2.384 10.955 
120723011632 0.774 26.786 38.886 8.267 8.273 2.399 10.957 
120723013132 0.801 26.787 38.884 8.271 8.272 2.460 10.957 
120723014632 0.796 26.793 38.881 8.269 8.272 2.209 10.928 
120723020132 0.764 26.786 38.876 8.271 8.271 2.232 10.954 
120723021632 0.789 26.741 38.885 8.283 8.268 2.247 10.956 
120723023132 0.774 26.673 38.863 8.292 8.268 2.672 10.957 
120723024632 0.783 26.650 38.847 8.297 8.269 1.997 10.938 
120723030132 0.782 26.665 38.853 8.287 8.270 2.695 10.955 
120723031632 0.779 26.666 38.854 8.279 8.270 2.376 10.956 
120723033132 0.776 26.644 38.856 8.275 8.268 2.406 10.957 
120723034632 0.776 26.622 38.841 8.273 8.269 2.270 10.937 
120723040132 0.761 26.627 38.850 8.264 8.270 1.913 10.955 
120723041632 0.779 26.630 38.842 8.259 8.271 2.224 10.956 
120723043132 0.766 26.627 38.833 8.254 8.271 2.331 10.956 
120723044632 0.776 26.507 38.840 8.272 8.267 2.376 10.937 
120723050132 0.782 26.422 38.838 8.284 8.267 2.589 10.954 
120723051632 0.784 26.388 38.832 8.282 8.269 2.315 10.955 
120723053132 0.779 26.327 38.823 8.290 8.270 2.368 10.956 
120723054632 0.782 26.267 38.835 8.300 8.273 2.520 10.926 
120723060132 0.779 26.260 38.829 8.298 8.272 2.482 10.952 
120723061632 0.773 26.348 38.819 8.276 8.273 2.399 10.954 
120723063132 0.786 26.372 38.816 8.267 8.272 2.027 10.955 
120723064632 0.772 26.420 38.811 8.254 8.270 1.594 10.935 
120723070132 0.790 26.397 38.819 8.245 8.265 1.799 10.953 
120723071632 0.778 26.359 38.836 8.245 8.263 1.943 10.955 
120723073132 0.769 26.395 38.831 8.227 8.265 1.928 10.955 
120723074632 0.770 26.461 38.830 8.203 8.265 2.133 10.935 
120723080132 0.773 26.537 38.813 8.179 8.262 1.199 10.953 
120723081632 0.770 26.560 38.831 8.165 8.260 1.533 10.955 
120723083132 0.778 26.540 38.826 8.159 8.256 1.359 10.955 
120723084632 0.788 26.560 38.824 8.145 8.256 1.465 10.926 
120723090132 0.778 26.567 38.824 8.131 8.255 1.313 10.952 
120723091632 0.779 26.612 38.825 8.116 8.255 1.222 10.955 
120723093132 0.783 26.665 38.801 8.092 8.256 1.905 10.955 
120723094632 0.784 26.698 38.814 8.082 8.255 1.093 10.936 
120723100132 0.809 26.649 38.810 8.085 8.255 0.979 10.954 
120723101632 0.756 26.707 38.811 8.066 8.257 0.941 10.955 
120723103132 0.759 26.703 38.835 8.052 8.255 1.025 10.956 
120723104632 0.776 26.765 38.784 8.042 8.258 1.146 10.937 
120723110132 0.800 27.078 38.780 7.973 8.260 1.541 10.955 
120723111632 0.752 26.957 38.839 7.981 8.258 1.298 10.956 
120723113132 0.758 27.018 38.867 7.953 8.252 1.313 10.957 
120723114632 0.793 27.268 38.810 7.911 8.254 1.716 10.929 
120723120132 0.800 27.091 38.845 7.925 8.251 1.313 10.954 
120723121632 0.766 27.377 38.849 7.864 8.256 1.458 10.957 
120723123132 0.776 27.310 38.730 7.890 8.254 1.306 10.958 
120723124632 0.775 27.433 38.786 7.848 8.251 1.169 10.940 
120723130132 0.754 27.312 38.738 7.870 8.253 1.245 10.957 
120723131632 0.761 27.328 38.776 7.852 8.250 1.412 10.958 
120723133132 0.766 27.245 38.796 7.869 8.250 1.291 10.958 
120723134632 0.771 27.144 38.820 7.876 8.251 1.078 10.940 
120723140132 0.771 27.125 38.824 7.879 8.249 1.131 10.956 
120723141632 0.759 27.256 38.804 7.855 8.251 1.366 10.958 
