SAMBAT Sea Ti  C/T/D/Odo/Fluo/pH GPS : 50195 
V:0,Pression (0/50),dba
V:1,Température (-5/35),°C
V:2,Salinité (2/42),g/l
V:3,Oxygène (0/20),mgl
V:4,PH (0/14),pH
V:5,Fluorescence (0/500),ppb
V:6,Tension batterie,V
290523122847 0.812 21.147 37.787 9.239 8.272 0.729 10.798 
290523124346 0.834 21.699 37.763 9.152 8.269 0.789 10.866 
290523125846 0.771 21.704 37.780 9.146 8.272 0.919 10.907 
290523131346 0.818 21.908 37.788 9.118 8.271 0.957 10.918 
290523132846 0.859 21.785 37.533 9.194 8.272 0.827 10.922 
290523134346 0.783 21.747 37.731 9.207 8.272 0.736 10.892 
290523135846 0.828 21.724 37.608 9.240 8.267 0.668 10.917 
290523141346 0.776 21.528 37.640 9.281 8.272 0.714 10.923 
290523142846 0.758 21.925 37.631 9.220 8.265 0.660 10.925 
290523144346 0.804 21.919 37.627 9.240 8.266 0.615 10.894 
290523145846 0.787 21.991 37.725 9.181 8.266 0.615 10.919 
290523151346 0.765 21.905 37.711 9.208 8.263 1.161 10.924 
290523152846 0.678 22.153 37.663 9.176 8.265 0.736 10.926 
290523154346 0.770 22.117 37.802 9.180 8.265 0.858 10.894 
290523155846 0.729 22.158 37.745 9.175 8.266 1.017 10.920 
290523161346 0.785 22.045 37.776 9.214 8.261 1.298 10.925 
290523162846 0.772 22.005 37.526 9.239 8.265 0.896 10.927 
290523164346 0.779 22.076 37.701 9.225 8.265 1.260 10.896 
290523165846 0.773 22.000 37.762 9.232 8.268 0.873 10.921 
290523171346 0.798 22.038 37.736 9.239 8.268 1.131 10.926 
290523172846 0.849 21.920 37.747 9.266 8.265 1.495 10.927 
290523174346 0.723 21.952 37.648 9.268 8.266 1.222 10.888 
290523175846 0.790 21.930 37.827 9.273 8.266 1.313 10.919 
290523181346 0.757 21.993 38.000 9.254 8.267 1.177 10.925 
290523182846 0.773 21.924 38.058 9.280 8.267 1.207 10.926 
290523184346 0.814 21.880 37.968 9.290 8.267 1.503 10.900 
290523185846 0.768 21.855 37.933 9.299 8.268 1.473 10.921 
290523191346 0.761 21.791 37.977 9.317 8.270 1.473 10.925 
290523192846 0.804 21.704 38.008 9.343 8.272 1.594 10.926 
290523194346 0.787 21.617 37.979 9.380 8.275 1.321 10.896 
290523195846 0.764 21.635 38.055 9.364 8.277 1.442 10.920 
290523201346 0.791 21.681 38.037 9.363 8.279 1.511 10.925 
290523202846 0.874 21.598 38.053 9.387 8.280 1.488 10.925 
290523204346 0.785 21.421 38.040 9.434 8.277 1.602 10.885 
290523205846 0.813 21.247 38.069 9.469 8.268 1.579 10.916 
290523211346 0.841 21.087 38.109 9.499 8.263 1.503 10.922 
290523212846 0.798 20.961 38.124 9.517 8.260 1.146 10.923 
290523214346 0.777 20.910 38.073 9.528 8.256 1.101 10.891 
290523215846 0.832 20.877 37.705 9.517 8.260 1.465 10.916 
290523221346 0.860 20.818 37.803 9.506 8.258 1.040 10.920 
290523222846 0.806 20.740 37.724 9.502 8.269 1.412 10.921 
290523224346 0.811 20.748 37.733 9.495 8.267 1.048 10.888 
290523225846 0.829 20.668 37.744 9.484 8.267 1.215 10.913 
290523231346 0.818 20.719 37.733 9.472 8.267 1.078 10.918 
290523232846 0.782 20.743 37.739 9.460 8.266 1.275 10.920 
290523234346 0.800 20.808 37.755 9.450 8.272 1.032 10.878 
290523235846 0.810 20.868 37.721 9.439 8.270 1.404 10.910 
300523001346 0.795 20.997 37.744 9.405 8.271 1.154 10.917 
300523002846 0.829 21.086 37.758 9.369 8.269 1.177 10.919 
300523004346 0.834 21.066 37.761 9.362 8.266 1.177 10.888 
300523005846 0.837 21.138 37.767 9.337 8.265 1.351 10.913 
300523011346 0.816 21.173 37.764 9.313 8.265 1.533 10.919 
300523012846 0.794 21.138 37.757 9.316 8.270 1.268 10.920 
300523014346 0.805 21.173 37.738 9.295 8.275 1.389 10.888 
300523015846 0.821 21.210 37.736 9.279 8.272 1.268 10.914 
300523021346 0.766 21.147 37.725 9.286 8.272 1.412 10.919 
300523022846 0.802 21.120 37.790 9.279 8.267 1.389 10.921 
300523024346 0.788 21.103 37.786 9.273 8.271 1.237 10.889 
300523025846 0.792 21.073 37.749 9.271 8.271 1.708 10.914 
300523031346 0.816 21.028 38.075 9.282 8.271 1.116 10.919 
300523032846 0.789 21.007 38.076 9.287 8.271 1.397 10.920 
300523034346 0.797 20.990 38.075 9.295 8.270 1.640 10.880 
300523035846 0.815 20.949 38.089 9.306 8.267 1.374 10.911 
300523041346 0.831 20.882 38.088 9.324 8.264 1.032 10.918 
300523042846 0.809 20.815 38.050 9.327 8.262 1.670 10.919 
300523044346 0.817 20.757 38.064 9.325 8.262 1.579 10.887 
300523045846 0.835 20.723 38.122 9.320 8.261 1.435 10.912 
300523051346 0.811 20.699 38.128 9.319 8.262 0.987 10.917 
300523052846 0.792 20.685 38.127 9.315 8.262 1.617 10.918 
300523054346 0.816 20.688 38.122 9.312 8.264 1.594 10.885 
300523055846 0.820 20.731 38.012 9.308 8.265 3.181 10.911 
300523061346 0.802 20.840 38.003 9.304 8.270 1.025 10.916 
300523062846 0.795 20.884 37.988 9.301 8.271 1.344 10.918 
300523064346 0.829 20.943 38.011 9.287 8.270 1.404 10.877 
300523065846 0.805 21.007 38.014 9.271 8.269 0.949 10.909 
300523071346 0.808 21.016 38.014 9.268 8.269 1.169 10.916 
300523072846 0.822 21.004 37.982 9.272 8.273 1.511 10.918 
300523074346 0.805 20.996 37.956 9.276 8.276 0.539 10.887 
300523075846 0.792 20.998 37.963 9.275 8.277 1.366 10.912 
300523081346 0.831 21.056 37.956 9.261 8.281 0.668 10.917 
300523082846 0.799 21.092 37.964 9.264 8.283 1.321 10.919 
300523084346 0.809 21.151 37.976 9.261 8.286 0.600 10.887 
300523085846 0.822 21.128 37.987 9.278 8.287 0.789 10.912 
300523091346 0.802 21.101 37.985 9.298 8.287 0.714 10.918 
300523092846 0.782 21.097 38.001 9.307 8.286 0.380 10.920 
300523094346 0.813 21.127 37.992 9.319 8.285 0.676 10.879 
300523095846 0.833 21.085 38.001 9.341 8.286 0.600 10.910 
300523101346 0.789 21.085 37.985 9.357 8.286 0.493 10.917 
300523102846 0.788 21.178 38.029 9.348 8.286 0.486 10.919 
300523104346 0.809 21.156 37.994 9.372 8.285 0.865 10.888 
300523105846 0.837 21.191 38.021 9.386 8.279 0.433 10.913 
300523111346 0.821 21.645 37.995 9.288 8.283 0.630 10.919 
300523112846 0.807 21.805 37.997 9.261 8.279 0.850 10.921 
300523114346 0.808 21.468 37.998 9.346 8.279 0.592 10.890 
300523115846 0.772 21.801 38.005 9.282 8.277 0.418 10.916 
300523121346 0.801 21.598 37.976 9.346 8.275 0.349 10.921 
300523122846 0.777 21.609 38.005 9.347 8.272 0.311 10.922 
