SAMBAT Sea Ti  C/T/D/Odo/Fluo/pH GPS : 50195 
V:0,Pression (0/50),m
V:1,Température (-5/35),°C
V:2,Salinité (2/42),g/l
V:3,Oxygène (0/20),mgl
V:4,PH (0/14),pH
V:5,Fluorescence (0/50),µgl
V:6,Tension batterie,V
291222184538 1.003 16.099 37.761 9.255 8.344 0.386 10.712 
291222190037 0.976 16.109 37.752 9.252 8.345 0.350 10.789 
291222191537 0.985 16.097 37.752 9.255 8.345 0.391 10.828 
291222193037 1.008 16.103 37.752 9.253 8.345 0.385 10.842 
291222194537 1.002 16.100 37.750 9.250 8.345 0.421 10.850 
291222200037 0.972 16.106 37.752 9.253 8.345 0.366 10.811 
291222201537 0.959 16.098 37.758 9.260 8.346 0.369 10.839 
291222203037 0.981 16.096 37.745 9.260 8.345 0.537 10.850 
291222204537 0.996 16.092 37.751 9.260 8.345 0.336 10.855 
291222210037 0.988 16.077 37.765 9.257 8.346 0.426 10.799 
291222211537 1.008 16.091 37.748 9.255 8.345 0.430 10.836 
291222213037 0.986 16.087 37.745 9.256 8.346 0.396 10.849 
291222214537 0.988 16.072 37.753 9.262 8.346 0.390 10.855 
291222220037 0.969 16.094 37.746 9.252 8.345 0.442 10.814 
291222221537 0.994 16.079 37.735 9.251 8.346 0.537 10.842 
291222223037 1.021 16.084 37.740 9.244 8.346 0.508 10.852 
291222224537 0.973 16.073 37.747 9.238 8.346 0.399 10.856 
291222230037 1.002 16.072 37.735 9.242 8.346 0.469 10.799 
291222231537 0.997 16.061 37.745 9.245 8.346 0.389 10.836 
291222233037 0.979 16.072 37.736 9.238 8.346 0.460 10.849 
291222234537 1.017 16.080 37.749 9.233 8.347 0.476 10.855 
301222000037 1.009 16.086 37.733 9.230 8.347 0.400 10.814 
301222001537 1.025 16.079 37.737 9.235 8.347 0.399 10.842 
301222003037 0.944 16.067 37.735 9.238 8.348 0.485 10.852 
301222004537 0.983 16.066 37.740 9.237 8.348 0.478 10.857 
301222010037 0.987 16.067 37.739 9.239 8.349 0.434 10.812 
301222011537 1.022 16.066 37.735 9.238 8.348 0.644 10.842 
301222013037 0.976 16.054 37.733 9.237 8.348 0.441 10.852 
301222014537 0.987 16.072 37.731 9.234 8.348 0.439 10.857 
301222020037 0.969 16.068 37.739 9.232 8.349 0.379 10.813 
301222021537 0.982 16.068 37.744 9.234 8.349 0.489 10.842 
301222023037 0.959 16.073 37.740 9.235 8.349 0.498 10.852 
301222024537 0.963 16.077 37.743 9.228 8.349 0.442 10.857 
301222030037 0.964 16.073 37.731 9.236 8.349 0.372 10.796 
301222031537 0.993 16.071 37.736 9.240 8.349 0.573 10.835 
301222033037 0.953 16.069 37.724 9.244 8.349 0.384 10.849 
301222034537 0.979 16.061 37.721 9.244 8.350 0.454 10.855 
301222040037 1.015 16.058 37.735 9.242 8.350 0.557 10.814 
301222041537 0.937 16.068 37.893 9.236 8.350 0.442 10.842 
301222043037 0.958 16.044 37.722 9.237 8.350 0.512 10.852 
301222044537 0.947 16.052 37.711 9.238 8.350 0.434 10.856 
301222050037 0.954 16.049 37.718 9.237 8.351 0.410 10.813 
301222051537 0.951 16.039 37.705 9.234 8.351 0.501 10.842 
301222053037 0.961 16.051 37.726 9.228 8.351 0.565 10.852 
301222054537 0.934 16.061 37.723 9.221 8.351 0.399 10.857 
301222060037 0.971 16.054 37.725 9.221 8.351 0.491 10.813 
301222061537 0.958 16.054 37.725 9.221 8.351 0.572 10.842 
301222063037 0.956 16.052 37.729 9.222 8.351 0.568 10.852 
301222064537 0.948 16.056 37.719 9.221 8.351 0.478 10.857 
301222070037 0.977 16.052 37.712 9.222 8.351 0.368 10.798 
301222071537 0.937 16.043 37.719 9.222 8.351 0.433 10.836 
301222073037 0.982 16.048 37.719 9.220 8.351 0.465 10.849 
301222074537 0.949 16.047 37.724 9.222 8.352 0.829 10.855 
301222080037 0.955 16.032 37.728 9.223 8.352 0.364 10.814 
301222081537 0.920 16.034 37.718 9.226 8.352 0.526 10.842 
301222083037 0.947 16.027 37.704 9.227 8.352 0.476 10.852 
301222084537 0.976 16.030 37.716 9.225 8.353 0.395 10.856 
301222090037 0.939 16.019 37.708 9.227 8.353 0.387 10.814 
301222091537 0.943 16.034 37.707 9.225 8.352 0.449 10.842 
301222093037 0.960 16.032 37.733 9.225 8.353 0.357 10.852 
301222094537 1.012 16.024 37.709 9.230 8.352 0.377 10.857 
301222100037 0.950 16.026 37.716 9.230 8.352 0.266 10.814 
301222101537 1.026 16.028 37.711 9.228 8.352 0.348 10.842 
301222103037 1.035 16.025 37.702 9.231 8.352 0.213 10.852 
301222104537 1.026 16.025 37.696 9.227 8.351 0.231 10.856 
301222110037 0.968 16.028 37.711 9.227 8.351 0.192 10.799 
301222111537 0.944 16.020 37.766 9.228 8.351 0.192 10.835 
301222113037 0.956 16.034 37.729 9.229 8.350 0.141 10.849 
301222114537 0.968 16.040 37.697 9.226 8.349 0.170 10.855 
301222120037 0.981 16.028 37.709 9.232 8.350 0.184 10.814 
301222121537 0.964 16.040 37.734 9.232 8.349 0.126 10.842 
301222123037 0.985 16.031 37.709 9.236 8.349 0.144 10.852 
301222124537 0.985 16.038 37.691 9.237 8.349 0.125 10.856 
301222130037 0.986 16.022 37.682 9.264 8.349 0.190 10.810 
301222131537 0.955 16.031 37.691 9.267 8.349 0.111 10.841 
301222133037 0.960 16.062 37.683 9.265 8.348 0.161 10.852 
301222134537 1.008 16.057 37.680 9.270 8.348 0.142 10.856 
301222140037 0.964 16.063 37.693 9.275 8.348 0.157 10.813 
301222141537 1.028 16.061 37.675 9.279 8.348 0.261 10.841 
301222143037 0.913 16.075 37.689 9.275 8.348 0.339 10.852 
301222144537 0.998 16.057 37.704 9.287 8.348 0.357 10.856 
301222150037 0.995 16.079 37.706 9.288 8.348 0.394 10.795 
301222151537 0.975 16.072 37.687 9.295 8.348 0.347 10.835 
301222153037 0.972 16.060 37.697 9.306 8.347 0.410 10.844 
301222154537 0.979 16.057 37.682 9.306 8.348 0.409 10.853 
301222160037 1.011 16.060 37.757 9.306 8.348 0.495 10.813 
301222161537 1.035 16.075 37.689 9.299 8.347 0.404 10.841 
301222163037 0.980 16.068 37.707 9.301 8.347 0.485 10.851 
301222164537 0.995 16.070 37.711 9.297 8.348 0.512 10.856 
301222170037 0.964 16.061 37.705 9.295 8.347 0.473 10.799 
301222171537 0.937 16.055 37.705 9.297 8.348 0.478 10.836 
301222173037 0.986 16.056 37.696 9.300 8.348 0.432 10.849 
301222174537 0.993 16.051 37.683 9.299 8.348 0.503 10.855 
301222180037 1.030 16.049 37.691 9.296 8.347 0.501 10.814 
301222181537 0.978 16.042 37.694 9.297 8.348 0.524 10.842 
301222183037 1.028 16.030 37.683 9.300 8.348 0.512 10.852 
301222184537 0.925 16.034 37.686 9.300 8.348 0.542 10.856 
