SAMBAT Sea Ti  C/T/D/Odo/Fluo/pH GPS : 50195 
V:0,Pression (0/50),m
V:1,Température (-5/35),°C
V:2,Salinité (2/42),g/l
V:3,Oxygène (0/20),mgl
V:4,PH (0/14),pH
V:5,Fluorescence (0/50),µgl
V:6,Tension batterie,V
260922145820 0.638 23.294 38.487 8.017 8.310 0.080 10.779 
260922151319 0.901 23.294 38.484 8.025 8.310 0.057 10.881 
260922152819 0.782 23.306 38.486 8.029 8.309 0.071 10.905 
260922154319 0.746 23.310 38.484 8.029 8.309 0.053 10.913 
260922155819 0.774 23.304 38.492 8.026 8.308 0.060 10.865 
260922161319 0.708 23.304 38.503 8.025 8.308 0.067 10.902 
260922162819 0.733 23.319 38.509 8.024 8.308 0.103 10.913 
260922164319 0.797 23.321 38.511 8.023 8.308 0.077 10.917 
260922165819 0.779 23.336 38.525 8.021 8.308 0.177 10.882 
260922171319 0.745 23.349 38.533 8.012 8.308 0.094 10.908 
260922172819 0.664 23.321 38.532 8.011 8.308 0.103 10.916 
260922174319 0.770 23.306 38.525 8.013 8.309 0.130 10.918 
260922175819 0.604 23.315 38.534 8.009 8.309 0.172 10.882 
260922181319 0.847 23.298 38.517 8.010 8.310 0.176 10.908 
260922182819 0.787 23.302 38.537 8.008 8.310 0.166 10.916 
260922184319 0.746 23.315 38.534 8.005 8.310 0.177 10.919 
260922185819 0.791 23.302 38.524 8.009 8.310 0.193 10.866 
260922191319 0.797 23.295 38.541 8.008 8.311 0.179 10.903 
260922192819 0.871 23.282 38.524 8.006 8.312 0.425 10.914 
260922194319 0.809 23.261 38.526 8.017 8.313 0.270 10.918 
260922195819 0.831 23.256 38.534 8.019 8.313 0.547 10.881 
260922201319 0.745 23.253 38.536 8.015 8.314 0.221 10.908 
260922202819 0.652 23.287 38.529 8.004 8.314 1.710 10.915 
260922204319 0.711 23.318 38.520 8.000 8.314 0.174 10.918 
260922205819 0.723 23.379 38.516 7.988 8.314 0.177 10.881 
260922211319 0.770 23.388 38.525 7.984 8.315 0.325 10.908 
260922212819 0.823 23.385 38.522 7.980 8.316 0.197 10.916 
260922214319 0.684 23.383 38.530 7.978 8.316 0.172 10.919 
260922215819 0.867 23.376 38.520 7.982 8.317 0.160 10.866 
260922221319 0.725 23.381 38.527 7.976 8.317 0.178 10.904 
260922222819 0.802 23.379 38.529 7.972 8.318 0.232 10.914 
260922224319 0.778 23.390 38.522 7.967 8.319 0.184 10.918 
260922225819 0.840 23.376 38.521 7.974 8.320 0.143 10.873 
260922231319 0.744 23.336 38.523 7.981 8.320 0.183 10.906 
260922232819 0.780 23.380 38.535 7.964 8.320 0.176 10.915 
260922234319 0.814 23.364 38.534 7.970 8.321 0.181 10.919 
260922235819 0.880 23.372 38.536 7.965 8.321 0.191 10.882 
270922001319 0.742 23.364 38.532 7.965 8.321 0.162 10.909 
270922002819 0.788 23.338 38.538 7.968 8.321 0.161 10.916 
270922004319 0.786 23.350 38.538 7.966 8.321 0.190 10.919 
270922005819 0.781 23.344 38.534 7.971 8.322 2.136 10.882 
270922011319 0.761 23.340 38.532 7.974 8.322 0.213 10.908 
270922012819 0.767 23.330 38.532 7.977 8.322 0.126 10.916 
270922014319 0.752 23.303 38.539 7.981 8.323 0.150 10.919 
270922015819 0.684 23.317 38.531 7.985 8.322 0.244 10.866 
270922021319 0.826 23.302 38.536 7.988 8.322 0.165 10.904 
270922022819 0.789 23.302 38.531 7.993 8.323 0.164 10.914 
270922024319 0.656 23.296 38.528 7.996 8.322 0.169 10.918 
270922025819 0.843 23.300 38.524 7.997 8.323 0.169 10.882 
270922031319 0.754 23.283 38.529 7.999 8.323 1.314 10.908 
270922032819 0.698 23.261 38.537 8.005 8.324 0.197 10.916 
270922034319 0.738 23.292 38.541 7.999 8.323 0.173 10.919 
270922035819 0.752 23.267 38.531 8.011 8.324 0.166 10.873 
270922041319 0.690 23.264 38.538 8.014 8.322 0.159 10.906 
270922042819 0.653 23.274 38.533 8.013 8.323 0.236 10.915 
270922044319 0.694 23.274 38.542 8.010 8.322 0.167 10.918 
270922045819 0.742 23.261 38.538 8.011 8.324 0.327 10.881 
270922051319 0.857 23.240 38.536 8.014 8.322 0.198 10.908 
270922052819 0.687 23.241 38.531 8.012 8.323 0.235 10.916 
270922054319 0.996 23.228 38.539 8.011 8.323 0.452 10.918 
270922055819 0.799 23.223 38.534 8.016 8.324 0.219 10.866 
270922061319 0.765 23.221 38.536 8.013 8.324 0.187 10.903 
270922062819 0.771 23.201 38.538 8.015 8.324 0.178 10.914 
270922064319 0.787 23.206 38.538 8.012 8.323 0.243 10.918 
270922065819 0.661 23.197 38.543 8.014 8.324 0.336 10.881 
270922071319 0.752 23.198 38.538 8.014 8.324 0.233 10.907 
270922072819 0.781 23.188 38.534 8.016 8.324 0.176 10.915 
270922074319 0.804 23.160 38.528 8.027 8.324 0.178 10.918 
270922075819 0.746 23.162 38.541 8.029 8.324 0.207 10.865 
270922081319 0.793 23.156 38.531 8.037 8.324 0.213 10.903 
270922082819 0.789 23.150 38.532 8.033 8.324 0.166 10.913 
270922084319 0.784 23.142 38.531 8.036 8.324 0.177 10.917 
270922085819 0.721 23.145 38.526 8.031 8.323 0.207 10.880 
270922091319 0.699 23.149 38.530 8.028 8.323 0.194 10.907 
270922092819 0.671 23.129 38.535 8.029 8.321 0.233 10.915 
270922094319 0.782 23.087 38.538 8.035 8.321 0.128 10.918 
270922095819 0.751 23.105 38.539 8.033 8.322 0.177 10.865 
270922101319 0.705 23.073 38.537 8.035 8.322 0.143 10.902 
270922102819 0.748 23.056 38.531 8.038 8.321 0.157 10.913 
270922104319 0.775 23.038 38.526 8.036 8.320 0.176 10.916 
270922105819 0.637 23.034 38.525 8.037 8.320 0.172 10.880 
270922111319 0.866 23.028 38.533 8.039 8.319 0.145 10.906 
270922112819 0.786 23.030 38.527 8.041 8.318 0.168 10.914 
270922114319 0.917 23.028 38.530 8.041 8.318 0.137 10.917 
270922115819 0.769 23.025 38.528 8.037 8.317 0.187 10.865 
270922121319 0.729 23.021 38.528 8.041 8.315 0.116 10.902 
270922122819 0.867 23.017 38.519 8.037 8.315 0.114 10.912 
270922124319 0.762 23.053 38.522 8.032 8.315 0.146 10.916 
270922125819 0.791 23.053 38.521 8.035 8.313 0.056 10.881 
270922131319 0.723 23.068 38.524 8.031 8.313 0.117 10.906 
270922132819 0.798 23.074 38.521 8.033 8.311 0.115 10.914 
270922134319 0.698 23.087 38.523 8.033 8.309 0.102 10.917 
270922135819 0.670 23.076 38.525 8.034 8.309 0.084 10.881 
270922141319 0.604 23.077 38.521 8.041 8.308 0.095 10.907 
270922142819 0.813 23.084 38.517 8.048 8.307 0.075 10.914 
270922144319 0.741 23.098 38.520 8.047 8.307 0.069 10.917 
270922145819 0.782 23.122 38.524 8.051 8.308 0.103 10.864 
