SAMBAT Sea Ti  C/T/D/Odo/Fluo/pH GPS : 50195 
V:0,Pression (0/50),m
V:1,Température (-5/35),°C
V:2,Salinité (2/42),g/l
V:3,Oxygène (0/20),mgl
V:4,PH (0/14),pH
V:5,Fluorescence (0/50),µgl
V:6,Tension batterie,V
091022152854 0.904 21.963 38.418 8.119 8.325 0.229 10.772 
091022154353 0.901 21.960 38.417 8.119 8.323 0.243 10.870 
091022155853 0.910 21.948 38.421 8.118 8.324 0.283 10.859 
091022161353 0.890 21.944 38.416 8.122 8.324 0.304 10.891 
091022162853 0.860 21.942 38.415 8.120 8.324 0.260 10.902 
091022164353 0.880 21.926 38.422 8.122 8.324 0.282 10.906 
091022165853 0.851 21.937 38.409 8.122 8.325 0.275 10.854 
091022171353 0.908 21.937 38.413 8.119 8.323 0.378 10.891 
091022172853 0.883 21.934 38.406 8.116 8.325 0.465 10.902 
091022174353 0.895 21.936 38.404 8.113 8.325 0.357 10.907 
091022175853 0.897 21.929 38.400 8.109 8.325 0.450 10.870 
091022181353 0.844 21.945 38.399 8.112 8.325 0.938 10.896 
091022182853 0.886 21.931 38.406 8.116 8.324 0.574 10.905 
091022184353 0.929 21.930 38.407 8.119 8.326 2.627 10.907 
091022185853 0.911 21.931 38.410 8.117 8.325 1.401 10.855 
091022191353 0.921 21.927 38.410 8.113 8.325 0.696 10.891 
091022192853 0.942 21.898 38.408 8.109 8.324 0.395 10.903 
091022194353 0.938 21.912 38.407 8.106 8.321 0.527 10.907 
091022195853 0.933 21.892 38.402 8.106 8.326 0.342 10.872 
091022201353 0.907 21.887 38.401 8.107 8.328 1.019 10.897 
091022202853 0.903 21.871 38.396 8.107 8.329 0.371 10.905 
091022204353 0.884 21.870 38.392 8.092 8.329 0.375 10.908 
091022205853 0.939 21.858 38.395 8.080 8.329 0.459 10.871 
091022211353 0.889 21.865 38.403 8.054 8.328 0.998 10.896 
091022212853 0.902 21.875 38.404 8.032 8.329 0.420 10.905 
091022214353 0.899 21.837 38.403 8.036 8.330 0.503 10.907 
091022215853 0.891 21.842 38.399 8.023 8.330 0.376 10.854 
091022221353 0.919 21.862 38.415 8.011 8.331 0.331 10.891 
091022222853 0.879 21.842 38.412 8.004 8.331 0.342 10.902 
091022224353 0.911 21.849 38.416 7.996 8.332 0.400 10.906 
091022225853 0.902 21.852 38.423 7.994 8.332 0.342 10.871 
091022231353 0.910 21.851 38.420 8.002 8.332 0.507 10.896 
091022232853 0.913 21.826 38.420 8.018 8.331 0.336 10.904 
091022234353 0.880 21.822 38.425 8.031 8.332 0.288 10.907 
091022235853 0.927 21.831 38.424 8.048 8.332 0.362 10.855 
101022001353 0.903 21.836 38.419 8.048 8.331 0.349 10.891 
101022002853 0.916 21.871 38.423 8.037 8.329 0.382 10.902 
101022004353 0.905 21.872 38.425 8.027 8.328 0.303 10.906 
101022005853 0.914 21.870 38.429 8.022 8.324 0.335 10.871 
101022011353 0.904 21.881 38.427 8.008 8.327 0.323 10.896 
101022012853 0.915 21.881 38.434 7.988 8.328 0.768 10.904 
101022014353 0.901 21.876 38.443 7.968 8.322 0.277 10.907 
101022015853 0.908 21.881 38.446 7.934 8.321 0.413 10.870 
101022021353 0.916 21.876 38.445 7.903 8.328 0.339 10.896 
101022022853 0.909 21.880 38.445 7.872 8.322 0.331 10.904 
101022024353 0.908 21.887 38.443 7.863 8.329 0.286 10.907 
101022025853 0.894 21.887 38.439 7.877 8.330 0.324 10.855 
101022031353 0.917 21.875 38.447 7.894 8.331 0.287 10.891 
101022032853 0.901 21.892 38.424 7.911 8.331 0.304 10.902 
101022034353 0.916 21.881 38.439 7.920 8.330 0.268 10.906 
101022035853 0.921 21.865 38.447 7.940 8.330 0.290 10.871 
101022041353 0.906 21.876 38.441 7.959 8.331 0.332 10.896 
101022042853 0.898 21.870 38.444 7.990 8.331 0.386 10.905 
101022044353 0.908 21.865 38.443 8.015 8.330 0.277 10.907 
101022045853 0.926 21.871 38.442 8.052 8.327 0.290 10.871 
101022051353 0.902 21.873 38.440 8.067 8.331 0.249 10.896 
101022052853 0.944 21.883 38.443 8.068 8.332 0.330 10.905 
101022054353 0.895 21.878 38.438 8.071 8.330 0.240 10.907 
101022055853 0.898 21.867 38.440 8.070 8.330 0.277 10.870 
101022061353 0.909 21.870 38.441 8.079 8.332 0.248 10.896 
101022062853 0.886 21.870 38.441 8.082 8.330 0.254 10.905 
101022064353 0.904 21.865 38.441 8.086 8.331 0.234 10.908 
101022065853 0.907 21.860 38.439 8.090 8.329 0.244 10.854 
101022071353 0.917 21.866 38.437 8.089 8.330 0.357 10.891 
101022072853 0.893 21.862 38.437 8.077 8.330 0.465 10.902 
101022074353 0.908 21.847 38.437 8.074 8.332 0.750 10.906 
101022075853 0.878 21.845 38.443 8.065 8.332 0.571 10.870 
101022081353 0.903 21.841 38.437 8.057 8.332 0.370 10.896 
101022082853 0.904 21.843 38.438 8.052 8.333 0.459 10.904 
101022084353 0.943 21.842 38.435 8.052 8.332 0.251 10.907 
101022085853 0.928 21.839 38.435 8.053 8.332 0.239 10.870 
101022091353 0.899 21.847 38.434 8.054 8.331 0.229 10.896 
101022092853 0.920 21.849 38.432 8.046 8.332 0.268 10.904 
101022094353 0.907 21.845 38.433 8.050 8.330 0.304 10.907 
101022095853 0.884 21.867 38.431 8.056 8.329 0.197 10.868 
101022101353 0.927 21.886 38.436 8.054 8.329 0.409 10.895 
101022102853 0.906 21.893 38.437 8.057 8.328 0.241 10.904 
101022104353 0.901 21.922 38.442 8.063 8.327 0.850 10.907 
101022105853 0.905 21.946 38.436 8.067 8.327 0.351 10.855 
101022111353 0.892 21.954 38.440 8.072 8.326 0.102 10.891 
101022112853 0.875 21.953 38.436 8.083 8.326 0.056 10.903 
101022114353 0.921 21.985 38.436 8.083 8.325 0.064 10.907 
101022115853 0.865 21.979 38.438 8.101 8.325 0.076 10.871 
101022121353 0.901 21.993 38.434 8.117 8.325 0.062 10.897 
101022122853 0.895 22.025 38.447 8.124 8.324 0.115 10.905 
101022124353 0.941 22.001 38.436 8.136 8.323 2.931 10.908 
101022125853 0.955 21.999 38.437 8.142 8.324 0.297 10.855 
101022131353 0.963 22.006 38.436 8.153 8.323 0.769 10.892 
101022132853 0.916 22.045 38.459 8.146 8.324 0.516 10.903 
101022134353 0.918 22.032 38.438 8.143 8.323 0.242 10.907 
101022135853 0.932 22.022 38.442 8.139 8.323 2.002 10.871 
101022141353 0.899 22.025 38.436 8.143 8.322 3.168 10.897 
101022142853 0.900 22.023 38.436 8.153 8.322 2.653 10.905 
101022144353 0.921 22.050 38.435 8.147 8.313 1.114 10.908 
101022145853 0.943 22.064 38.436 8.141 8.321 1.074 10.872 
101022151353 0.887 22.065 38.441 8.141 8.320 1.153 10.897 
101022152853 0.958 22.070 38.438 8.146 8.320 1.824 10.905 
