SAMBAT Sea Ti  C/T/D/Odo/Fluo/pH GPS : 50195 
V:0,Pression (0/50),dba
V:1,Température (-5/35),°C
V:2,Salinité (2/42),g/l
V:3,Oxygène (0/20),mgl
V:4,PH (0/14),pH
V:5,Fluorescence (0/500),ppb
V:6,Tension batterie,V
170423104753 0.802 15.437 38.197 10.514 8.259 0.326 10.723 
170423110252 0.830 15.434 38.135 10.530 8.259 0.509 10.806 
170423111752 0.817 15.458 38.168 10.523 8.258 0.683 10.836 
170423113252 0.802 15.482 38.191 10.512 8.258 0.493 10.849 
170423114752 0.781 15.545 38.171 10.492 8.257 0.440 10.820 
170423120252 0.783 15.589 38.157 10.490 8.256 0.402 10.844 
170423121752 0.773 15.741 38.161 10.435 8.255 0.835 10.854 
170423123252 0.787 15.794 38.164 10.428 8.254 0.349 10.859 
170423124752 0.809 15.812 38.171 10.424 8.254 0.539 10.834 
170423130252 0.725 15.844 38.180 10.416 8.253 0.319 10.853 
170423131752 0.833 15.875 38.182 10.407 8.253 0.539 10.860 
170423133252 0.860 15.884 38.181 10.411 8.252 0.395 10.863 
170423134752 0.708 15.987 38.177 10.385 8.250 0.349 10.832 
170423140252 0.823 15.956 38.176 10.393 8.250 0.615 10.853 
170423141752 0.826 16.092 38.190 10.363 8.248 0.547 10.861 
170423143252 0.729 16.014 38.175 10.394 8.248 0.213 10.864 
170423144752 0.781 16.013 38.189 10.396 8.249 0.835 10.829 
170423150252 0.795 16.092 38.181 10.373 8.247 0.964 10.852 
170423151752 0.752 16.171 38.178 10.356 8.246 1.040 10.861 
170423153252 0.733 16.185 38.184 10.345 8.246 0.509 10.865 
170423154752 0.833 16.208 38.168 10.352 8.246 1.245 10.840 
170423160252 0.767 16.171 38.165 10.368 8.246 1.010 10.857 
170423161752 0.788 16.285 38.168 10.346 8.245 0.615 10.864 
170423163252 0.831 16.209 38.159 10.362 8.246 1.313 10.867 
170423164752 0.831 16.025 38.166 10.420 8.246 0.934 10.835 
170423170252 0.798 15.990 38.175 10.430 8.248 1.328 10.855 
170423171752 0.782 15.888 38.150 10.465 8.250 0.919 10.862 
170423173252 0.854 15.822 38.156 10.496 8.251 1.177 10.865 
170423174752 0.803 15.762 38.157 10.514 8.252 1.207 10.838 
170423180252 0.796 15.679 38.153 10.549 8.254 1.685 10.856 
170423181752 0.771 15.591 38.153 10.583 8.255 2.004 10.862 
170423183252 0.813 15.524 38.159 10.604 8.257 2.156 10.864 
170423184752 0.800 15.498 38.149 10.627 8.258 2.164 10.836 
170423190252 0.805 15.459 38.155 10.643 8.258 2.148 10.853 
170423191752 0.764 15.485 38.152 10.643 8.263 1.966 10.860 
170423193252 0.799 15.451 38.153 10.654 8.265 1.754 10.862 
170423194752 0.801 15.388 38.151 10.686 8.267 1.860 10.825 
170423200252 0.808 15.328 38.149 10.710 8.272 1.587 10.848 
170423201752 0.813 15.251 38.146 10.745 8.271 1.943 10.856 
170423203252 0.826 15.209 38.156 10.764 8.273 1.587 10.860 
170423204752 0.825 15.165 38.153 10.795 8.275 1.503 10.823 
170423210252 0.779 15.088 38.162 10.833 8.287 1.488 10.845 
170423211752 0.836 15.178 38.127 10.827 8.279 1.670 10.854 
170423213252 0.814 15.215 38.110 10.815 8.272 1.761 10.858 
170423214752 0.846 15.185 38.073 10.839 8.275 1.814 10.831 
170423220252 0.797 15.146 38.101 10.851 8.275 2.126 10.849 
170423221752 0.798 15.151 38.098 10.858 8.274 1.936 10.855 
170423223252 0.842 15.183 38.123 10.850 8.275 2.331 10.859 
170423224752 0.777 15.140 38.156 10.864 8.269 2.930 10.831 
170423230252 0.870 15.163 38.156 10.856 8.267 2.703 10.849 
170423231752 0.807 15.170 38.159 10.856 8.271 2.285 10.855 
170423233252 0.815 15.157 38.160 10.860 8.271 1.867 10.859 
170423234752 0.790 15.153 38.166 10.860 8.273 2.171 10.821 
180423000252 0.823 15.134 38.160 10.862 8.272 2.201 10.844 
180423001752 0.790 15.144 38.154 10.862 8.271 2.050 10.853 
180423003252 0.816 15.149 38.165 10.857 8.272 1.830 10.857 
180423004752 0.819 15.162 38.168 10.850 8.272 1.579 10.830 
180423010252 0.806 15.171 38.164 10.846 8.270 1.936 10.848 
180423011752 0.798 15.157 38.165 10.848 8.271 1.731 10.855 
180423013252 0.818 15.153 38.165 10.846 8.272 2.027 10.858 
180423014752 0.792 15.161 38.167 10.840 8.272 2.414 10.830 
180423020252 0.791 15.180 38.166 10.831 8.271 1.883 10.848 
180423021752 0.821 15.173 38.161 10.823 8.270 2.050 10.855 
180423023252 0.768 15.166 38.161 10.815 8.267 1.898 10.857 
180423024752 0.803 15.168 38.167 10.802 8.267 2.475 10.821 
180423030252 0.830 15.158 38.159 10.793 8.266 2.171 10.843 
180423031752 0.817 15.136 38.161 10.772 8.265 1.997 10.852 
180423033252 0.809 15.133 38.175 10.755 8.265 2.482 10.856 
180423034752 0.831 15.133 38.157 10.745 8.265 2.247 10.830 
180423040252 0.815 15.127 38.163 10.735 8.265 2.368 10.847 
180423041752 0.816 15.130 38.164 10.721 8.265 2.103 10.854 
180423043252 0.825 15.146 38.177 10.710 8.266 2.368 10.857 
180423044752 0.788 15.167 38.171 10.694 8.266 2.179 10.830 
180423050252 0.795 15.171 38.169 10.688 8.266 2.513 10.848 
180423051752 0.787 15.154 38.176 10.688 8.266 2.999 10.855 
180423053252 0.813 15.143 38.164 10.684 8.266 3.181 10.858 
180423054752 0.786 15.116 38.179 10.680 8.266 2.695 10.821 
180423060252 0.791 15.110 38.172 10.675 8.265 3.226 10.843 
180423061752 0.788 15.098 38.176 10.669 8.265 2.482 10.852 
180423063252 0.853 15.095 38.164 10.662 8.265 2.444 10.856 
180423064752 0.816 15.066 38.166 10.668 8.264 2.566 10.830 
180423070252 0.808 15.066 38.159 10.661 8.264 2.589 10.847 
180423071752 0.812 15.058 38.168 10.656 8.263 2.133 10.854 
180423073252 0.792 15.054 38.153 10.649 8.263 2.596 10.857 
180423074752 0.838 15.054 38.156 10.642 8.263 2.239 10.830 
180423080252 0.842 15.052 38.156 10.633 8.262 0.698 10.847 
180423081752 0.788 15.097 38.174 10.607 8.263 1.017 10.854 
180423083252 0.825 15.127 38.160 10.597 8.264 1.579 10.857 
180423084752 0.817 15.137 38.165 10.593 8.264 1.404 10.820 
180423090252 0.805 15.162 38.159 10.585 8.264 1.966 10.843 
180423091752 0.824 15.167 38.165 10.582 8.265 2.232 10.852 
180423093252 0.817 15.209 38.160 10.572 8.265 1.921 10.856 
180423094752 0.808 15.220 38.163 10.563 8.265 1.959 10.831 
180423100252 0.820 15.205 38.167 10.567 8.265 1.792 10.848 
180423101752 0.812 15.204 38.169 10.569 8.264 1.366 10.855 
180423103252 0.827 15.188 38.155 10.578 8.265 0.873 10.858 
180423104752 0.814 15.180 38.149 10.584 8.265 1.124 10.831 
