SAMBAT Sea Ti  C/T/D/Odo/Fluo/pH GPS : 50195 
V:0,Pression (0/50),dba
V:1,Température (-5/35),°C
V:2,Salinité (2/42),g/l
V:3,Oxygène (0/20),mgl
V:4,PH (0/14),pH
V:5,Fluorescence (0/500),ppb
V:6,Tension batterie,V
260623134009 0.783 25.709 38.437 8.514 8.270 0.638 10.762 
260623135508 0.842 25.733 38.438 8.511 8.270 1.177 10.934 
260623141008 0.799 25.774 38.458 8.492 8.270 1.010 10.949 
260623142508 0.783 25.824 38.453 8.480 8.270 1.078 10.951 
260623144008 0.743 25.893 38.456 8.461 8.270 0.979 10.890 
260623145508 0.798 25.931 38.464 8.448 8.270 0.896 10.948 
260623151008 0.830 26.020 38.453 8.427 8.270 0.827 10.952 
260623152508 0.822 26.029 38.455 8.420 8.270 0.972 10.953 
260623154008 0.830 26.108 38.458 8.392 8.269 1.078 10.880 
260623155508 0.777 26.120 38.461 8.386 8.268 1.063 10.948 
260623161008 0.786 26.170 38.468 8.375 8.269 1.040 10.953 
260623162508 0.821 26.227 38.462 8.360 8.270 1.404 10.954 
260623164008 0.782 26.266 38.476 8.346 8.270 1.146 10.892 
260623165508 0.807 26.320 38.473 8.330 8.269 1.465 10.950 
260623171008 0.788 26.341 38.473 8.322 8.269 1.260 10.954 
260623172508 0.774 26.294 38.466 8.330 8.270 1.518 10.955 
260623174008 0.807 26.235 38.440 8.344 8.271 1.321 10.892 
260623175508 0.780 26.165 38.429 8.361 8.271 1.291 10.951 
260623181008 0.806 26.022 38.455 8.391 8.268 1.685 10.955 
260623182508 0.761 25.969 38.442 8.393 8.269 1.617 10.955 
260623184008 0.788 26.009 38.447 8.390 8.270 1.678 10.891 
260623185508 0.769 25.898 38.452 8.413 8.269 1.625 10.950 
260623191008 0.763 25.855 38.447 8.421 8.269 1.640 10.954 
260623192508 0.759 25.779 38.454 8.430 8.267 1.807 10.954 
260623194008 0.748 25.733 38.458 8.439 8.268 2.232 10.801 
260623195508 0.807 25.742 38.452 8.438 8.267 2.148 10.946 
260623201008 0.793 25.736 38.451 8.439 8.268 1.860 10.952 
260623202508 0.800 25.694 38.453 8.449 8.267 1.867 10.953 
260623204008 0.791 25.698 38.444 8.449 8.269 1.997 10.890 
260623205508 0.781 25.644 38.439 8.466 8.268 2.262 10.948 
260623211008 0.794 25.645 38.437 8.470 8.269 1.716 10.952 
260623212508 0.808 25.597 38.442 8.480 8.269 1.997 10.953 
260623214008 0.799 25.573 38.446 8.485 8.269 2.201 10.889 
260623215508 0.801 25.507 38.448 8.502 8.271 2.065 10.947 
260623221008 0.798 25.540 38.450 8.501 8.272 1.685 10.952 
260623222508 0.784 25.552 38.448 8.502 8.273 1.974 10.952 
260623224008 0.785 25.548 38.451 8.516 8.271 2.110 10.886 
260623225508 0.801 25.530 38.461 8.520 8.267 1.807 10.947 
260623231008 0.801 25.578 38.466 8.508 8.270 1.807 10.951 
260623232508 0.804 25.603 38.466 8.505 8.272 1.875 10.952 
260623234008 0.793 25.611 38.458 8.502 8.271 2.012 10.799 
260623235508 0.795 25.638 38.464 8.496 8.270 1.685 10.944 
270623001008 0.774 25.656 38.477 8.494 8.269 1.655 10.951 
270623002508 0.792 25.642 38.476 8.493 8.268 1.723 10.952 
270623004008 0.784 25.645 38.479 8.491 8.267 1.685 10.888 
270623005508 0.798 25.639 38.475 8.490 8.265 1.883 10.947 
270623011008 0.797 25.591 38.482 8.498 8.264 1.670 10.951 
270623012508 0.801 25.605 38.474 8.493 8.263 1.662 10.952 
270623014008 0.802 25.575 38.481 8.492 8.262 1.458 10.888 
270623015508 0.766 25.578 38.472 8.487 8.262 1.746 10.947 
270623021008 0.803 25.573 38.481 8.487 8.261 1.579 10.951 
270623022508 0.795 25.525 38.487 8.490 8.260 1.495 10.952 
270623024008 0.789 25.507 38.482 8.487 8.260 1.382 10.886 
270623025508 0.773 25.486 38.485 8.484 8.260 1.374 10.946 
270623031008 0.794 25.468 38.469 8.486 8.260 1.746 10.951 
270623032508 0.803 25.440 38.482 8.484 8.260 1.207 10.951 
270623034008 0.804 25.405 38.484 8.482 8.261 1.526 10.797 
270623035508 0.805 25.379 38.485 8.482 8.261 1.177 10.943 
270623041008 0.775 25.355 38.486 8.479 8.262 1.738 10.949 
270623042508 0.798 25.335 38.487 8.477 8.262 1.518 10.951 
270623044008 0.780 25.349 38.483 8.465 8.262 1.511 10.888 
270623045508 0.777 25.337 38.480 8.458 8.262 1.412 10.945 
270623051008 0.809 25.332 38.494 8.452 8.262 1.511 10.950 
270623052508 0.786 25.332 38.491 8.446 8.262 1.754 10.951 
270623054008 0.759 25.330 38.480 8.440 8.262 1.905 10.887 
270623055508 0.823 25.338 38.485 8.431 8.263 1.814 10.945 
270623061008 0.802 25.364 38.479 8.420 8.264 1.761 10.949 
270623062508 0.776 25.382 38.485 8.410 8.265 1.321 10.951 
270623064008 0.794 25.394 38.470 8.406 8.265 1.549 10.885 
270623065508 0.789 25.399 38.484 8.402 8.265 1.526 10.945 
270623071008 0.806 25.410 38.492 8.396 8.265 1.503 10.950 
270623072508 0.807 25.408 38.491 8.395 8.265 1.412 10.951 
270623074008 0.764 25.419 38.489 8.394 8.266 1.260 10.784 
270623075508 0.815 25.432 38.498 8.391 8.265 0.896 10.942 
270623081008 0.770 25.446 38.495 8.389 8.265 0.896 10.949 
270623082508 0.797 25.447 38.500 8.390 8.265 0.782 10.950 
270623084008 0.751 25.453 38.493 8.391 8.265 0.774 10.886 
270623085508 0.741 25.468 38.492 8.389 8.265 0.896 10.945 
270623091008 0.782 25.489 38.497 8.385 8.265 0.706 10.950 
270623092508 0.762 25.623 38.494 8.361 8.265 0.782 10.951 
270623094008 0.763 25.609 38.504 8.365 8.265 0.987 10.786 
270623095508 0.744 25.674 38.508 8.352 8.264 0.964 10.943 
270623101008 0.752 25.724 38.550 8.334 8.262 0.736 10.950 
270623102508 0.793 25.757 38.498 8.351 8.262 1.108 10.951 
270623104008 0.757 25.826 38.503 8.330 8.262 0.934 10.888 
270623105508 0.770 25.788 38.512 8.338 8.262 0.964 10.947 
270623111008 0.831 25.809 38.502 8.337 8.262 0.987 10.951 
270623112508 0.627 25.802 38.505 8.339 8.262 0.714 10.952 
270623114008 0.767 25.792 38.508 8.343 8.262 0.964 10.887 
270623115508 0.786 25.791 38.507 8.345 8.262 0.797 10.947 
270623121008 0.770 25.824 38.507 8.341 8.262 0.934 10.951 
270623122508 0.806 25.836 38.507 8.339 8.261 1.025 10.952 
270623124008 0.751 25.862 38.503 8.334 8.261 1.063 10.884 
270623125508 0.735 25.846 38.510 8.338 8.261 0.850 10.947 
270623131008 0.764 25.859 38.493 8.336 8.261 1.108 10.951 
270623132508 0.783 25.881 38.500 8.331 8.261 0.941 10.952 
270623134008 0.820 25.862 38.507 8.333 8.260 1.253 10.888 
