SAMBAT Sea Ti  C/T/D/Odo/Fluo/pH GPS : 50195 
V:0,Pression (0/50),m
V:1,Température (-5/35),°C
V:2,Salinité (2/42),g/l
V:3,Oxygène (0/20),mgl
V:4,PH (0/14),pH
V:5,Fluorescence (0/50),µgl
V:6,Tension batterie,V
071022152407 0.943 22.450 38.448 8.087 8.310 0.088 10.777 
071022153906 0.951 22.414 38.392 8.091 8.310 0.096 10.875 
071022155406 0.939 22.475 38.426 8.081 8.311 0.126 10.846 
071022160906 0.903 22.517 38.425 8.077 8.310 0.103 10.892 
071022162406 0.922 22.541 38.424 8.069 8.308 0.111 10.905 
071022163906 0.948 22.534 38.418 8.069 8.305 0.204 10.909 
071022165406 0.929 22.513 38.399 8.065 8.310 0.148 10.853 
071022170906 0.924 22.494 38.393 8.060 8.313 0.168 10.896 
071022172406 0.916 22.508 38.517 8.043 8.312 0.200 10.907 
071022173906 0.940 22.604 38.548 8.010 8.308 0.185 10.911 
071022175406 0.918 22.613 38.452 7.997 8.308 0.226 10.855 
071022180906 0.914 22.641 38.451 7.983 8.307 0.187 10.897 
071022182406 0.940 22.663 38.450 7.960 8.308 0.259 10.908 
071022183906 0.961 22.636 38.449 7.954 8.308 0.249 10.912 
071022185406 0.951 22.607 38.453 7.951 8.311 0.235 10.857 
071022190906 0.946 22.565 38.449 7.949 8.308 0.280 10.898 
071022192406 0.925 22.546 38.448 7.953 8.314 0.296 10.908 
071022193906 0.924 22.552 38.446 7.943 8.313 0.201 10.912 
071022195406 0.934 22.519 38.442 7.950 8.313 0.230 10.854 
071022200906 0.955 22.462 38.444 7.958 8.317 0.200 10.897 
071022202406 0.950 22.433 38.446 7.955 8.316 0.283 10.908 
071022203906 0.925 22.405 38.454 7.954 8.317 0.228 10.911 
071022205406 0.935 22.362 38.450 7.967 8.319 0.225 10.854 
071022210906 0.931 22.310 38.447 7.968 8.318 0.243 10.896 
071022212406 0.958 22.255 38.448 7.970 8.320 0.226 10.907 
071022213906 0.959 22.202 38.444 7.971 8.320 0.377 10.911 
071022215406 0.931 22.172 38.443 7.958 8.320 0.207 10.852 
071022220906 0.938 22.158 38.441 7.951 8.320 0.465 10.895 
071022222406 0.942 22.158 38.442 7.939 8.320 0.214 10.906 
071022223906 0.955 22.137 38.442 7.934 8.321 0.210 10.910 
071022225406 0.932 22.145 38.444 7.928 8.321 0.239 10.837 
071022230906 0.935 22.140 38.442 7.926 8.322 0.229 10.891 
071022232406 0.940 22.125 38.445 7.920 8.322 0.256 10.904 
071022233906 0.938 22.131 38.444 7.916 8.322 0.215 10.909 
071022235406 0.959 22.123 38.445 7.914 8.321 0.199 10.838 
081022000906 0.937 22.121 38.449 7.914 8.322 0.328 10.891 
081022002406 0.947 22.108 38.435 7.914 8.322 0.189 10.904 
081022003906 0.939 22.111 38.437 7.920 8.324 0.172 10.909 
081022005406 0.943 22.113 38.438 7.926 8.324 0.217 10.852 
081022010906 0.956 22.107 38.443 7.930 8.324 0.225 10.894 
081022012406 0.947 22.083 38.448 7.933 8.324 0.178 10.905 
081022013906 0.929 22.098 38.439 7.933 8.324 0.201 10.909 
081022015406 0.955 22.093 38.446 7.934 8.322 0.222 10.818 
081022020906 0.928 22.095 38.448 7.935 8.324 0.214 10.886 
081022022406 0.929 22.089 38.449 7.930 8.324 0.227 10.902 
081022023906 0.939 22.083 38.447 7.923 8.324 0.239 10.907 
081022025406 0.920 22.074 38.445 7.928 8.324 0.240 10.853 
081022030906 0.937 22.078 38.449 7.927 8.326 0.153 10.894 
081022032406 0.928 22.089 38.453 7.924 8.326 0.208 10.905 
081022033906 0.931 22.102 38.452 7.922 8.325 0.208 10.909 
081022035406 0.948 22.101 38.455 7.922 8.324 0.197 10.852 
081022040906 0.924 22.098 38.458 7.923 8.326 0.192 10.894 
081022042406 0.953 22.095 38.456 7.924 8.327 0.214 10.905 
081022043906 0.917 22.092 38.460 7.925 8.325 0.263 10.909 
081022045406 0.913 22.071 38.457 7.928 8.325 0.159 10.838 
081022050906 0.919 22.080 38.458 7.926 8.322 0.177 10.890 
081022052406 0.938 22.076 38.458 7.922 8.324 0.181 10.903 
081022053906 0.895 22.062 38.455 7.926 8.327 0.298 10.908 
081022055406 0.899 22.056 38.451 7.932 8.325 0.203 10.851 
081022060906 0.913 22.054 38.451 7.941 8.327 0.182 10.893 
081022062406 0.942 22.026 38.448 7.953 8.327 0.186 10.905 
081022063906 0.951 22.012 38.452 7.960 8.326 0.226 10.908 
081022065406 0.922 22.026 38.452 7.957 8.323 0.192 10.852 
081022070906 0.920 22.016 38.453 7.952 8.320 0.504 10.893 
081022072406 0.921 22.008 38.453 7.950 8.325 0.270 10.904 
081022073906 0.912 22.004 38.454 7.951 8.324 0.286 10.908 
081022075406 0.916 21.988 38.456 7.952 8.325 0.339 10.852 
081022080906 0.909 21.980 38.457 7.942 8.324 0.437 10.893 
081022082406 0.921 21.978 38.426 7.931 8.325 0.644 10.904 
081022083906 0.929 21.956 38.425 7.924 8.321 0.728 10.908 
081022085406 0.939 21.963 38.430 7.905 8.324 0.239 10.851 
081022090906 0.905 21.958 38.426 7.895 8.323 0.167 10.893 
081022092406 0.937 21.960 38.417 7.904 8.325 0.166 10.904 
081022093906 0.921 21.960 38.419 7.920 8.320 0.388 10.908 
081022095406 0.913 21.966 38.426 7.934 8.325 0.101 10.849 
081022100906 0.917 21.973 38.426 7.943 8.322 0.103 10.892 
081022102406 0.945 21.980 38.424 7.958 8.324 0.127 10.904 
081022103906 0.940 21.997 38.425 7.976 8.321 0.086 10.908 
081022105406 0.929 21.999 38.426 7.985 8.322 0.104 10.850 
081022110906 0.921 22.016 38.431 7.999 8.322 0.148 10.893 
081022112406 0.920 22.031 38.431 8.017 8.320 0.060 10.904 
081022113906 0.928 22.059 38.426 8.025 8.320 0.098 10.908 
081022115406 0.917 22.088 38.424 8.027 8.320 0.096 10.817 
081022120906 0.910 22.104 38.432 8.032 8.318 0.091 10.886 
081022122406 0.933 22.112 38.426 8.041 8.319 0.039 10.901 
081022123906 0.911 22.125 38.425 8.058 8.321 0.060 10.907 
081022125406 0.897 22.116 38.424 8.078 8.321 0.081 10.849 
081022130906 0.971 22.122 38.428 8.094 8.320 0.089 10.893 
081022132406 0.934 22.128 38.427 8.114 8.320 0.067 10.905 
081022133906 0.881 22.130 38.430 8.128 8.319 0.081 10.909 
081022135406 0.929 22.134 38.431 8.141 8.318 0.082 10.843 
081022140906 0.924 22.136 38.427 8.158 8.318 0.099 10.892 
081022142406 0.893 22.140 38.430 8.163 8.318 0.083 10.904 
081022143906 0.919 22.181 38.422 8.162 8.318 0.080 10.909 
081022145406 0.921 22.187 38.428 8.171 8.317 0.071 10.819 
081022150906 0.936 22.191 38.423 8.169 8.317 0.123 10.887 
081022152406 0.920 22.218 38.431 8.167 8.317 0.102 10.903 
