SAMBAT Sea Ti  C/T/D/Odo/Fluo/pH GPS : 50195 
V:0,Pression (0/50),m
V:1,Température (-5/35),°C
V:2,Salinité (2/42),g/l
V:3,Oxygène (0/20),mgl
V:4,PH (0/14),pH
V:5,Fluorescence (0/50),µgl
V:6,Tension batterie,V
131222180707 0.836 16.912 35.700 8.890 8.343 0.461 10.729 
131222182206 0.842 16.911 35.693 8.886 8.344 0.497 10.820 
131222183706 0.774 16.898 35.682 8.888 8.344 0.415 10.846 
131222185206 0.844 16.907 35.695 8.889 8.344 0.504 10.857 
131222190706 0.809 16.900 35.671 8.887 8.343 0.468 10.836 
131222192206 0.847 16.903 35.683 8.884 8.343 0.464 10.854 
131222193706 0.847 16.892 35.693 8.882 8.344 0.387 10.861 
131222195206 0.761 16.890 35.688 8.887 8.343 0.391 10.865 
131222200706 0.817 16.893 35.679 8.887 8.344 0.377 10.838 
131222202206 0.815 16.900 35.666 8.884 8.344 0.386 10.855 
131222203706 0.777 16.898 35.700 8.886 8.344 0.401 10.862 
131222205206 0.814 16.898 35.678 8.888 8.344 0.464 10.866 
131222210706 0.872 16.898 35.676 8.886 8.344 0.359 10.829 
131222212206 0.908 16.903 35.673 8.887 8.344 0.490 10.852 
131222213706 0.804 16.881 36.157 8.888 8.343 0.405 10.861 
131222215206 0.867 16.890 35.696 8.892 8.344 0.624 10.865 
131222220706 0.894 16.891 35.686 8.893 8.343 0.380 10.839 
131222222206 0.878 16.890 35.683 8.889 8.344 0.510 10.856 
131222223706 0.813 16.899 35.683 8.889 8.344 0.427 10.863 
131222225206 0.776 16.892 35.680 8.889 8.344 0.411 10.866 
131222230706 0.882 16.886 35.690 8.885 8.344 0.475 10.839 
131222232206 0.832 16.897 31.193 8.881 8.344 0.389 10.856 
131222233706 0.842 16.893 35.704 8.882 8.344 0.398 10.863 
131222235206 0.828 16.886 35.710 8.878 8.344 0.440 10.866 
141222000706 0.842 16.891 35.695 8.879 8.344 0.383 10.829 
141222002206 0.813 16.895 35.696 8.878 8.344 0.478 10.852 
141222003706 0.811 16.878 35.701 8.873 8.344 0.383 10.861 
141222005206 0.840 16.891 35.855 8.876 8.344 0.427 10.865 
141222010706 0.787 16.893 35.715 8.877 8.344 0.408 10.839 
141222012206 0.871 16.889 35.694 8.874 8.344 0.376 10.856 
141222013706 0.864 16.883 35.680 8.876 8.344 0.520 10.863 
141222015206 0.849 16.871 35.699 8.876 8.344 0.486 10.866 
141222020706 0.819 16.880 35.684 8.874 8.344 0.410 10.838 
141222022206 0.821 16.875 35.711 8.874 8.344 0.487 10.856 
141222023706 0.753 16.859 35.700 8.870 8.344 0.424 10.863 
141222025206 0.818 16.870 35.705 8.863 8.345 0.415 10.866 
141222030706 0.833 16.879 35.706 8.863 8.344 0.511 10.830 
141222032206 0.801 16.875 35.693 8.858 8.344 0.375 10.852 
141222033706 0.848 16.867 35.694 8.853 8.344 0.408 10.861 
141222035206 0.751 16.877 35.695 8.851 8.345 0.493 10.865 
141222040706 0.853 16.873 35.679 8.849 8.345 0.408 10.839 
141222042206 0.754 16.868 31.160 8.850 8.344 0.439 10.856 
141222043706 0.799 16.864 36.002 8.845 8.345 0.478 10.863 
141222045206 0.783 16.857 35.687 8.841 8.345 0.361 10.866 
141222050706 0.794 16.857 35.686 8.837 8.345 0.384 10.839 
141222052206 0.765 16.883 35.679 8.838 8.345 0.442 10.856 
141222053706 0.819 16.828 35.631 8.835 8.346 0.405 10.863 
141222055206 0.802 16.863 35.667 8.833 8.345 0.315 10.866 
141222060706 0.767 16.873 35.657 8.831 8.346 0.408 10.839 
141222062206 0.786 16.867 35.669 8.831 8.345 0.452 10.856 
141222063706 0.794 16.893 35.670 8.826 8.344 0.412 10.863 
141222065206 0.739 16.841 35.625 8.821 8.346 0.356 10.866 
141222070706 0.785 16.830 35.623 8.824 8.346 0.472 10.829 
141222072206 0.753 16.859 35.657 8.830 8.346 0.430 10.852 
141222073706 0.755 16.865 35.652 8.833 8.345 0.361 10.861 
141222075206 0.723 16.873 35.645 8.834 8.344 0.349 10.865 
141222080706 0.795 16.907 35.654 8.840 8.344 0.370 10.839 
141222082206 0.765 16.889 35.639 8.837 8.344 0.427 10.856 
141222083706 0.777 16.881 35.614 8.835 8.345 0.503 10.863 
141222085206 0.700 16.852 35.621 8.834 8.345 0.433 10.866 
141222090706 0.791 16.857 35.631 8.833 8.346 0.371 10.839 
141222092206 0.740 16.855 35.644 8.840 8.346 0.412 10.856 
141222093706 0.662 16.871 35.599 8.838 8.346 0.408 10.863 
141222095206 0.758 16.854 35.623 8.833 8.347 0.316 10.866 
141222100706 0.759 16.831 35.603 8.828 8.346 0.390 10.829 
141222102206 0.775 16.820 36.074 8.823 8.347 0.309 10.852 
141222103706 0.792 16.853 35.616 8.816 8.347 0.445 10.861 
141222105206 0.786 16.869 35.649 8.814 8.347 0.468 10.865 
141222110706 0.776 16.866 35.616 8.819 8.347 0.382 10.839 
141222112206 0.747 16.874 35.614 8.819 8.347 0.379 10.855 
141222113706 0.772 16.841 35.607 8.828 8.347 0.372 10.863 
141222115206 0.758 16.851 35.625 8.824 8.346 0.379 10.866 
141222120706 0.730 16.850 35.557 8.820 8.346 0.232 10.839 
141222122206 0.713 16.877 35.632 8.818 8.346 0.221 10.856 
141222123706 0.748 16.905 35.632 8.824 8.346 0.296 10.863 
141222125206 0.768 16.913 35.620 8.832 8.345 0.274 10.866 
141222130706 0.783 16.899 35.616 8.840 8.345 0.351 10.829 
141222132206 0.777 16.905 35.610 8.843 8.346 0.295 10.852 
141222133706 0.794 16.908 35.613 8.844 8.345 0.290 10.861 
141222135206 0.752 16.874 35.591 8.845 8.345 0.225 10.865 
141222140706 0.782 16.856 35.590 8.847 8.345 0.364 10.839 
141222142206 0.761 16.864 35.597 8.848 8.345 0.218 10.856 
141222143706 0.742 16.880 35.599 8.856 8.345 0.242 10.863 
141222145206 0.763 16.884 35.616 8.866 8.344 0.222 10.866 
141222150706 0.754 16.890 35.630 8.870 8.344 0.272 10.840 
141222152206 0.826 16.882 35.619 8.873 8.344 0.317 10.856 
141222153706 0.791 16.896 35.619 8.875 8.344 0.304 10.863 
141222155206 0.706 16.911 35.589 8.882 8.344 0.346 10.866 
141222160706 0.836 16.913 35.638 8.889 8.344 0.437 10.829 
141222162206 0.817 16.892 35.621 8.897 8.344 0.482 10.852 
141222163706 0.727 16.882 35.611 8.895 8.344 0.436 10.861 
141222165206 0.806 16.871 35.629 8.905 8.344 0.478 10.865 
141222170706 0.827 16.867 35.624 8.912 8.344 0.474 10.839 
141222172206 0.764 16.867 35.625 8.913 8.344 0.509 10.856 
141222173706 0.782 16.864 35.634 8.914 8.344 0.491 10.863 
141222175206 0.808 16.863 35.626 8.912 8.344 0.692 10.866 
141222180706 0.873 16.865 35.631 8.909 8.343 0.516 10.839 
