SAMBAT Sea Ti  C/T/D/Odo/Fluo/pH GPS : 50195 
V:0,Pression (0/50),m
V:1,Température (-5/35),°C
V:2,Salinité (2/42),g/l
V:3,Oxygène (0/20),mgl
V:4,PH (0/14),pH
V:5,Fluorescence (0/50),µgl
V:6,Tension batterie,V
201022155527 0.895 21.959 38.414 8.223 8.323 0.124 10.688 
201022161026 0.930 21.974 38.407 8.223 8.324 0.187 10.866 
201022162526 0.926 21.895 38.421 8.234 8.324 0.149 10.892 
201022164026 0.917 21.866 38.422 8.241 8.325 0.208 10.902 
201022165526 0.935 21.831 38.430 8.240 8.325 0.234 10.846 
201022171026 0.904 21.836 38.418 8.237 8.323 0.221 10.892 
201022172526 0.938 21.794 38.412 8.228 8.321 0.286 10.903 
201022174026 0.931 21.791 38.407 8.218 8.324 0.284 10.907 
201022175526 0.930 21.761 38.410 8.220 8.323 0.270 10.845 
201022181026 0.908 21.754 38.404 8.214 8.325 0.308 10.892 
201022182526 0.925 21.754 38.401 8.203 8.320 0.281 10.903 
201022184026 0.923 21.744 38.394 8.187 8.323 0.208 10.907 
201022185526 0.924 21.690 38.398 8.185 8.318 0.291 10.749 
201022191026 0.941 21.685 38.407 8.176 8.324 0.258 10.882 
201022192526 0.919 21.692 38.406 8.160 8.319 0.252 10.899 
201022194026 0.909 21.705 38.401 8.147 8.322 0.320 10.905 
201022195526 0.935 21.702 38.403 8.151 8.321 0.226 10.845 
201022201026 0.924 21.670 38.398 8.154 8.324 0.411 10.891 
201022202526 0.925 21.624 38.438 8.166 8.327 0.246 10.903 
201022204026 0.933 21.593 38.399 8.174 8.329 0.251 10.907 
201022205526 0.942 21.595 38.398 8.174 8.328 0.239 10.846 
201022211026 0.928 21.582 38.394 8.182 8.329 0.316 10.891 
201022212526 0.932 21.592 38.399 8.182 8.321 0.232 10.902 
201022214026 0.924 21.597 38.386 8.176 8.326 0.238 10.907 
201022215526 0.926 21.564 38.358 8.179 8.323 0.305 10.748 
201022221026 0.928 21.611 38.350 8.164 8.327 0.260 10.881 
201022222526 0.930 21.583 38.357 8.162 8.331 0.253 10.898 
201022224026 0.930 21.592 38.358 8.156 8.329 0.269 10.905 
201022225526 0.928 21.576 38.377 8.153 8.325 0.343 10.845 
201022231026 0.909 21.548 38.387 8.155 8.315 0.224 10.890 
201022232526 0.912 21.548 38.391 8.146 8.331 0.261 10.902 
201022234026 0.927 21.550 38.394 8.147 8.322 27.453 10.905 
201022235526 0.919 21.542 38.386 8.147 8.315 0.231 10.845 
211022001026 0.921 21.535 38.387 8.151 8.318 0.250 10.890 
211022002526 0.937 21.538 38.393 8.153 8.333 0.314 10.901 
211022004026 0.934 21.530 38.382 8.157 8.333 0.250 10.906 
211022005526 0.916 21.538 38.424 8.153 8.324 0.193 10.747 
211022011026 0.928 21.538 38.426 8.151 8.326 0.228 10.880 
211022012526 0.926 21.536 38.436 8.145 8.327 0.242 10.898 
211022014026 0.947 21.545 38.432 8.142 8.332 0.406 10.904 
211022015526 0.925 21.550 38.428 8.140 8.321 0.286 10.842 
211022021026 0.936 21.546 38.427 8.136 8.325 0.265 10.890 
211022022526 0.923 21.548 38.418 8.130 8.328 0.229 10.901 
211022024026 0.930 21.555 38.421 8.135 8.332 0.209 10.905 
211022025526 0.932 21.550 38.425 8.140 8.334 0.245 10.841 
211022031026 0.923 21.545 38.416 8.144 8.325 0.272 10.890 
211022032526 0.929 21.551 38.414 8.143 8.330 0.235 10.901 
211022034026 0.935 21.541 38.417 8.140 8.334 0.737 10.906 
211022035526 0.922 21.540 38.420 8.139 8.330 0.209 10.747 
211022041026 0.931 21.545 38.419 8.131 8.323 0.252 10.881 
211022042526 0.912 21.532 38.415 8.137 8.329 0.226 10.898 
211022044026 0.917 21.538 38.447 8.133 8.327 0.214 10.904 
211022045526 0.933 21.546 38.411 8.137 8.326 0.195 10.844 
211022051026 0.927 21.541 38.409 8.127 8.331 0.248 10.890 
211022052526 0.913 21.548 38.373 8.110 8.327 0.736 10.901 
211022054026 0.917 21.548 38.378 8.097 8.318 0.178 10.906 
211022055526 0.925 21.553 38.386 8.089 8.328 0.198 10.844 
211022061026 0.925 21.541 38.385 8.099 8.312 0.255 10.890 
211022062526 0.926 21.555 38.379 8.094 8.315 0.206 10.901 
211022064026 0.923 21.550 38.376 8.104 8.322 0.277 10.906 
211022065526 0.929 21.551 38.381 8.100 8.323 0.471 10.741 
211022071026 0.946 21.545 38.380 8.067 8.313 2.386 10.878 
211022072526 0.934 21.548 38.413 8.040 8.327 1.996 10.897 
211022074026 0.925 21.546 38.416 7.997 8.325 1.665 10.903 
211022075526 0.932 21.550 38.415 7.983 8.326 2.761 10.796 
211022081026 0.920 21.550 38.417 7.972 8.332 2.176 10.872 
211022082526 0.925 21.534 38.416 7.978 8.336 2.005 10.892 
211022084026 0.917 21.547 38.415 7.978 8.337 2.783 10.900 
211022085526 0.911 21.546 38.419 7.991 8.337 2.552 10.846 
211022091026 0.918 21.540 38.418 7.996 8.338 1.966 10.890 
211022092526 0.898 21.541 38.405 8.009 8.335 2.061 10.901 
211022094026 0.915 21.546 38.406 8.048 8.337 1.721 10.905 
211022095526 0.934 21.548 38.401 8.082 8.337 0.369 10.850 
211022101026 0.910 21.548 38.406 8.144 8.338 0.574 10.891 
211022102526 0.924 21.551 38.411 8.178 8.338 0.633 10.902 
211022104026 0.905 21.548 38.406 8.215 8.338 1.404 10.906 
211022105526 0.927 21.551 38.405 8.207 8.330 1.200 10.736 
211022111026 0.921 21.546 38.422 8.203 8.334 1.573 10.880 
211022112526 0.933 21.552 38.405 8.187 8.327 2.218 10.897 
211022114026 0.915 21.551 38.377 8.192 8.334 2.373 10.904 
211022115526 0.908 21.547 38.405 8.202 8.337 1.648 10.844 
211022121026 0.911 21.555 38.398 8.207 8.337 2.333 10.890 
211022122526 0.916 21.555 38.399 8.214 8.338 1.806 10.901 
211022124026 0.905 21.558 38.404 8.216 8.337 0.571 10.906 
211022125526 0.922 21.571 38.402 8.211 8.330 1.895 10.850 
211022131026 0.915 21.571 38.403 8.205 8.330 2.169 10.891 
211022132526 0.915 21.592 38.406 8.201 8.331 1.490 10.902 
211022134026 0.897 21.608 38.411 8.186 8.332 1.155 10.906 
211022135526 0.913 21.623 38.407 8.197 8.334 0.089 10.752 
211022141026 0.906 21.610 38.407 8.197 8.330 0.236 10.881 
211022142526 0.915 21.665 38.410 8.167 8.329 0.368 10.899 
211022144026 0.908 21.662 38.405 8.158 8.327 0.226 10.905 
211022145526 0.902 21.642 38.402 8.142 8.326 1.053 10.848 
211022151026 0.898 21.661 38.401 8.093 8.325 0.327 10.892 
211022152526 0.904 21.651 38.408 8.062 8.327 2.470 10.902 
211022154026 0.908 21.705 38.416 8.049 8.325 1.533 10.906 
211022155526 0.910 21.715 38.408 8.069 8.332 0.214 10.836 
