SAMBAT Sea Ti  C/T/D/Odo/Fluo/pH GPS : 50195 
V:0,Pression (0/50),dba
V:1,Température (-5/35),°C
V:2,Salinité (2/42),g/l
V:3,Oxygène (0/20),mgl
V:4,PH (0/14),pH
V:5,Fluorescence (0/500),ppb
V:6,Tension batterie,V
090423102819 0.895 14.757 38.166 10.719 8.255 1.192 10.725 
090423104318 0.892 14.741 38.178 10.730 8.254 0.835 10.790 
090423105818 0.904 14.741 38.174 10.738 8.254 0.433 10.826 
090423111318 0.908 14.802 38.161 10.722 8.255 0.797 10.842 
090423112818 0.872 14.920 38.168 10.677 8.255 0.554 10.849 
090423114318 0.902 14.930 38.162 10.695 8.254 0.668 10.807 
090423115818 0.886 14.956 38.159 10.695 8.254 0.585 10.836 
090423121318 0.870 14.996 38.157 10.683 8.254 0.714 10.848 
090423122818 0.863 15.031 38.162 10.682 8.254 0.531 10.854 
090423124318 0.874 15.077 38.168 10.678 8.253 0.501 10.818 
090423125818 0.864 15.073 38.168 10.692 8.253 0.805 10.843 
090423131318 0.891 15.153 38.170 10.679 8.253 0.759 10.853 
090423132818 0.883 15.111 38.161 10.692 8.253 0.342 10.857 
090423134318 0.880 15.144 38.161 10.698 8.253 0.964 10.813 
090423135818 0.846 15.178 38.181 10.691 8.253 0.896 10.841 
090423141318 0.897 15.188 38.167 10.706 8.252 1.139 10.852 
090423142818 0.887 15.249 38.180 10.689 8.252 0.698 10.857 
090423144318 0.869 15.191 38.173 10.722 8.253 0.835 10.820 
090423145818 0.874 15.264 38.189 10.712 8.252 1.032 10.842 
090423151318 0.891 15.317 38.184 10.697 8.252 0.736 10.853 
090423152818 0.828 15.332 38.185 10.696 8.252 0.721 10.858 
090423154318 0.909 15.354 38.187 10.696 8.251 1.169 10.813 
090423155818 0.874 15.347 38.183 10.701 8.252 0.903 10.842 
090423161318 0.887 15.471 38.185 10.667 8.253 0.585 10.853 
090423162818 0.904 15.591 38.191 10.634 8.251 1.199 10.858 
090423164318 0.845 15.489 38.177 10.673 8.254 1.981 10.825 
090423165818 0.852 15.452 38.188 10.680 8.254 1.556 10.848 
090423171318 0.839 15.461 38.189 10.686 8.254 1.435 10.856 
090423172818 0.877 15.411 38.181 10.708 8.254 2.232 10.860 
090423174318 0.874 15.302 38.188 10.743 8.253 2.649 10.821 
090423175818 0.889 15.235 38.183 10.766 8.253 3.090 10.847 
090423181318 0.915 15.211 38.191 10.773 8.255 3.135 10.856 
090423182818 0.874 15.137 38.186 10.802 8.255 3.082 10.859 
090423184318 0.865 15.149 38.186 10.804 8.257 3.598 10.813 
090423185818 0.884 15.104 38.191 10.815 8.259 3.059 10.842 
090423191318 0.868 15.102 38.181 10.820 8.259 3.204 10.852 
090423192818 0.898 15.048 38.186 10.843 8.260 3.173 10.857 
090423194318 0.886 15.028 38.185 10.852 8.259 3.295 10.823 
090423195818 0.885 14.997 38.180 10.860 8.257 3.667 10.845 
090423201318 0.894 14.978 38.189 10.868 8.258 4.016 10.853 
090423202818 0.907 14.955 38.186 10.875 8.258 3.811 10.857 
090423204318 0.904 14.935 38.187 10.879 8.258 3.279 10.823 
090423205818 0.898 14.909 38.186 10.886 8.259 3.674 10.845 
090423211318 0.896 14.902 38.185 10.887 8.259 3.522 10.853 
090423212818 0.900 14.853 38.186 10.905 8.258 4.130 10.856 
090423214318 0.886 14.840 38.188 10.903 8.258 3.750 10.806 
090423215818 0.921 14.796 38.183 10.912 8.258 4.403 10.837 
090423221318 0.899 14.757 38.186 10.903 8.257 3.317 10.844 
090423222818 0.864 14.723 38.187 10.907 8.255 4.251 10.852 
090423224318 0.900 14.694 38.184 10.909 8.255 3.629 10.819 
090423225818 0.881 14.693 38.185 10.901 8.254 3.955 10.842 
090423231318 0.896 14.671 38.186 10.900 8.253 4.160 10.850 
090423232818 0.907 14.664 38.183 10.895 8.256 3.097 10.854 
090423234318 0.923 14.658 38.187 10.883 8.255 3.712 10.819 
090423235818 0.901 14.644 38.184 10.884 8.255 3.249 10.841 
100423001318 0.888 14.628 38.184 10.879 8.255 4.084 10.849 
100423002818 0.903 14.638 38.184 10.865 8.256 3.568 10.853 
100423004318 0.911 14.630 38.181 10.859 8.256 3.613 10.807 
100423005818 0.901 14.612 38.177 10.853 8.256 3.477 10.836 
100423011318 0.888 14.623 38.180 10.838 8.256 3.477 10.847 
100423012818 0.879 14.604 38.181 10.834 8.255 3.416 10.851 
100423014318 0.924 14.604 38.178 10.828 8.255 3.416 10.817 
100423015818 0.906 14.641 38.183 10.806 8.255 3.940 10.840 
100423021318 0.922 14.637 38.185 10.797 8.255 3.234 10.849 
100423022818 0.868 14.623 38.181 10.790 8.255 3.371 10.853 
100423024318 0.893 14.628 38.188 10.780 8.255 3.477 10.818 
100423025818 0.895 14.632 38.185 10.770 8.255 3.097 10.840 
100423031318 0.908 14.618 38.187 10.767 8.256 3.477 10.849 
100423032818 0.896 14.649 38.180 10.752 8.256 3.727 10.853 
100423034318 0.891 14.662 38.180 10.737 8.257 3.720 10.805 
100423035818 0.912 14.670 38.183 10.730 8.257 3.188 10.834 
100423041318 0.922 14.668 38.181 10.726 8.257 3.469 10.846 
100423042818 0.910 14.669 38.182 10.721 8.257 3.879 10.851 
100423044318 0.871 14.678 38.178 10.718 8.258 3.082 10.817 
100423045818 0.887 14.702 38.179 10.710 8.258 3.477 10.840 
100423051318 0.891 14.698 38.185 10.708 8.258 3.492 10.849 
100423052818 0.897 14.699 38.183 10.707 8.258 4.175 10.853 
100423054318 0.898 14.682 38.180 10.707 8.258 3.963 10.818 
100423055818 0.868 14.677 38.179 10.709 8.258 4.061 10.841 
100423061318 0.895 14.689 38.180 10.706 8.257 3.204 10.849 
100423062818 0.915 14.688 38.179 10.703 8.257 4.084 10.853 
100423064318 0.902 14.688 38.184 10.700 8.256 3.454 10.808 
100423065818 0.904 14.703 38.187 10.696 8.256 3.340 10.836 
100423071318 0.915 14.703 38.180 10.695 8.255 2.118 10.847 
100423072818 0.919 14.692 38.178 10.696 8.255 1.579 10.852 
100423074318 0.936 14.699 38.183 10.695 8.255 1.852 10.816 
100423075818 0.929 14.719 38.181 10.692 8.255 1.131 10.840 
100423081318 0.927 14.735 38.182 10.688 8.254 1.321 10.849 
100423082818 0.901 14.756 38.187 10.683 8.253 1.040 10.853 
100423084318 0.926 14.769 38.185 10.674 8.253 0.615 10.816 
100423085818 0.909 14.765 38.185 10.675 8.253 0.744 10.840 
100423091318 0.901 14.786 38.191 10.670 8.252 1.389 10.850 
100423092818 0.910 14.839 38.180 10.660 8.253 0.994 10.853 
100423094318 0.903 14.857 38.186 10.655 8.253 1.048 10.807 
100423095818 0.913 14.891 38.184 10.646 8.252 0.911 10.836 
100423101318 0.887 14.893 38.184 10.644 8.250 0.759 10.848 
100423102818 0.922 15.003 38.196 10.610 8.249 0.615 10.853 
