SAMBAT Sea Ti  C/T/D/Odo/Fluo/pH GPS : 50195 
V:0,Pression (0/50),dba
V:1,Température (-5/35),°C
V:2,Salinité (2/42),g/l
V:3,Oxygène (0/20),mgl
V:4,PH (0/14),pH
V:5,Fluorescence (0/500),ppb
V:6,Tension batterie,V
010723135212 0.790 25.037 38.799 8.338 8.265 0.926 10.831 
010723140711 0.762 25.017 38.800 8.341 8.264 0.736 10.933 
010723142211 0.590 24.982 38.801 8.346 8.264 0.493 10.947 
010723143711 0.712 24.947 38.798 8.357 8.264 0.979 10.950 
010723145211 0.786 24.872 38.799 8.372 8.263 1.116 10.941 
010723150711 0.736 24.849 38.796 8.379 8.263 0.767 10.949 
010723152211 0.791 24.859 38.798 8.377 8.264 0.509 10.950 
010723153711 0.587 24.806 38.795 8.386 8.264 0.774 10.950 
010723155211 0.733 24.813 38.802 8.387 8.264 0.994 10.936 
010723160711 0.854 24.798 38.803 8.389 8.264 0.721 10.948 
010723162211 0.844 24.826 38.798 8.385 8.265 1.245 10.949 
010723163711 0.721 24.784 38.809 8.388 8.265 0.994 10.950 
010723165211 0.743 24.777 38.725 8.391 8.264 1.184 10.940 
010723170711 0.745 24.788 38.721 8.385 8.265 1.253 10.949 
010723172211 0.694 24.867 38.812 8.368 8.265 0.972 10.950 
010723173711 0.742 24.939 38.765 8.350 8.265 1.025 10.950 
010723175211 0.687 24.969 38.824 8.342 8.265 1.943 10.941 
010723180711 0.707 24.979 38.829 8.336 8.265 2.057 10.949 
010723182211 0.611 25.008 38.828 8.330 8.265 1.943 10.950 
010723183711 0.767 25.004 38.829 8.331 8.265 1.792 10.950 
010723185211 0.683 25.021 38.837 8.326 8.266 2.027 10.941 
010723190711 0.724 25.012 38.833 8.327 8.266 1.898 10.949 
010723192211 0.741 25.027 38.849 8.323 8.266 2.209 10.950 
010723193711 0.752 25.061 38.846 8.316 8.266 2.460 10.951 
010723195211 0.640 25.073 38.846 8.315 8.270 1.830 10.937 
010723200711 0.733 25.043 38.838 8.331 8.280 1.981 10.949 
010723202211 0.756 25.042 38.835 8.340 8.277 1.708 10.950 
010723203711 0.777 25.024 38.836 8.352 8.282 2.148 10.950 
010723205211 0.768 24.980 38.826 8.366 8.281 2.171 10.941 
010723210711 0.667 24.995 38.851 8.372 8.275 2.277 10.949 
010723212211 0.726 25.001 38.856 8.377 8.273 1.784 10.950 
010723213711 0.739 24.996 38.849 8.386 8.273 1.852 10.950 
010723215211 0.804 24.977 38.861 8.394 8.274 2.050 10.942 
010723220711 0.749 24.935 38.871 8.411 8.274 2.285 10.949 
010723222211 0.766 24.900 38.846 8.429 8.277 1.966 10.949 
010723223711 0.699 24.848 38.849 8.446 8.276 2.103 10.950 
010723225211 0.742 24.761 38.856 8.471 8.277 2.331 10.940 
010723230711 0.755 24.759 38.830 8.475 8.274 2.103 10.948 
010723232211 0.803 24.748 38.876 8.481 8.274 1.602 10.949 
010723233711 0.698 24.759 38.860 8.485 8.274 1.845 10.949 
010723235211 0.714 24.707 38.851 8.500 8.277 2.004 10.935 
020723000711 0.781 24.728 38.868 8.502 8.277 2.376 10.946 
020723002211 0.768 24.725 38.864 8.506 8.278 1.974 10.948 
020723003711 0.691 24.806 38.864 8.496 8.281 1.822 10.949 
020723005211 0.758 24.778 38.870 8.502 8.278 2.034 10.939 
020723010711 0.733 24.794 38.859 8.504 8.275 1.974 10.947 
020723012211 0.740 24.826 38.876 8.500 8.275 2.088 10.948 
020723013711 0.788 24.785 38.880 8.507 8.275 2.118 10.949 
020723015211 0.772 24.839 38.880 8.501 8.277 2.429 10.934 
020723020711 0.712 24.845 38.887 8.501 8.276 2.110 10.946 
020723022211 0.720 24.830 38.870 8.495 8.276 2.255 10.948 
020723023711 0.761 24.826 38.892 8.488 8.275 2.201 10.949 
020723025211 0.683 24.809 38.872 8.483 8.274 2.270 10.939 
020723030711 0.733 24.781 38.888 8.481 8.272 2.437 10.947 
020723032211 0.724 24.745 38.894 8.485 8.273 2.391 10.948 
020723033711 0.786 24.712 38.896 8.484 8.274 2.072 10.948 
020723035211 0.685 24.690 38.893 8.483 8.273 2.057 10.938 
020723040711 0.732 24.651 38.889 8.488 8.272 2.141 10.946 
020723042211 0.715 24.618 38.889 8.484 8.271 2.300 10.948 
020723043711 0.685 24.601 38.888 8.478 8.272 1.716 10.948 
020723045211 0.749 24.574 38.875 8.477 8.270 2.171 10.933 
020723050711 0.715 24.549 38.868 8.472 8.270 2.088 10.945 
020723052211 0.717 24.508 38.878 8.471 8.270 3.150 10.946 
020723053711 0.758 24.474 38.879 8.471 8.269 1.685 10.947 
020723055211 0.709 24.485 38.870 8.463 8.269 1.784 10.937 
020723060711 0.706 24.468 38.883 8.455 8.269 1.966 10.945 
020723062211 0.754 24.467 38.890 8.446 8.269 1.291 10.946 
020723063711 0.752 24.477 38.887 8.428 8.269 1.571 10.946 
020723065211 0.665 24.485 38.882 8.415 8.269 1.298 10.932 
020723070711 0.774 24.492 38.886 8.407 8.268 1.184 10.944 
020723072211 0.766 24.507 38.886 8.397 8.268 0.873 10.946 
020723073711 0.702 24.522 38.890 8.388 8.268 1.063 10.946 
020723075211 0.703 24.552 38.892 8.376 8.267 1.184 10.936 
020723080711 0.748 24.600 38.899 8.357 8.267 0.714 10.944 
020723082211 0.802 24.617 38.905 8.345 8.266 0.979 10.946 
020723083711 0.788 24.647 38.905 8.333 8.265 0.919 10.946 
020723085211 0.865 24.667 38.900 8.324 8.265 1.139 10.936 
020723090711 0.712 24.713 38.901 8.310 8.266 0.820 10.945 
020723092211 0.671 24.751 38.906 8.300 8.266 0.706 10.946 
020723093711 0.722 24.777 38.896 8.292 8.265 0.835 10.947 
020723095211 0.667 24.783 38.899 8.291 8.265 0.873 10.932 
020723100711 0.745 24.783 38.901 8.290 8.264 1.245 10.944 
020723102211 0.690 24.774 38.905 8.293 8.264 0.972 10.946 
020723103711 0.769 24.758 38.890 8.302 8.264 0.835 10.946 
020723105211 0.617 24.756 38.896 8.303 8.264 0.919 10.937 
020723110711 0.716 24.767 38.905 8.301 8.264 0.812 10.945 
020723112211 0.718 24.806 38.904 8.295 8.264 0.486 10.946 
020723113711 0.629 24.859 38.917 8.288 8.264 0.569 10.947 
020723115211 0.742 24.888 38.919 8.287 8.263 1.063 10.938 
020723120711 0.733 24.922 38.917 8.287 8.264 0.721 10.946 
020723122211 0.822 24.944 38.904 8.290 8.264 0.888 10.947 
020723123711 0.724 24.961 38.906 8.293 8.265 0.972 10.948 
020723125211 0.730 24.977 38.906 8.296 8.265 0.911 10.933 
020723130711 0.845 25.046 38.913 8.293 8.263 0.827 10.945 
020723132211 0.798 25.049 38.915 8.297 8.262 1.222 10.947 
020723133711 0.646 25.115 38.924 8.287 8.263 0.911 10.948 
020723135211 0.673 25.034 38.918 8.313 8.263 1.070 10.939 
