SAMBAT Sea Ti  C/T/D/Odo/Fluo/pH GPS : 50195 
V:0,Pression (0/50),m
V:1,Température (-5/35),°C
V:2,Salinité (2/42),g/l
V:3,Oxygène (0/20),mgl
V:4,PH (0/14),pH
V:5,Fluorescence (0/50),µgl
V:6,Tension batterie,V
041222174506 0.895 17.454 35.787 8.739 8.335 0.302 10.739 
041222180005 0.867 17.441 35.814 8.743 8.334 0.395 10.809 
041222181505 0.873 17.438 35.804 8.741 8.335 0.407 10.846 
041222183005 0.867 17.430 35.804 8.739 8.334 0.367 10.860 
041222184505 0.935 17.422 35.805 8.740 8.335 0.273 10.866 
041222190005 0.918 17.433 35.798 8.734 8.335 0.318 10.819 
041222191505 0.894 17.434 35.803 8.731 8.335 0.363 10.852 
041222193005 0.902 17.425 35.798 8.732 8.335 0.290 10.863 
041222194505 0.904 17.425 35.801 8.731 8.335 0.298 10.868 
041222200005 0.940 17.417 35.801 8.727 8.334 0.337 10.829 
041222201505 0.930 17.424 35.807 8.723 8.334 0.373 10.856 
041222203005 0.911 17.423 35.807 8.725 8.334 0.231 10.866 
041222204505 0.902 17.423 35.759 8.722 8.335 0.384 10.869 
041222210005 0.905 17.414 35.772 8.719 8.335 0.256 10.829 
041222211505 0.905 17.412 35.816 8.718 8.334 0.307 10.856 
041222213005 0.934 17.414 35.820 8.717 8.335 0.345 10.866 
041222214505 0.927 17.409 35.816 8.723 8.334 0.323 10.870 
041222220005 0.909 17.393 35.822 8.736 8.334 0.243 10.828 
041222221505 0.910 17.398 35.830 8.741 8.334 0.346 10.856 
041222223005 0.923 17.404 35.819 8.748 8.334 0.388 10.866 
041222224505 0.903 17.401 35.815 8.751 8.335 0.369 10.870 
041222230005 0.905 17.399 35.816 8.751 8.335 0.318 10.829 
041222231505 0.883 17.405 35.820 8.755 8.335 0.331 10.856 
041222233005 0.924 17.399 35.814 8.762 8.334 0.328 10.866 
041222234505 0.917 17.402 35.805 8.756 8.334 0.313 10.870 
051222000005 0.966 17.389 35.803 8.752 8.333 0.385 10.829 
051222001505 0.910 17.387 35.799 8.742 8.334 0.348 10.856 
051222003005 0.927 17.389 35.827 8.728 8.334 0.274 10.866 
051222004505 0.919 17.378 35.837 8.730 8.334 0.371 10.870 
051222010005 0.896 17.388 35.847 8.713 8.334 0.390 10.820 
051222011505 0.900 17.392 35.833 8.704 8.334 0.291 10.853 
051222013005 0.937 17.394 36.424 8.695 8.334 0.347 10.864 
051222014505 0.908 17.390 35.890 8.689 8.334 0.325 10.869 
051222020005 0.920 17.381 35.803 8.696 8.334 0.282 10.825 
051222021505 0.931 17.381 35.805 8.698 8.334 0.358 10.854 
051222023005 0.914 17.376 35.808 8.691 8.332 0.264 10.865 
051222024505 0.901 17.379 35.803 8.694 8.334 0.300 10.869 
051222030005 0.930 17.391 35.804 8.692 8.334 0.288 10.811 
051222031505 0.909 17.381 35.802 8.696 8.334 0.362 10.849 
051222033005 0.912 17.385 35.799 8.694 8.335 0.298 10.862 
051222034505 0.946 17.383 35.796 8.695 8.335 0.279 10.868 
051222040005 0.931 17.370 35.787 8.695 8.335 0.376 10.829 
051222041505 0.958 17.358 35.788 8.706 8.336 0.269 10.856 
051222043005 0.936 17.334 35.788 8.714 8.337 0.353 10.865 
051222044505 0.972 17.325 35.789 8.716 8.337 0.346 10.869 
051222050005 0.912 17.357 35.788 8.722 8.337 0.283 10.829 
051222051505 0.899 17.346 35.791 8.738 8.339 0.268 10.856 
051222053005 0.910 17.336 35.774 8.751 8.339 0.265 10.865 
051222054505 0.954 17.317 35.768 8.764 8.339 0.329 10.870 
051222060005 0.955 17.306 35.767 8.778 8.339 0.263 10.827 
051222061505 0.929 17.310 35.754 8.788 8.339 0.338 10.855 
051222063005 0.903 17.323 35.749 8.796 8.339 0.285 10.865 
051222064505 0.939 17.334 35.747 8.796 8.339 0.374 10.869 
051222070005 0.969 17.307 35.749 8.801 8.340 0.333 10.810 
051222071505 0.937 17.274 35.748 8.817 8.340 0.352 10.849 
051222073005 0.953 17.284 35.763 8.818 8.341 0.432 10.862 
051222074505 0.917 17.274 35.762 8.827 8.340 0.270 10.868 
051222080005 0.955 17.264 35.749 8.818 8.339 0.366 10.827 
051222081505 0.943 17.278 35.777 8.804 8.337 0.329 10.855 
051222083005 0.921 17.251 35.770 8.800 8.340 0.397 10.864 
051222084505 0.955 17.260 35.764 8.794 8.339 0.438 10.869 
051222090005 0.959 17.233 35.770 8.797 8.339 0.325 10.823 
051222091505 0.937 17.273 35.793 8.779 8.338 0.373 10.853 
051222093005 0.937 17.265 35.776 8.769 8.339 0.349 10.864 
051222094505 0.967 17.251 35.745 8.760 8.340 0.334 10.868 
051222100005 0.934 17.237 35.696 8.751 8.339 0.320 10.826 
051222101505 0.963 17.248 35.713 8.727 8.337 0.271 10.854 
051222103005 0.955 17.228 35.705 8.717 8.338 0.315 10.864 
051222104505 0.959 17.214 35.716 8.710 8.340 0.304 10.868 
051222110005 0.975 17.224 36.309 8.702 8.339 0.303 10.819 
051222111505 0.947 17.277 36.335 8.682 8.336 0.270 10.852 
051222113005 0.929 17.293 36.149 8.676 8.338 0.148 10.863 
051222114505 0.955 17.297 35.820 8.674 8.337 0.186 10.868 
051222120005 0.933 17.307 35.837 8.670 8.335 0.155 10.819 
051222121505 0.967 17.308 35.833 8.667 8.335 0.172 10.852 
051222123005 0.969 17.327 35.828 8.662 8.334 0.158 10.863 
051222124505 0.922 17.326 35.822 8.676 8.337 0.120 10.868 
051222130005 0.954 17.335 35.827 8.693 8.337 0.116 10.820 
051222131505 0.941 17.341 35.824 8.704 8.335 0.177 10.852 
051222133005 0.925 17.335 35.821 8.712 8.336 0.180 10.863 
051222134505 0.934 17.331 35.788 8.716 8.336 0.230 10.868 
051222140005 0.949 17.327 35.783 8.708 8.330 0.259 10.811 
051222141505 0.924 17.334 35.783 8.699 8.333 0.182 10.849 
051222143005 0.924 17.349 35.792 8.683 8.334 0.210 10.862 
051222144505 0.940 17.357 35.797 8.669 8.333 0.198 10.868 
051222150005 0.928 17.365 35.791 8.655 8.332 0.177 10.828 
051222151505 0.943 17.374 35.786 8.631 8.330 0.173 10.855 
051222153005 0.930 17.381 35.796 8.610 8.332 0.295 10.865 
051222154505 0.934 17.379 35.798 8.587 8.332 0.562 10.869 
051222160005 0.926 17.379 35.810 8.574 8.333 0.309 10.822 
051222161505 0.932 17.373 35.802 8.568 8.334 0.310 10.853 
051222163005 0.899 17.369 35.794 8.571 8.333 0.325 10.864 
051222164505 0.893 17.358 35.792 8.585 8.334 0.328 10.869 
051222170005 0.937 17.341 35.795 8.607 8.334 0.321 10.811 
051222171505 0.883 17.342 35.818 8.629 8.336 0.435 10.849 
051222173005 0.934 17.325 35.818 8.649 8.336 0.389 10.862 
051222174505 0.927 17.324 35.822 8.679 8.335 0.352 10.868 
