SAMBAT Sea Ti  C/T/D/Odo/Fluo/pH GPS : 50195 
V:0,Pression (0/50),dba
V:1,Température (-5/35),°C
V:2,Salinité (2/42),g/l
V:3,Oxygène (0/20),mgl
V:4,PH (0/14),pH
V:5,Fluorescence (0/500),ppb
V:6,Tension batterie,V
230623133215 0.778 25.143 38.207 8.298 8.254 0.827 10.834 
230623134714 0.744 25.156 38.205 8.302 8.254 0.622 10.914 
230623140214 0.877 25.083 38.212 8.317 8.254 0.539 10.943 
230623141714 0.801 25.199 38.217 8.297 8.253 0.630 10.948 
230623143214 0.789 25.263 38.215 8.290 8.253 0.668 10.949 
230623144714 0.781 25.236 38.215 8.295 8.253 0.592 10.932 
230623150214 0.867 25.368 38.211 8.272 8.252 0.797 10.948 
230623151714 0.816 25.456 38.208 8.254 8.251 0.569 10.950 
230623153214 0.744 25.422 38.183 8.261 8.250 0.455 10.951 
230623154714 0.756 25.425 38.201 8.264 8.250 1.025 10.925 
230623160214 0.854 25.312 38.210 8.287 8.250 0.759 10.947 
230623161714 0.677 25.362 38.202 8.279 8.250 0.706 10.950 
230623163214 0.718 25.395 38.124 8.272 8.250 0.843 10.951 
230623164714 0.780 25.542 38.219 8.243 8.250 0.903 10.934 
230623170214 0.794 25.470 38.215 8.259 8.251 0.964 10.949 
230623171714 0.768 25.411 38.214 8.273 8.250 1.184 10.951 
230623173214 0.853 25.355 38.209 8.289 8.250 1.192 10.951 
230623174714 0.799 25.341 38.218 8.293 8.250 1.268 10.934 
230623180214 0.768 25.344 38.217 8.295 8.250 1.086 10.949 
230623181714 0.778 25.410 38.238 8.282 8.254 1.458 10.951 
230623183214 0.771 25.371 38.239 8.295 8.254 1.374 10.951 
230623184714 0.798 25.347 38.225 8.305 8.253 1.291 10.934 
230623190214 0.803 25.264 38.226 8.325 8.253 1.351 10.949 
230623191714 0.820 25.183 38.228 8.340 8.254 1.541 10.951 
230623193214 0.747 25.137 38.228 8.351 8.255 1.427 10.951 
230623194714 0.811 25.105 38.227 8.359 8.255 1.306 10.925 
230623200214 0.753 25.114 38.231 8.358 8.256 1.594 10.947 
230623201714 0.812 25.086 38.239 8.363 8.257 1.450 10.949 
230623203214 0.848 25.043 38.236 8.374 8.257 1.564 10.950 
230623204714 0.844 25.026 38.235 8.379 8.258 2.050 10.933 
230623210214 0.797 25.026 38.240 8.378 8.258 1.465 10.948 
230623211714 0.825 25.180 38.253 8.354 8.270 1.989 10.949 
230623213214 0.790 25.080 38.239 8.377 8.265 1.685 10.950 
230623214714 0.767 25.008 38.233 8.397 8.259 1.685 10.932 
230623220214 0.781 24.961 38.236 8.408 8.258 1.579 10.947 
230623221714 0.842 24.928 38.239 8.412 8.256 1.602 10.949 
230623223214 0.805 24.897 38.238 8.416 8.256 1.549 10.949 
230623224714 0.834 24.887 38.241 8.416 8.255 1.268 10.923 
230623230214 0.811 24.878 38.238 8.418 8.255 1.260 10.945 
230623231714 0.813 24.867 38.245 8.418 8.256 1.458 10.948 
230623233214 0.837 24.851 38.245 8.419 8.255 1.253 10.949 
230623234714 0.793 24.817 38.245 8.420 8.256 1.693 10.931 
240623000214 0.814 24.726 38.235 8.436 8.254 2.452 10.946 
240623001714 0.822 24.733 38.234 8.430 8.255 1.480 10.947 
240623003214 0.793 24.744 38.235 8.423 8.256 1.404 10.948 
240623004714 0.807 24.742 38.237 8.417 8.256 1.298 10.929 
240623010214 0.819 24.738 38.237 8.412 8.256 1.458 10.945 
240623011714 0.795 24.719 38.240 8.410 8.256 1.602 10.947 
240623013214 0.803 24.658 38.223 8.418 8.256 1.541 10.948 
240623014714 0.809 24.673 38.229 8.410 8.257 1.382 10.920 
240623020214 0.788 24.674 38.233 8.405 8.257 1.541 10.944 
240623021714 0.802 24.645 38.233 8.405 8.258 1.465 10.946 
240623023214 0.792 24.623 38.227 8.405 8.258 1.382 10.947 
240623024714 0.789 24.598 38.231 8.404 8.259 1.617 10.931 
240623030214 0.792 24.637 38.224 8.395 8.260 1.700 10.945 
240623031714 0.816 24.623 38.222 8.395 8.260 1.442 10.946 
240623033214 0.797 24.654 38.222 8.378 8.260 1.298 10.947 
240623034714 0.803 24.637 38.224 8.371 8.260 1.511 10.923 
240623040214 0.784 24.673 38.226 8.359 8.260 1.442 10.943 
240623041714 0.797 24.681 38.230 8.352 8.261 1.913 10.946 
240623043214 0.773 24.696 38.215 8.350 8.262 1.723 10.946 
240623044714 0.796 24.687 38.221 8.350 8.262 1.640 10.928 
240623050214 0.792 24.719 38.230 8.347 8.262 1.564 10.944 
240623051714 0.809 24.733 38.241 8.343 8.262 1.647 10.946 
240623053214 0.820 24.754 38.223 8.345 8.262 1.602 10.947 
240623054714 0.790 24.749 38.234 8.348 8.262 1.427 10.928 
240623060214 0.814 24.761 38.243 8.348 8.262 1.404 10.944 
240623061714 0.812 24.765 38.245 8.353 8.262 1.298 10.946 
240623063214 0.781 24.764 38.242 8.360 8.262 1.306 10.947 
240623064714 0.845 24.767 38.247 8.364 8.262 1.253 10.919 
240623070214 0.785 24.793 38.252 8.362 8.262 1.017 10.943 
240623071714 0.763 24.816 38.260 8.365 8.262 0.979 10.946 
240623073214 0.776 24.861 38.264 8.362 8.262 1.048 10.946 
240623074714 0.821 24.878 38.263 8.365 8.262 0.949 10.928 
240623080214 0.812 24.904 38.264 8.368 8.262 0.903 10.944 
240623081714 0.822 24.909 38.261 8.375 8.262 0.835 10.946 
240623083214 0.800 24.928 38.260 8.381 8.261 0.698 10.947 
240623084714 0.816 24.919 38.259 8.391 8.261 0.554 10.929 
240623090214 0.788 24.931 38.250 8.398 8.260 0.835 10.945 
240623091714 0.804 24.902 38.265 8.406 8.261 0.941 10.947 
240623093214 0.797 24.947 38.252 8.403 8.261 0.630 10.947 
240623094714 0.860 25.105 38.264 8.375 8.260 1.040 10.920 
240623100214 0.797 24.961 38.251 8.417 8.259 0.600 10.944 
240623101714 0.773 25.083 38.276 8.393 8.260 0.949 10.946 
240623103214 0.883 25.099 38.271 8.397 8.260 0.577 10.947 
240623104714 0.834 25.040 38.267 8.418 8.259 0.569 10.929 
240623110214 0.788 25.053 38.245 8.427 8.260 0.736 10.945 
240623111714 0.747 25.030 38.255 8.432 8.259 0.789 10.947 
240623113214 0.818 25.071 38.263 8.431 8.258 0.721 10.948 
240623114714 0.854 25.115 38.260 8.426 8.258 0.706 10.929 
240623120214 0.805 25.111 38.265 8.433 8.258 0.493 10.945 
240623121714 0.769 25.198 38.271 8.415 8.258 0.926 10.947 
240623123214 0.831 25.152 38.279 8.426 8.255 0.645 10.948 
240623124714 0.774 25.145 38.267 8.430 8.255 0.850 10.930 
240623130214 0.788 25.229 38.265 8.416 8.254 0.630 10.946 
240623131714 0.794 25.134 38.280 8.432 8.254 0.592 10.947 
240623133214 0.796 25.043 38.264 8.460 8.255 0.714 10.947 
