SAMBAT Sea Ti  C/T/D/Odo/Fluo/pH GPS : 50195 
V:0,Pression (0/50),dba
V:1,Température (-5/35),°C
V:2,Salinité (2/42),g/l
V:3,Oxygène (0/20),mgl
V:4,PH (0/14),pH
V:5,Fluorescence (0/500),ppb
V:6,Tension batterie,V
060523113326 0.891 17.900 38.177 9.968 8.262 0.896 10.760 
060523114825 0.909 17.766 38.177 10.010 8.262 0.418 10.832 
060523120325 0.882 17.980 38.169 9.959 8.260 0.698 10.868 
060523121825 0.869 18.127 38.167 9.891 8.258 0.600 10.881 
060523123325 0.873 18.109 38.149 9.914 8.257 0.463 10.888 
060523124825 0.896 18.155 38.184 9.897 8.255 0.554 10.866 
060523130325 0.877 18.229 38.187 9.868 8.254 0.660 10.884 
060523131825 0.839 18.155 38.189 9.896 8.254 0.827 10.890 
060523133325 0.896 18.358 38.201 9.842 8.252 0.706 10.893 
060523134825 0.870 18.284 38.174 9.865 8.252 0.493 10.869 
060523140325 0.852 18.197 38.152 9.895 8.252 0.493 10.886 
060523141825 0.892 18.329 38.172 9.865 8.251 0.987 10.892 
060523143325 0.882 18.347 38.172 9.861 8.250 0.774 10.894 
060523144825 0.856 18.209 38.178 9.889 8.250 0.463 10.867 
060523150325 0.857 18.383 38.200 9.840 8.248 0.683 10.886 
060523151825 0.869 18.529 38.134 9.813 8.247 0.228 10.892 
060523153325 0.862 18.587 38.145 9.803 8.246 1.131 10.895 
060523154825 0.864 18.607 38.234 9.765 8.246 0.843 10.863 
060523160325 0.862 18.683 38.176 9.759 8.245 0.964 10.886 
060523161825 0.855 18.700 38.198 9.745 8.244 1.017 10.893 
060523163325 0.852 18.673 38.173 9.761 8.244 0.744 10.896 
060523164825 0.870 18.568 38.156 9.791 8.244 1.184 10.873 
060523170325 0.831 18.587 38.193 9.777 8.244 1.298 10.890 
060523171825 0.849 18.534 38.194 9.794 8.244 1.951 10.895 
060523173325 0.860 18.535 38.196 9.796 8.244 1.830 10.897 
060523174825 0.848 18.516 38.209 9.798 8.244 1.890 10.873 
060523180325 0.859 18.507 38.191 9.805 8.244 1.571 10.890 
060523181825 0.850 18.521 38.187 9.806 8.244 1.852 10.894 
060523183325 0.845 18.428 38.176 9.831 8.245 1.792 10.896 
060523184825 0.854 18.576 38.190 9.802 8.244 1.693 10.868 
060523190325 0.859 18.358 38.167 9.860 8.246 1.700 10.888 
060523191825 0.853 18.321 38.230 9.849 8.247 2.217 10.894 
060523193325 0.848 18.105 38.194 9.908 8.248 2.171 10.896 
060523194825 0.852 18.282 38.174 9.877 8.248 1.647 10.872 
060523200325 0.859 18.219 38.182 9.895 8.249 2.513 10.888 
060523201825 0.870 18.228 38.155 9.902 8.250 2.110 10.893 
060523203325 0.870 18.090 38.114 9.944 8.251 1.700 10.895 
060523204825 0.872 17.814 38.189 9.992 8.253 1.890 10.870 
060523210325 0.866 17.892 38.230 9.961 8.253 2.148 10.887 
060523211825 0.863 17.468 38.169 10.090 8.256 1.465 10.891 
060523213325 0.854 17.461 38.158 10.091 8.258 1.518 10.892 
060523214825 0.872 17.446 38.175 10.089 8.259 1.685 10.858 
060523220325 0.859 17.505 38.171 10.061 8.259 1.928 10.880 
060523221825 0.859 17.532 38.180 10.049 8.259 1.480 10.887 
060523223325 0.852 17.557 38.190 10.036 8.260 1.374 10.890 
060523224825 0.873 17.564 38.182 10.037 8.260 1.427 10.866 
060523230325 0.874 17.590 38.181 10.028 8.260 1.852 10.882 
060523231825 0.880 17.587 38.187 10.024 8.260 1.989 10.888 
060523233325 0.875 17.588 38.184 10.019 8.261 1.670 10.890 
060523234825 0.885 17.584 38.181 10.015 8.261 1.571 10.865 
070523000325 0.877 17.576 38.182 10.016 8.262 1.928 10.882 
070523001825 0.876 17.560 38.181 10.017 8.263 2.133 10.887 
070523003325 0.880 17.569 38.182 10.012 8.264 1.852 10.889 
070523004825 0.883 17.553 38.179 10.013 8.264 1.769 10.863 
070523010325 0.879 17.558 38.181 10.008 8.263 1.799 10.880 
070523011825 0.867 17.535 38.185 10.011 8.265 1.867 10.886 
070523013325 0.880 17.508 38.181 10.014 8.265 1.761 10.888 
070523014825 0.880 17.492 38.185 10.020 8.265 1.928 10.854 
070523020325 0.877 17.465 38.179 10.025 8.266 1.723 10.877 
070523021825 0.878 17.453 38.181 10.025 8.267 1.943 10.884 
070523023325 0.883 17.445 38.178 10.027 8.267 1.738 10.887 
070523024825 0.876 17.453 38.178 10.025 8.267 1.571 10.863 
070523030325 0.876 17.442 38.179 10.025 8.267 1.632 10.880 
070523031825 0.877 17.468 38.177 10.019 8.267 1.678 10.885 
070523033325 0.883 17.482 38.175 10.019 8.267 1.564 10.888 
070523034825 0.874 17.489 38.177 10.018 8.267 2.847 10.863 
070523040325 0.872 17.483 38.176 10.020 8.268 1.526 10.880 
070523041825 0.873 17.474 38.182 10.026 8.268 1.268 10.886 
070523043325 0.860 17.442 38.181 10.034 8.269 1.647 10.888 
070523044825 0.861 17.462 38.183 10.028 8.270 1.883 10.863 
070523050325 0.861 17.461 38.187 10.029 8.270 1.685 10.880 
070523051825 0.882 17.458 38.185 10.030 8.271 1.556 10.886 
070523053325 0.867 17.484 38.183 10.028 8.272 1.328 10.888 
070523054825 0.883 17.499 38.184 10.023 8.272 1.215 10.854 
070523060325 0.862 17.499 38.181 10.026 8.272 1.503 10.876 
070523061825 0.859 17.487 38.179 10.036 8.271 1.321 10.883 
070523063325 0.873 17.469 38.181 10.043 8.272 1.283 10.886 
070523064825 0.874 17.490 38.182 10.039 8.272 1.313 10.863 
070523070325 0.854 17.473 38.181 10.048 8.272 0.858 10.879 
070523071825 0.871 17.477 38.179 10.049 8.271 1.002 10.885 
070523073325 0.876 17.502 38.181 10.040 8.270 0.941 10.887 
070523074825 0.884 17.527 38.183 10.036 8.269 0.827 10.862 
070523080325 0.864 17.560 38.187 10.033 8.268 0.797 10.879 
070523081825 0.871 17.579 38.179 10.033 8.267 0.433 10.885 
070523083325 0.868 17.606 38.183 10.021 8.266 0.592 10.888 
070523084825 0.876 17.642 38.183 10.015 8.265 0.402 10.854 
070523090325 0.885 17.681 38.183 10.010 8.265 0.175 10.877 
070523091825 0.865 17.678 38.180 10.013 8.265 0.774 10.885 
070523093325 0.872 17.854 38.174 9.967 8.265 0.645 10.888 
070523094825 0.879 17.855 38.193 9.965 8.263 0.622 10.864 
070523100325 0.878 17.892 38.189 9.961 8.263 0.349 10.881 
070523101825 0.867 17.938 38.184 9.944 8.262 0.569 10.887 
070523103325 0.893 17.945 38.179 9.947 8.262 0.676 10.890 
070523104825 0.878 17.966 38.182 9.947 8.262 0.273 10.858 
070523110325 0.871 17.973 38.186 9.947 8.262 0.630 10.880 
070523111825 0.862 17.991 38.175 9.945 8.262 0.372 10.887 
070523113325 0.863 18.172 38.164 9.897 8.260 0.471 10.890 
