SAMBAT Sea Ti  C/T/D/Odo/Fluo/pH GPS : 50195 
V:0,Pression (0/50),m
V:1,Température (-5/35),°C
V:2,Salinité (2/42),g/l
V:3,Oxygène (0/20),mgl
V:4,PH (0/14),pH
V:5,Fluorescence (0/50),µgl
V:6,Tension batterie,V
040123190032 1.060 15.945 37.235 9.377 8.346 0.438 10.721 
040123191531 1.066 15.936 37.235 9.373 8.347 0.479 10.810 
040123193031 1.062 15.939 37.232 9.373 8.347 0.486 10.836 
040123194531 1.066 15.941 37.411 9.372 8.346 0.492 10.847 
040123200031 1.069 15.935 37.406 9.369 8.346 0.459 10.793 
040123201531 1.062 15.937 37.406 9.368 8.346 0.467 10.833 
040123203031 1.059 15.934 37.419 9.368 8.346 0.458 10.846 
040123204531 1.059 15.930 37.418 9.368 8.347 0.561 10.852 
040123210031 1.069 15.907 37.431 9.373 8.347 0.631 10.808 
040123211531 1.067 15.908 37.435 9.366 8.347 0.457 10.839 
040123213031 1.069 15.895 37.419 9.365 8.348 0.601 10.849 
040123214531 1.064 15.886 37.425 9.366 8.348 0.554 10.854 
040123220031 1.081 15.886 37.410 9.365 8.347 0.477 10.806 
040123221531 1.061 15.884 37.356 9.364 8.348 0.455 10.838 
040123223031 1.059 15.895 37.416 9.361 8.348 0.468 10.849 
040123224531 1.075 15.878 37.436 9.361 8.349 0.423 10.854 
040123230031 1.070 15.880 37.432 9.357 8.349 0.532 10.794 
040123231531 1.050 15.878 37.422 9.354 8.349 0.475 10.834 
040123233031 1.062 15.875 37.444 9.355 8.349 0.405 10.848 
040123234531 1.067 15.880 37.448 9.355 8.349 0.442 10.853 
050123000031 1.095 15.869 37.455 9.357 8.349 0.451 10.807 
050123001531 1.050 15.876 37.286 9.356 8.349 0.339 10.839 
050123003031 1.075 15.873 37.347 9.355 8.349 0.374 10.849 
050123004531 1.046 15.878 37.561 9.353 8.349 0.656 10.854 
050123010031 1.070 15.863 37.377 9.357 8.350 0.414 10.808 
050123011531 1.031 15.865 37.374 9.354 8.350 0.391 10.839 
050123013031 1.084 15.873 37.415 9.350 8.350 0.397 10.850 
050123014531 1.065 15.869 37.413 9.351 8.350 0.549 10.854 
050123020031 1.068 15.865 37.337 9.350 8.351 0.453 10.794 
050123021531 1.065 15.864 37.357 9.347 8.351 0.504 10.834 
050123023031 1.072 15.866 37.355 9.350 8.351 0.419 10.847 
050123024531 1.026 15.855 37.409 9.346 8.351 0.440 10.853 
050123030031 1.038 15.867 37.429 9.345 8.351 0.416 10.807 
050123031531 1.088 15.862 37.415 9.342 8.351 0.491 10.838 
050123033031 1.054 15.861 37.383 9.340 8.351 0.413 10.849 
050123034531 1.029 15.854 37.443 9.339 8.351 0.561 10.854 
050123040031 1.016 15.855 37.325 9.337 8.352 0.409 10.807 
050123041531 1.042 15.838 37.386 9.347 8.352 0.545 10.838 
050123043031 1.037 15.843 37.355 9.343 8.352 0.467 10.849 
050123044531 1.049 15.841 37.419 9.344 8.352 0.518 10.854 
050123050031 1.035 15.839 37.430 9.342 8.352 0.570 10.794 
050123051531 1.023 15.833 37.421 9.347 8.353 0.438 10.833 
050123053031 1.017 15.845 37.391 9.341 8.353 0.449 10.847 
050123054531 1.029 15.841 37.413 9.344 8.353 0.528 10.853 
050123060031 1.046 15.820 37.415 9.352 8.353 0.396 10.806 
050123061531 1.015 15.843 37.433 9.348 8.353 0.391 10.838 
050123063031 0.991 15.840 37.364 9.350 8.353 0.417 10.849 
050123064531 1.035 15.839 37.300 9.348 8.353 0.504 10.854 
050123070031 1.021 15.854 37.367 9.342 8.353 0.440 10.806 
050123071531 1.025 15.852 37.411 9.342 8.354 0.594 10.838 
050123073031 1.025 15.839 37.312 9.349 8.354 0.435 10.849 
050123074531 1.016 15.836 37.452 9.345 8.354 0.488 10.854 
050123080031 1.036 15.826 37.434 9.348 8.354 0.487 10.794 
050123081531 1.047 15.836 37.426 9.345 8.354 0.407 10.833 
050123083031 1.038 15.842 37.430 9.343 8.354 0.532 10.847 
050123084531 1.046 15.841 37.406 9.337 8.354 0.576 10.853 
050123090031 0.981 15.842 37.410 9.341 8.354 0.544 10.807 
050123091531 1.016 15.844 37.416 9.346 8.354 0.479 10.838 
050123093031 1.025 15.830 37.364 9.348 8.354 0.472 10.849 
050123094531 1.029 15.835 37.545 9.344 8.354 0.492 10.854 
050123100031 1.034 15.830 37.407 9.348 8.353 0.297 10.806 
050123101531 1.025 15.811 37.355 9.350 8.354 0.334 10.838 
050123103031 1.024 15.839 37.399 9.345 8.353 0.290 10.849 
050123104531 1.071 15.834 37.436 9.344 8.353 0.269 10.854 
050123110031 1.031 15.842 37.396 9.343 8.352 0.199 10.805 
050123111531 1.026 15.842 37.347 9.349 8.352 0.224 10.838 
050123113031 1.028 15.841 37.348 9.347 8.352 0.163 10.849 
050123114531 1.064 15.848 37.352 9.341 8.351 0.146 10.854 
050123120031 1.014 15.854 37.286 9.341 8.351 0.188 10.794 
050123121531 0.999 15.866 37.407 9.342 8.350 0.163 10.833 
050123123031 1.076 15.882 37.379 9.339 8.350 0.152 10.847 
050123124531 1.030 15.882 37.348 9.343 8.349 0.114 10.853 
050123130031 1.027 15.900 37.360 9.343 8.349 0.132 10.806 
050123131531 1.026 15.925 37.345 9.337 8.348 0.101 10.838 
050123133031 0.992 15.939 37.342 9.337 8.347 0.141 10.849 
050123134531 0.992 15.927 37.337 9.346 8.347 0.112 10.854 
050123140031 1.042 15.981 37.318 9.337 8.346 0.136 10.802 
050123141531 1.037 15.938 37.432 9.351 8.346 0.124 10.837 
050123143031 1.019 15.949 37.397 9.351 8.346 0.100 10.849 
050123144531 1.001 16.021 37.535 9.337 8.345 0.145 10.854 
050123150031 0.987 16.034 37.304 9.341 8.344 0.137 10.807 
050123151531 1.016 15.992 37.363 9.351 8.344 0.124 10.839 
050123153031 1.010 16.053 37.279 9.340 8.343 0.132 10.850 
050123154531 1.008 16.076 37.395 9.336 8.343 0.151 10.855 
050123160031 1.023 16.058 37.480 9.351 8.343 0.185 10.805 
050123161531 1.017 16.059 37.507 9.353 8.344 0.227 10.839 
050123163031 1.000 16.053 37.292 9.353 8.344 0.269 10.850 
050123164531 1.015 16.046 37.324 9.357 8.343 0.358 10.855 
050123170031 1.046 15.996 37.277 9.370 8.345 0.373 10.807 
050123171531 0.989 16.004 37.283 9.374 8.345 0.388 10.839 
050123173031 0.985 16.011 37.295 9.375 8.345 0.435 10.850 
050123174531 0.997 16.015 37.297 9.376 8.344 0.445 10.855 
050123180031 1.004 15.989 37.457 9.384 8.345 0.438 10.807 
050123181531 1.052 15.975 37.456 9.385 8.345 0.558 10.839 
050123183031 1.034 15.987 37.436 9.381 8.346 0.527 10.850 
050123184531 0.994 15.999 37.452 9.375 8.344 0.429 10.855 
050123190031 1.001 15.978 37.453 9.382 8.345 0.405 10.795 
