SAMBAT Sea Ti  C/T/D/Odo/Fluo/pH GPS : 50195 
V:0,Pression (0/50),m
V:1,Température (-5/35),°C
V:2,Salinité (2/42),g/l
V:3,Oxygène (0/20),mgl
V:4,PH (0/14),pH
V:5,Fluorescence (0/50),µgl
V:6,Tension batterie,V
061022152151 0.996 22.545 38.406 8.007 8.305 0.062 10.776 
061022153650 0.995 22.526 38.407 8.015 8.305 0.075 10.874 
061022155150 0.978 22.555 38.411 8.011 8.305 0.121 10.860 
061022160650 0.983 22.529 38.407 8.014 8.306 0.084 10.889 
061022162150 1.022 22.529 38.413 8.008 8.308 0.105 10.904 
061022163650 1.007 22.515 38.431 8.006 8.308 0.136 10.909 
061022165150 0.966 22.526 38.410 7.999 8.308 0.118 10.870 
061022170650 0.956 22.529 38.428 7.987 8.308 0.166 10.893 
061022172150 0.993 22.508 38.423 7.983 8.307 0.177 10.906 
061022173650 0.979 22.502 38.423 7.973 8.308 0.143 10.911 
061022175150 0.972 22.502 38.423 7.961 8.307 0.162 10.870 
061022180650 0.987 22.497 38.430 7.946 8.307 0.208 10.894 
061022182150 0.990 22.464 38.424 7.939 8.308 0.153 10.906 
061022183650 0.985 22.447 38.426 7.926 8.309 0.188 10.911 
061022185150 1.010 22.422 38.411 7.917 8.309 0.187 10.871 
061022190650 1.013 22.407 38.415 7.897 8.308 0.189 10.893 
061022192150 0.982 22.435 38.420 7.864 8.309 0.240 10.906 
061022193650 0.979 22.431 38.419 7.856 8.310 5.947 10.910 
061022195150 1.008 22.419 38.419 7.848 8.311 0.159 10.871 
061022200650 0.998 22.400 38.418 7.845 8.309 0.597 10.893 
061022202150 0.995 22.383 38.416 7.836 8.310 0.191 10.906 
061022203650 1.019 22.362 38.417 7.841 8.311 0.221 10.910 
061022205150 1.010 22.359 38.420 7.836 8.314 0.159 10.871 
061022210650 0.995 22.328 38.416 7.833 8.313 0.178 10.893 
061022212150 1.007 22.312 38.416 7.831 8.313 0.244 10.906 
061022213650 0.977 22.307 38.426 7.837 8.313 0.193 10.910 
061022215150 1.006 22.303 38.420 7.848 8.314 0.181 10.870 
061022220650 1.008 22.285 38.418 7.848 8.315 0.265 10.892 
061022222150 1.001 22.279 38.423 7.841 8.315 0.211 10.905 
061022223650 0.996 22.250 38.417 7.839 8.316 0.201 10.910 
061022225150 0.994 22.242 38.417 7.842 8.317 0.228 10.870 
061022230650 0.999 22.216 38.420 7.836 8.317 0.205 10.892 
061022232150 1.009 22.183 38.418 7.829 8.319 0.203 10.905 
061022233650 0.990 22.184 38.417 7.827 8.318 0.283 10.909 
061022235150 1.007 22.178 38.416 7.823 8.318 0.232 10.870 
071022000650 0.987 22.158 38.415 7.810 8.316 0.188 10.892 
071022002150 1.007 22.150 38.413 7.800 8.318 0.209 10.905 
071022003650 0.989 22.142 38.414 7.793 8.317 0.227 10.909 
071022005150 0.990 22.142 38.413 7.785 8.316 0.678 10.870 
071022010650 0.987 22.117 38.411 7.764 8.316 0.357 10.891 
071022012150 1.004 22.118 38.413 7.754 8.314 0.244 10.904 
071022013650 0.992 22.108 38.414 7.743 8.314 0.255 10.909 
071022015150 0.992 22.101 38.413 7.738 8.318 0.220 10.869 
071022020650 0.995 22.106 38.409 7.737 8.318 0.218 10.891 
071022022150 1.006 22.088 38.425 7.737 8.322 0.375 10.904 
071022023650 0.992 22.092 38.425 7.742 8.320 0.230 10.908 
071022025150 0.999 22.082 38.417 7.747 8.320 0.226 10.869 
071022030650 0.980 22.064 38.414 7.751 8.322 0.241 10.891 
071022032150 0.994 22.061 38.414 7.760 8.323 0.233 10.904 
071022033650 0.973 22.055 38.421 7.791 8.324 0.234 10.908 
071022035150 0.980 22.049 38.419 7.804 8.323 0.172 10.868 
071022040650 0.980 22.038 38.419 7.826 8.324 0.202 10.891 
071022042150 0.964 22.038 38.420 7.842 8.325 0.204 10.903 
071022043650 0.983 22.035 38.418 7.854 8.324 0.200 10.908 
071022045150 1.002 22.031 38.413 7.870 8.326 0.169 10.868 
071022050650 0.988 22.036 38.416 7.884 8.327 0.184 10.890 
071022052150 0.987 22.013 38.420 7.896 8.325 0.181 10.903 
071022053650 0.986 22.017 38.420 7.907 8.325 0.207 10.908 
071022055150 0.971 22.014 38.421 7.920 8.327 0.172 10.868 
071022060650 0.988 22.019 38.419 7.924 8.327 0.542 10.890 
071022062150 0.974 22.008 38.418 7.929 8.325 0.203 10.903 
071022063650 0.953 21.997 38.416 7.929 8.327 0.231 10.908 
071022065150 0.970 21.983 38.415 7.934 8.326 0.221 10.868 
071022070650 0.977 21.979 38.422 7.932 8.326 0.280 10.890 
071022072150 0.987 21.978 38.421 7.927 8.327 0.412 10.903 
071022073650 0.993 21.982 38.423 7.924 8.326 0.786 10.907 
071022075150 0.966 21.980 38.426 7.920 8.327 0.250 10.868 
071022080650 0.978 21.974 38.423 7.915 8.325 0.404 10.890 
071022082150 0.984 21.965 38.427 7.914 8.325 0.282 10.903 
071022083650 0.968 21.964 38.417 7.906 8.326 0.206 10.908 
071022085150 0.979 21.978 38.418 7.903 8.324 0.168 10.868 
071022090650 0.977 21.982 38.420 7.906 8.324 0.231 10.890 
071022092150 0.968 21.987 38.423 7.910 8.323 0.160 10.903 
071022093650 0.982 21.990 38.420 7.914 8.323 0.156 10.907 
071022095150 0.987 22.006 38.419 7.924 8.323 0.139 10.868 
071022100650 0.967 22.025 38.410 7.927 8.322 0.122 10.890 
071022102150 0.974 22.040 38.410 7.940 8.321 0.136 10.903 
071022103650 0.961 22.056 38.418 7.949 8.318 0.099 10.908 
071022105150 0.970 22.084 38.424 7.951 8.318 0.086 10.868 
071022110650 0.975 22.109 38.420 7.976 8.318 0.092 10.890 
071022112150 0.986 22.111 38.416 7.996 8.318 0.057 10.903 
071022113650 0.977 22.160 38.418 7.999 8.318 0.064 10.908 
071022115150 0.980 22.182 38.411 8.010 8.313 0.082 10.869 
071022120650 0.987 22.238 38.416 8.018 8.315 0.075 10.891 
071022122150 0.956 22.280 38.417 8.023 8.315 0.069 10.904 
071022123650 0.968 22.275 38.408 8.043 8.313 0.065 10.909 
071022125150 0.973 22.308 38.426 8.053 8.312 0.077 10.870 
071022130650 0.966 22.326 38.412 8.071 8.312 0.078 10.892 
071022132150 0.954 22.368 38.406 8.082 8.311 0.074 10.905 
071022133650 0.960 22.343 38.414 8.082 8.311 0.071 10.910 
071022135150 0.962 22.338 38.419 8.086 8.311 0.073 10.870 
071022140650 0.974 22.383 38.429 8.082 8.311 0.103 10.888 
071022142150 0.956 22.428 38.398 8.076 8.312 0.102 10.904 
071022143650 0.954 22.451 38.413 8.071 8.313 0.089 10.909 
071022145150 0.959 22.497 38.413 8.066 8.312 0.070 10.870 
071022150650 0.952 22.445 38.408 8.079 8.312 0.115 10.892 
071022152150 0.925 22.419 38.448 8.085 8.311 0.085 10.906 
