SAMBAT Sea Ti  C/T/D/Odo/Fluo/pH GPS : 50195 
V:0,Pression (0/50),m
V:1,Température (-5/35),°C
V:2,Salinité (2/42),g/l
V:3,Oxygène (0/20),mgl
V:4,PH (0/14),pH
V:5,Fluorescence (0/50),µgl
V:6,Tension batterie,V
181122170503 0.854 20.590 36.937 8.244 8.318 0.290 10.762 
181122172002 0.773 20.597 36.925 8.246 8.316 0.277 10.856 
181122173502 0.705 20.583 36.951 8.245 8.318 0.267 10.881 
181122175002 0.727 20.578 36.976 8.247 8.318 0.321 10.892 
181122180502 0.801 20.577 36.936 8.245 8.318 0.234 10.861 
181122182002 0.846 20.568 36.921 8.245 8.318 0.221 10.886 
181122183502 0.773 20.560 36.884 8.242 8.319 0.269 10.894 
181122185002 0.763 20.562 36.925 8.248 8.318 0.329 10.894 
181122190502 0.818 20.561 36.905 8.245 8.319 0.227 10.872 
181122192002 0.906 20.568 36.947 8.243 8.319 0.273 10.886 
181122193502 0.901 20.559 36.953 8.243 8.319 0.262 10.893 
181122195002 0.825 20.561 36.970 8.250 8.319 0.255 10.894 
181122200502 0.803 20.567 36.943 8.247 8.320 0.233 10.862 
181122202002 0.724 20.554 36.908 8.249 8.320 0.193 10.882 
181122203502 0.762 20.562 36.918 8.244 8.320 0.274 10.890 
181122205002 0.699 20.552 36.944 8.240 8.320 0.218 10.893 
181122210502 0.662 20.553 36.909 8.242 8.321 0.244 10.871 
181122212002 0.807 20.552 36.946 8.240 8.321 0.246 10.886 
181122213502 0.698 20.554 36.928 8.246 8.322 0.227 10.896 
181122215002 0.754 20.547 36.929 8.245 8.322 0.185 10.899 
181122220502 0.791 20.531 36.978 8.244 8.323 0.279 10.870 
181122222002 0.733 20.535 36.945 8.240 8.321 0.210 10.890 
181122223502 0.662 20.532 36.958 8.237 8.321 0.262 10.897 
181122225002 0.812 20.533 36.949 8.226 8.321 0.260 10.895 
181122230502 0.813 20.533 36.922 8.215 8.323 0.212 10.862 
181122232002 0.788 20.531 36.942 8.206 8.324 0.218 10.886 
181122233502 0.916 20.528 37.350 8.193 8.323 0.212 10.891 
181122235002 0.754 20.505 36.927 8.189 8.324 0.261 10.898 
191122000502 0.875 20.517 36.936 8.180 8.322 0.246 10.871 
191122002002 0.771 20.534 36.930 8.178 8.323 0.261 10.890 
191122003502 0.771 20.520 36.947 8.171 8.322 0.359 10.896 
191122005002 0.772 20.531 36.937 8.165 8.324 0.329 10.900 
191122010502 0.760 20.499 36.940 8.167 8.325 0.228 10.869 
191122012002 0.817 20.493 36.948 8.173 8.324 0.264 10.885 
191122013502 0.742 20.504 36.921 8.166 8.323 0.206 10.895 
191122015002 0.730 20.486 36.929 8.173 8.324 0.219 10.899 
191122020502 0.832 20.455 36.929 8.174 8.323 0.220 10.862 
191122022002 0.708 20.420 36.919 8.170 8.325 0.220 10.884 
191122023502 0.711 20.444 36.926 8.155 8.324 0.201 10.890 
191122025002 0.828 20.425 36.924 8.153 8.325 0.187 10.897 
191122030502 0.830 20.449 36.912 8.146 8.323 0.171 10.869 
191122032002 0.769 20.453 36.904 8.150 8.325 0.314 10.885 
191122033502 0.773 20.425 36.930 8.159 8.322 0.315 10.895 
191122035002 0.829 20.421 36.916 8.162 8.324 0.456 10.899 
191122040502 0.706 20.429 36.895 8.161 8.322 0.205 10.871 
191122042002 0.757 20.429 36.936 8.162 8.320 0.202 10.888 
191122043502 0.761 20.434 36.905 8.163 8.325 0.247 10.896 
191122045002 0.726 20.449 36.901 8.160 8.324 0.220 10.895 
191122050502 0.777 20.445 36.913 8.156 8.324 0.279 10.861 
191122052002 0.736 20.441 36.902 8.161 8.322 0.253 10.884 
191122053502 0.797 20.442 36.917 8.156 8.320 0.229 10.894 
191122055002 0.690 20.434 36.901 8.156 8.320 0.206 10.894 
191122060502 0.832 20.449 36.904 8.155 8.323 0.217 10.871 
191122062002 0.770 20.450 36.911 8.149 8.322 0.220 10.889 
191122063502 0.758 20.429 36.908 8.149 8.322 0.181 10.896 
191122065002 0.847 20.439 36.912 8.150 8.323 0.217 10.895 
191122070502 0.859 20.444 36.918 8.150 8.322 0.223 10.862 
191122072002 0.834 20.431 36.913 8.156 8.321 0.176 10.886 
191122073502 0.663 20.421 36.908 8.154 8.321 0.400 10.894 
191122075002 0.760 20.423 36.885 8.173 8.321 0.180 10.894 
191122080502 0.729 20.394 36.860 8.170 8.323 0.238 10.870 
191122082002 0.812 20.376 36.863 8.152 8.317 0.210 10.887 
191122083502 0.771 20.350 36.865 8.139 8.322 0.222 10.891 
191122085002 0.795 20.341 36.850 8.131 8.323 0.284 10.897 
191122090502 0.809 20.305 36.784 8.123 8.324 0.232 10.870 
191122092002 0.771 20.191 36.651 8.125 8.323 0.218 10.889 
191122093502 0.734 20.213 36.709 8.116 8.321 0.217 10.891 
191122095002 0.812 20.237 36.750 8.117 8.325 0.251 10.894 
191122100502 0.777 20.249 36.754 8.115 8.324 0.212 10.860 
191122102002 0.766 20.302 36.799 8.113 8.325 0.248 10.881 
191122103502 0.764 20.301 36.819 8.136 8.327 0.229 10.888 
191122105002 0.738 20.321 36.834 8.128 8.325 0.260 10.895 
191122110502 0.785 20.348 36.847 8.123 8.325 0.267 10.870 
191122112002 0.804 20.353 36.861 8.128 8.325 0.285 10.884 
191122113502 0.776 20.365 36.871 8.125 8.324 0.205 10.890 
191122115002 0.737 20.367 36.870 8.113 8.321 0.225 10.896 
191122120502 0.758 20.404 36.899 8.096 8.323 0.233 10.871 
191122122002 0.811 20.415 36.884 8.082 8.322 0.226 10.889 
191122123502 0.794 20.414 36.903 8.078 8.320 0.227 10.895 
191122125002 0.795 20.406 36.911 8.074 8.323 0.254 10.894 
191122130502 0.800 20.425 36.906 8.067 8.321 0.211 10.861 
191122132002 0.800 20.422 36.911 8.065 8.321 0.176 10.886 
191122133502 0.742 20.423 36.893 8.066 8.322 0.115 10.890 
191122135002 0.762 20.434 36.900 8.073 8.320 0.155 10.896 
191122140502 0.836 20.448 36.907 8.068 8.320 0.107 10.870 
191122142002 0.778 20.457 36.893 8.068 8.320 0.160 10.884 
191122143502 0.806 20.457 36.903 8.075 8.321 0.138 10.894 
191122145002 0.810 20.441 36.894 8.082 8.321 0.199 10.898 
191122150502 0.747 20.450 36.878 8.082 8.320 0.227 10.870 
191122152002 0.751 20.432 36.874 8.084 8.320 0.285 10.889 
191122153502 0.749 20.441 36.852 8.087 8.320 0.250 10.896 
191122155002 0.800 20.466 36.894 8.086 8.319 0.334 10.899 
191122160502 0.734 20.450 36.889 8.096 8.320 0.273 10.862 
191122162002 0.694 20.448 36.883 8.121 8.321 0.289 10.882 
191122163502 0.790 20.450 36.890 8.126 8.319 0.336 10.891 
191122165002 0.762 20.463 36.893 8.127 8.319 0.311 10.897 
191122170502 0.748 20.442 36.885 8.141 8.319 0.272 10.871 
