SAMBAT Sea Ti  C/T/D/Odo/Fluo/pH GPS : 50195 
V:0,Pression (0/50),dba
V:1,Température (-5/35),°C
V:2,Salinité (2/42),g/l
V:3,Oxygène (0/20),mgl
V:4,PH (0/14),pH
V:5,Fluorescence (0/500),ppb
V:6,Tension batterie,V
020623123912 0.868 21.556 38.051 9.184 8.254 0.372 10.715 
020623125411 0.812 21.567 38.053 9.173 8.253 0.569 10.889 
020623130911 0.828 21.579 38.084 9.174 8.253 0.235 10.914 
020623132411 0.804 21.628 38.063 9.167 8.252 0.205 10.921 
020623133911 0.809 21.741 38.087 9.147 8.251 0.524 10.850 
020623135411 0.771 21.698 38.105 9.149 8.253 0.554 10.913 
020623140911 0.835 21.734 38.080 9.147 8.252 0.759 10.923 
020623142411 0.824 21.696 38.107 9.149 8.252 0.721 10.925 
020623143911 0.800 21.653 38.106 9.165 8.251 0.835 10.851 
020623145411 0.797 21.736 38.127 9.142 8.251 0.979 10.914 
020623150911 0.829 21.762 38.149 9.140 8.250 1.412 10.923 
020623152411 0.828 21.721 38.152 9.146 8.248 1.146 10.925 
020623153911 0.787 21.755 38.130 9.141 8.250 0.714 10.852 
020623155411 0.776 21.770 38.135 9.130 8.250 1.017 10.915 
020623160911 0.796 21.744 38.129 9.138 8.250 0.957 10.924 
020623162411 0.818 21.747 38.125 9.137 8.249 0.797 10.926 
020623163911 0.798 21.718 38.098 9.147 8.250 1.010 10.853 
020623165411 0.787 21.750 38.098 9.138 8.250 1.177 10.915 
020623170911 0.803 21.757 38.104 9.139 8.250 0.888 10.924 
020623172411 0.811 21.736 38.093 9.141 8.250 1.048 10.926 
020623173911 0.803 21.731 38.106 9.145 8.250 1.048 10.854 
020623175411 0.809 21.606 38.119 9.173 8.252 1.693 10.915 
020623180911 0.804 21.530 38.084 9.200 8.253 1.093 10.924 
020623182411 0.823 21.498 38.102 9.208 8.254 1.055 10.926 
020623183911 0.793 21.398 38.086 9.240 8.255 0.645 10.851 
020623185411 0.815 21.297 38.078 9.271 8.256 1.344 10.914 
020623190911 0.798 21.352 38.127 9.250 8.257 1.017 10.923 
020623192411 0.809 21.333 38.049 9.266 8.258 1.169 10.925 
020623193911 0.793 21.281 38.105 9.272 8.257 1.055 10.850 
020623195411 0.817 21.033 38.130 9.342 8.259 1.260 10.912 
020623200911 0.824 21.016 38.005 9.348 8.260 1.139 10.921 
020623202411 0.818 20.980 38.118 9.347 8.260 1.617 10.923 
020623203911 0.813 21.005 38.090 9.352 8.262 1.116 10.846 
020623205411 0.814 21.058 38.135 9.333 8.262 1.207 10.911 
020623210911 0.821 21.085 38.129 9.329 8.262 1.313 10.920 
020623212411 0.825 21.050 38.114 9.343 8.262 1.207 10.922 
020623213911 0.823 21.022 38.130 9.352 8.263 1.032 10.849 
020623215411 0.829 21.067 38.124 9.334 8.263 1.328 10.911 
020623220911 0.823 21.069 38.139 9.336 8.263 1.283 10.920 
020623222411 0.818 21.025 38.117 9.351 8.263 1.161 10.922 
020623223911 0.818 21.003 38.126 9.354 8.263 1.245 10.848 
020623225411 0.820 20.980 38.115 9.357 8.263 1.215 10.910 
020623230911 0.822 20.979 38.093 9.355 8.264 1.662 10.919 
020623232411 0.817 20.968 38.077 9.356 8.264 1.048 10.921 
020623233911 0.831 20.931 38.130 9.366 8.264 1.222 10.846 
020623235411 0.825 20.930 38.149 9.365 8.264 1.678 10.909 
030623000911 0.824 20.931 38.108 9.359 8.264 0.994 10.918 
030623002411 0.824 20.940 37.923 9.354 8.264 1.427 10.921 
030623003911 0.837 20.946 38.004 9.341 8.264 1.124 10.844 
030623005411 0.820 20.952 37.995 9.335 8.264 1.412 10.908 
030623010911 0.822 20.943 38.004 9.334 8.265 1.313 10.918 
030623012411 0.817 20.938 37.994 9.333 8.265 1.131 10.920 
030623013911 0.831 20.923 38.001 9.334 8.265 1.488 10.846 
030623015411 0.819 20.911 37.979 9.332 8.265 1.169 10.908 
030623020911 0.819 20.908 38.000 9.329 8.265 1.602 10.918 
030623022411 0.824 20.922 38.002 9.323 8.265 1.268 10.920 
030623023911 0.832 20.924 38.037 9.318 8.265 1.078 10.846 
030623025411 0.813 20.917 37.995 9.318 8.265 1.237 10.908 
030623030911 0.837 20.931 38.024 9.310 8.265 0.812 10.917 
030623032411 0.825 20.925 38.034 9.308 8.265 1.412 10.920 
030623033911 0.823 20.914 38.102 9.308 8.266 1.184 10.854 
030623035411 0.811 20.911 37.582 9.307 8.266 0.774 10.909 
030623040911 0.809 20.920 37.795 9.301 8.266 1.055 10.918 
030623042411 0.815 20.928 37.772 9.297 8.266 1.139 10.920 
030623043911 0.829 20.914 37.820 9.295 8.266 2.141 10.843 
030623045411 0.822 20.935 37.818 9.288 8.266 1.010 10.907 
030623050911 0.809 20.926 37.654 9.291 8.265 1.131 10.917 
030623052411 0.832 20.936 37.663 9.285 8.265 1.207 10.920 
030623053911 0.842 20.931 37.662 9.286 8.266 0.979 10.753 
030623055411 0.809 20.934 37.617 9.285 8.265 1.040 10.903 
030623060911 0.824 20.935 37.521 9.279 8.265 0.858 10.915 
030623062411 0.824 20.955 37.640 9.271 8.265 1.199 10.919 
030623063911 0.828 20.967 37.702 9.267 8.264 0.789 10.846 
030623065411 0.829 20.978 37.700 9.265 8.264 0.736 10.908 
030623070911 0.815 20.985 37.550 9.263 8.263 0.972 10.917 
030623072411 0.809 20.991 37.548 9.261 8.263 0.714 10.920 
030623073911 0.830 21.007 37.630 9.256 8.262 0.865 10.845 
030623075411 0.819 21.018 37.609 9.253 8.262 0.281 10.908 
030623080911 0.823 21.028 37.660 9.250 8.262 0.455 10.917 
030623082411 0.831 21.031 37.620 9.249 8.261 0.501 10.920 
030623083911 0.828 21.093 37.653 9.235 8.261 0.433 10.846 
030623085411 0.818 21.172 37.673 9.213 8.260 0.994 10.908 
030623090911 0.820 21.234 37.714 9.203 8.259 0.668 10.918 
030623092411 0.839 21.216 37.613 9.212 8.259 0.349 10.920 
030623093911 0.830 21.216 37.580 9.202 8.258 0.509 10.855 
030623095411 0.830 21.222 37.688 9.207 8.258 0.729 10.911 
030623100911 0.801 21.230 37.730 9.204 8.258 0.387 10.919 
030623102411 0.769 21.250 37.665 9.202 8.258 0.364 10.921 
030623103911 0.748 21.261 37.694 9.199 8.258 0.326 10.744 
030623105411 0.828 21.256 37.680 9.201 8.257 0.478 10.906 
030623110911 0.875 21.250 37.672 9.201 8.257 0.342 10.918 
030623112411 0.721 21.280 37.665 9.199 8.257 0.600 10.921 
030623113911 0.846 21.277 37.651 9.199 8.257 0.380 10.762 
030623115411 0.777 21.292 37.648 9.199 8.255 0.000 10.907 
030623120911 0.716 21.306 37.649 9.199 8.255 0.159 10.918 
030623122411 0.749 21.368 37.701 9.186 8.255 0.433 10.921 
030623123911 0.816 21.416 37.659 9.181 8.255 0.562 10.757 
