SAMBAT Sea Ti  C/T/D/Odo/Fluo/pH GPS : 50195 
V:0,Pression (0/50),m
V:1,Température (-5/35),°C
V:2,Salinité (2/42),g/l
V:3,Oxygène (0/20),mgl
V:4,PH (0/14),pH
V:5,Fluorescence (0/50),µgl
V:6,Tension batterie,V
190123193712 0.803 15.023 36.842 9.371 8.342 0.330 10.717 
190123195211 0.880 15.030 36.856 9.367 8.342 0.502 10.803 
190123200711 0.916 15.011 36.840 9.367 8.342 0.412 10.806 
190123202211 0.942 15.021 36.816 9.370 8.342 0.432 10.829 
190123203711 0.801 15.011 36.862 9.372 8.342 0.424 10.839 
190123205211 0.747 15.012 36.879 9.370 8.342 0.544 10.844 
190123210711 0.786 15.018 36.844 9.374 8.342 0.349 10.807 
190123212211 0.880 15.002 36.874 9.379 8.342 0.350 10.831 
190123213711 0.822 15.019 36.894 9.372 8.342 0.396 10.840 
190123215211 0.733 14.991 36.826 9.380 8.342 0.425 10.845 
190123220711 0.740 15.003 36.852 9.377 8.343 0.510 10.807 
190123222211 0.739 14.990 36.836 9.379 8.343 0.436 10.831 
190123223711 0.801 15.002 36.802 9.380 8.343 0.449 10.841 
190123225211 0.875 14.971 36.854 9.387 8.343 0.450 10.845 
190123230711 0.664 14.992 36.853 9.383 8.343 0.408 10.816 
190123232211 0.892 14.988 36.861 9.381 8.343 0.373 10.835 
190123233711 0.833 14.994 36.834 9.380 8.343 0.428 10.842 
190123235211 0.866 14.994 36.834 9.381 8.343 0.333 10.846 
200123000711 0.849 14.998 36.794 9.379 8.343 0.367 10.808 
200123002211 0.812 15.007 36.752 9.373 8.344 0.389 10.831 
200123003711 0.841 14.985 36.860 9.376 8.344 0.346 10.841 
200123005211 0.890 14.998 36.823 9.374 8.344 0.483 10.845 
200123010711 0.809 14.981 36.857 9.375 8.344 0.462 10.816 
200123012211 0.852 14.987 36.850 9.370 8.344 0.365 10.835 
200123013711 0.810 14.981 36.870 9.374 8.344 0.413 10.842 
200123015211 0.844 14.996 36.838 9.364 8.344 0.349 10.846 
200123020711 0.862 15.007 36.794 9.358 8.344 0.305 10.816 
200123022211 0.908 14.998 36.849 9.358 8.344 0.356 10.835 
200123023711 0.809 14.999 36.744 9.351 8.345 0.434 10.843 
200123025211 0.822 15.001 37.127 9.354 8.345 0.352 10.846 
200123030711 0.902 14.978 37.193 9.355 8.345 0.392 10.808 
200123032211 0.822 15.000 36.817 9.351 8.344 0.325 10.831 
200123033711 0.810 14.985 36.820 9.353 8.346 0.376 10.841 
200123035211 0.807 14.955 36.825 9.365 8.346 0.423 10.845 
200123040711 0.908 14.977 36.832 9.352 8.345 0.353 10.817 
200123042211 0.874 14.966 36.871 9.361 8.346 0.305 10.835 
200123043711 0.853 15.010 36.847 9.343 8.345 0.280 10.843 
200123045211 0.818 14.991 36.860 9.350 8.345 0.427 10.846 
200123050711 0.802 14.958 36.846 9.367 8.346 0.403 10.815 
200123052211 0.824 14.957 36.891 9.368 8.347 0.378 10.835 
200123053711 0.789 14.938 36.905 9.375 8.348 0.405 10.842 
200123055211 0.849 14.939 36.793 9.374 8.348 0.532 10.846 
200123060711 0.810 14.914 36.814 9.378 8.349 0.494 10.807 
200123062211 0.792 14.939 36.851 9.373 8.349 0.495 10.831 
200123063711 0.762 14.938 36.848 9.375 8.349 0.351 10.841 
200123065211 0.779 14.943 36.831 9.372 8.349 0.471 10.844 
200123070711 0.810 14.940 36.824 9.378 8.349 0.375 10.816 
200123072211 0.852 14.923 36.821 9.379 8.348 0.354 10.835 
200123073711 0.734 14.939 36.912 9.371 8.348 0.462 10.842 
200123075211 0.807 14.914 36.864 9.373 8.347 0.321 10.846 
200123080711 0.785 14.951 36.853 9.362 8.346 0.390 10.815 
200123082211 0.797 14.947 36.886 9.365 8.347 0.323 10.834 
200123083711 0.774 14.917 36.905 9.373 8.347 0.409 10.842 
200123085211 0.843 14.930 36.889 9.362 8.347 0.552 10.846 
200123090711 0.812 14.953 36.851 9.347 8.347 0.399 10.808 
200123092211 0.862 14.944 36.842 9.347 8.347 0.356 10.831 
200123093711 0.842 14.947 36.881 9.342 8.347 0.370 10.840 
200123095211 0.782 14.935 36.879 9.347 8.347 0.370 10.845 
200123100711 0.754 14.954 36.899 9.337 8.346 0.296 10.816 
200123102211 0.727 14.962 36.908 9.336 8.346 0.279 10.835 
200123103711 0.772 14.963 36.880 9.333 8.346 0.241 10.842 
200123105211 0.809 14.964 36.854 9.334 8.345 0.261 10.846 
200123110711 0.769 14.964 36.902 9.329 8.345 0.415 10.817 
200123112211 0.881 14.964 36.859 9.332 8.346 0.359 10.835 
200123113711 0.942 14.901 36.906 9.348 8.346 0.332 10.842 
200123115211 0.859 14.931 36.856 9.344 8.346 0.353 10.846 
200123120711 0.880 14.929 36.855 9.350 8.347 0.364 10.808 
200123122211 0.845 14.919 36.878 9.347 8.346 0.371 10.831 
200123123711 0.809 14.926 36.898 9.346 8.346 0.290 10.840 
200123125211 0.884 14.938 36.884 9.341 8.345 0.193 10.845 
200123130711 0.831 14.960 36.845 9.340 8.345 0.188 10.816 
200123132211 0.885 14.935 36.879 9.346 8.344 0.169 10.835 
200123133711 0.861 14.943 36.878 9.350 8.343 0.151 10.842 
200123135211 0.765 14.955 36.906 9.352 8.342 0.132 10.846 
200123140711 0.802 14.955 36.869 9.354 8.341 0.140 10.816 
200123142211 0.829 14.965 36.884 9.351 8.341 0.162 10.835 
200123143711 0.842 14.966 36.895 9.352 8.339 0.149 10.842 
200123145211 0.827 14.947 36.864 9.365 8.341 0.221 10.846 
200123150711 0.909 14.941 36.921 9.371 8.341 0.167 10.807 
200123152211 0.862 14.954 36.862 9.370 8.340 0.146 10.831 
200123153711 0.841 14.944 36.880 9.373 8.341 0.356 10.840 
200123155211 0.852 14.948 36.942 9.370 8.342 0.446 10.845 
200123160711 0.853 14.931 36.873 9.370 8.342 0.458 10.816 
200123162211 0.731 14.939 36.851 9.369 8.342 0.409 10.834 
200123163711 0.904 14.932 36.857 9.373 8.342 0.481 10.842 
200123165211 0.835 14.928 36.945 9.375 8.342 0.436 10.846 
200123170711 0.852 14.930 36.853 9.373 8.342 0.441 10.816 
200123172211 0.871 14.908 36.862 9.372 8.341 0.414 10.835 
200123173711 0.863 14.907 36.906 9.366 8.341 0.438 10.842 
200123175211 0.842 14.933 36.906 9.362 8.340 0.487 10.846 
200123180711 0.936 14.933 36.892 9.358 8.340 0.496 10.808 
200123182211 0.791 14.940 36.901 9.356 8.340 0.410 10.831 
200123183711 0.814 14.950 36.946 9.351 8.339 0.514 10.840 
200123185211 0.840 14.934 36.877 9.348 8.339 0.560 10.845 
200123190711 0.915 14.916 36.906 9.356 8.340 0.427 10.816 
200123192211 0.847 14.916 36.976 9.349 8.340 0.416 10.834 
200123193711 0.868 14.912 36.912 9.354 8.340 0.461 10.842 
