SAMBAT Sea Ti  C/T/D/Odo/Fluo/pH GPS : 50195 
V:0,Pression (0/50),m
V:1,Température (-5/35),°C
V:2,Salinité (2/42),g/l
V:3,Oxygène (0/20),mgl
V:4,PH (0/14),pH
V:5,Fluorescence (0/50),µgl
V:6,Tension batterie,V
230822132317 0.804 26.789 38.256 7.668 8.261 0.076 10.819 
230822133816 0.792 26.877 38.216 7.660 8.260 0.108 10.925 
230822135316 0.829 26.877 38.222 7.654 8.259 0.071 10.906 
230822140816 0.816 26.998 38.249 7.634 8.258 0.082 10.940 
230822142316 0.786 27.061 38.283 7.618 8.257 0.087 10.948 
230822143816 0.808 27.074 38.287 7.612 8.257 0.090 10.950 
230822145316 0.800 27.072 38.303 7.614 8.256 0.077 10.908 
230822150816 0.771 27.182 38.259 7.585 8.256 0.085 10.942 
230822152316 0.813 27.189 38.261 7.585 8.255 0.095 10.949 
230822153816 0.780 27.186 38.254 7.583 8.256 0.121 10.951 
230822155316 0.825 26.996 38.239 7.609 8.256 0.089 10.888 
230822160816 0.801 26.933 38.242 7.619 8.257 0.081 10.939 
230822162316 0.837 27.119 38.206 7.580 8.256 0.108 10.948 
230822163816 0.819 27.161 38.297 7.564 8.255 0.199 10.951 
230822165316 0.844 27.236 38.295 7.550 8.255 0.130 10.913 
230822170816 0.811 27.220 38.224 7.553 8.255 0.133 10.944 
230822172316 0.775 27.207 38.207 7.552 8.255 0.124 10.950 
230822173816 0.757 27.182 38.180 7.556 8.255 0.157 10.952 
230822175316 0.778 27.181 38.190 7.556 8.255 0.162 10.890 
230822180816 0.789 27.168 38.155 7.557 8.254 0.168 10.940 
230822182316 0.800 27.174 38.145 7.552 8.255 0.176 10.949 
230822183816 0.808 27.186 38.159 7.551 8.254 0.165 10.951 
230822185316 0.835 27.174 38.149 7.551 8.256 0.163 10.912 
230822190816 0.769 27.160 38.150 7.553 8.257 0.182 10.944 
230822192316 0.805 27.186 38.177 7.545 8.257 0.201 10.951 
230822193816 0.829 27.169 38.219 7.546 8.257 0.155 10.952 
230822195316 0.791 27.143 38.213 7.554 8.258 0.169 10.913 
230822200816 0.789 27.096 38.222 7.563 8.258 0.197 10.945 
230822202316 0.840 27.062 38.173 7.571 8.260 0.179 10.951 
230822203816 0.817 27.028 38.220 7.580 8.261 0.158 10.952 
230822205316 0.785 26.995 38.212 7.585 8.263 0.249 10.890 
230822210816 0.804 26.961 38.211 7.587 8.262 0.263 10.940 
230822212316 0.805 26.945 38.218 7.594 8.263 0.136 10.949 
230822213816 0.848 26.908 38.210 7.600 8.264 0.181 10.951 
230822215316 0.774 26.855 38.220 7.616 8.265 0.173 10.911 
230822220816 0.829 26.769 38.225 7.625 8.267 0.204 10.943 
230822222316 0.837 26.686 38.217 7.639 8.267 0.222 10.949 
230822223816 0.828 26.632 38.023 7.645 8.269 0.432 10.950 
230822225316 0.825 26.575 38.004 7.651 8.270 0.201 10.888 
230822230816 0.839 26.492 38.216 7.664 8.271 0.159 10.938 
230822232316 0.798 26.446 38.186 7.673 8.272 0.190 10.947 
230822233816 0.832 26.418 38.225 7.678 8.272 0.232 10.949 
230822235316 0.814 26.421 38.227 7.672 8.272 0.166 10.909 
240822000816 0.828 26.407 38.236 7.674 8.272 0.252 10.941 
240822002316 0.837 26.369 38.273 7.679 8.274 0.242 10.947 
240822003816 0.831 26.379 38.271 7.677 8.274 0.229 10.949 
240822005316 0.838 26.369 38.267 7.682 8.274 0.203 10.908 
240822010816 0.825 26.346 38.278 7.688 8.274 0.225 10.941 
240822012316 0.816 26.335 38.231 7.691 8.276 0.179 10.947 
240822013816 0.844 26.338 38.226 7.691 8.276 1.665 10.948 
240822015316 0.812 26.323 38.216 7.695 8.276 0.185 10.907 
240822020816 0.851 26.324 38.219 7.699 8.277 0.186 10.940 
240822022316 0.820 26.316 38.209 7.702 8.277 0.259 10.947 
240822023816 0.859 26.308 38.233 7.707 8.277 0.192 10.949 
240822025316 0.831 26.312 38.198 7.708 8.279 0.245 10.881 
240822030816 0.835 26.329 38.226 7.704 8.277 0.199 10.935 
240822032316 0.822 26.335 38.230 7.704 8.278 0.187 10.945 
240822033816 0.861 26.340 38.221 7.706 8.278 0.208 10.948 
240822035316 0.831 26.337 38.204 7.706 8.278 0.209 10.907 
240822040816 0.786 26.348 38.219 7.701 8.279 0.220 10.940 
240822042316 0.814 26.330 38.223 7.704 8.278 0.214 10.946 
240822043816 0.852 26.349 38.170 7.697 8.279 0.188 10.949 
240822045316 0.810 26.338 38.219 7.697 8.280 2.197 10.907 
240822050816 0.797 26.365 38.220 7.687 8.277 0.227 10.940 
240822052316 0.813 26.358 38.222 7.689 8.278 0.173 10.947 
240822053816 0.806 26.358 38.188 7.691 8.278 0.240 10.949 
240822055316 0.815 26.354 38.219 7.693 8.277 0.206 10.908 
240822060816 0.827 26.338 38.214 7.691 8.278 0.174 10.940 
240822062316 0.821 26.344 38.221 7.690 8.278 0.240 10.947 
240822063816 0.836 26.340 38.224 7.693 8.276 0.236 10.949 
240822065316 0.798 26.333 38.221 7.693 8.277 0.236 10.881 
240822070816 0.840 26.335 38.221 7.694 8.275 0.221 10.935 
240822072316 0.807 26.324 38.209 7.696 8.274 0.244 10.945 
240822073816 0.833 26.383 38.220 7.683 8.273 0.158 10.948 
240822075316 0.849 26.363 38.236 7.686 8.274 0.184 10.907 
240822080816 0.795 26.365 38.163 7.684 8.273 0.120 10.940 
240822082316 0.826 26.327 38.201 7.687 8.274 0.116 10.946 
240822083816 0.822 26.341 38.190 7.683 8.273 0.144 10.949 
240822085316 0.823 26.354 38.190 7.681 8.274 0.147 10.907 
240822090816 0.816 26.374 38.180 7.675 8.271 0.101 10.940 
240822092316 0.792 26.396 38.183 7.672 8.271 0.104 10.946 
240822093816 0.840 26.419 38.092 7.670 8.272 0.105 10.949 
240822095316 0.811 26.449 38.112 7.672 8.269 0.094 10.885 
240822100816 0.843 26.485 38.168 7.667 8.270 0.099 10.936 
240822102316 0.825 26.499 38.210 7.669 8.271 0.066 10.946 
240822103816 0.845 26.542 38.187 7.664 8.269 0.103 10.949 
240822105316 0.833 26.572 38.228 7.664 8.267 0.077 10.908 
240822110816 0.826 26.581 38.222 7.670 8.267 0.092 10.940 
240822112316 0.856 26.637 38.225 7.670 8.267 0.081 10.948 
240822113816 0.851 26.653 38.218 7.670 8.267 0.075 10.949 
240822115316 0.828 26.692 38.220 7.664 8.267 0.063 10.908 
240822120816 0.830 26.700 38.222 7.666 8.265 0.054 10.941 
240822122316 0.833 26.713 38.220 7.660 8.265 0.104 10.948 
240822123816 0.817 26.775 38.227 7.643 8.264 0.079 10.950 
240822125316 0.817 26.826 38.228 7.634 8.262 0.099 10.888 
240822130816 0.801 26.853 38.225 7.631 8.262 0.074 10.938 
240822132316 0.825 26.855 38.219 7.628 8.263 0.078 10.948 
