SAMBAT Sea Ti  C/T/D/Odo/Fluo/pH GPS : 50195 
V:0,Pression (0/50),dba
V:1,Température (-5/35),°C
V:2,Salinité (2/42),g/l
V:3,Oxygène (0/20),mgl
V:4,PH (0/14),pH
V:5,Fluorescence (0/500),ppb
V:6,Tension batterie,V
290323100123 0.956 14.719 38.154 10.602 8.231 0.926 10.719 
290323101622 0.955 14.724 38.154 10.603 8.231 0.509 10.798 
290323103122 0.970 14.729 38.151 10.602 8.230 0.698 10.826 
290323104622 0.868 14.740 38.154 10.601 8.229 1.078 10.814 
290323110122 0.912 14.764 38.153 10.594 8.229 0.873 10.833 
290323111622 0.955 14.782 38.156 10.586 8.228 0.509 10.842 
290323113122 0.951 14.836 38.158 10.576 8.227 0.881 10.846 
290323114622 0.942 14.864 38.155 10.571 8.227 0.471 10.820 
290323120122 0.917 14.880 38.162 10.564 8.227 0.615 10.838 
290323121622 0.949 14.964 38.166 10.545 8.226 0.645 10.846 
290323123122 0.952 15.055 38.168 10.519 8.225 0.471 10.850 
290323124622 0.953 15.063 38.166 10.519 8.225 0.463 10.824 
290323130122 0.933 15.069 38.163 10.524 8.227 0.850 10.841 
290323131622 0.950 15.053 38.155 10.537 8.226 1.040 10.849 
290323133122 0.951 15.149 38.166 10.513 8.224 0.585 10.852 
290323134622 0.964 15.232 38.147 10.497 8.224 0.615 10.825 
290323140122 0.961 15.181 38.153 10.516 8.223 0.372 10.842 
290323141622 0.940 15.249 38.163 10.496 8.223 0.531 10.850 
290323143122 0.968 15.231 38.159 10.510 8.223 1.154 10.853 
290323144622 0.922 15.222 38.151 10.513 8.223 0.653 10.826 
290323150122 0.942 15.222 38.167 10.517 8.223 0.645 10.843 
290323151622 0.975 15.185 38.158 10.539 8.223 0.858 10.850 
290323153122 0.903 15.162 38.161 10.553 8.223 0.349 10.853 
290323154622 0.950 15.163 38.162 10.558 8.223 1.124 10.826 
290323160122 0.940 15.146 38.155 10.570 8.223 0.873 10.844 
290323161622 0.992 15.129 38.158 10.579 8.223 1.245 10.850 
290323163122 0.882 15.075 38.159 10.601 8.224 0.919 10.853 
290323164622 0.932 15.100 38.160 10.593 8.224 1.306 10.820 
290323170122 0.966 15.048 38.167 10.615 8.224 1.625 10.840 
290323171622 0.932 15.070 38.160 10.613 8.225 2.148 10.848 
290323173122 0.837 15.055 38.155 10.620 8.225 2.642 10.852 
290323174622 0.939 15.045 38.159 10.625 8.226 3.181 10.825 
290323180122 0.858 15.045 38.162 10.626 8.226 3.674 10.842 
290323181622 0.879 15.024 38.159 10.635 8.227 3.431 10.849 
290323183122 0.956 15.003 38.161 10.641 8.227 3.500 10.852 
290323184622 0.985 14.997 38.160 10.644 8.227 3.538 10.825 
290323190122 0.879 14.976 38.161 10.654 8.227 3.727 10.842 
290323191622 0.915 14.970 38.160 10.658 8.228 3.128 10.849 
290323193122 0.956 14.973 38.159 10.658 8.228 3.401 10.852 
290323194622 0.982 14.983 38.157 10.652 8.229 2.862 10.822 
290323200122 0.917 14.963 38.160 10.664 8.229 3.310 10.841 
290323201622 0.950 14.960 38.162 10.666 8.230 3.006 10.848 
290323203122 0.984 14.946 38.158 10.672 8.230 2.687 10.851 
290323204622 0.880 14.924 38.159 10.682 8.232 2.710 10.824 
290323210122 0.930 14.918 38.158 10.686 8.233 3.492 10.841 
290323211622 0.936 14.918 38.158 10.687 8.231 2.968 10.848 
290323213122 0.874 14.892 38.161 10.694 8.233 3.249 10.851 
290323214622 0.977 14.890 38.157 10.698 8.233 3.067 10.824 
290323220122 0.891 14.877 38.157 10.700 8.234 2.816 10.841 
290323221622 0.944 14.875 38.160 10.701 8.233 3.545 10.848 
290323223122 0.980 14.872 38.160 10.701 8.232 3.355 10.851 
290323224622 0.976 14.861 38.158 10.712 8.233 3.295 10.818 
290323230122 0.922 14.853 38.156 10.714 8.233 3.181 10.838 
290323231622 0.919 14.846 38.159 10.713 8.233 3.439 10.846 
290323233122 0.960 14.835 38.159 10.717 8.233 3.439 10.849 
290323234622 0.933 14.830 38.153 10.719 8.233 3.090 10.823 
300323000122 0.961 14.828 38.156 10.717 8.233 3.128 10.840 
300323001622 0.915 14.811 38.158 10.722 8.234 3.538 10.847 
300323003122 0.869 14.800 38.154 10.726 8.233 2.892 10.850 
300323004622 0.934 14.819 38.157 10.720 8.233 3.993 10.817 
300323010122 0.917 14.798 38.160 10.723 8.234 3.477 10.837 
300323011622 0.966 14.805 38.158 10.723 8.234 3.196 10.845 
300323013122 0.921 14.794 38.161 10.724 8.234 3.583 10.849 
300323014622 0.943 14.795 38.161 10.724 8.234 3.507 10.822 
300323020122 0.879 14.791 38.157 10.724 8.234 2.991 10.839 
300323021622 0.967 14.784 38.159 10.724 8.234 4.054 10.846 
300323023122 0.921 14.778 38.165 10.721 8.235 3.325 10.850 
300323024622 0.921 14.794 38.161 10.716 8.235 3.644 10.822 
300323030122 0.928 14.783 38.158 10.718 8.235 3.993 10.839 
300323031622 0.936 14.786 38.157 10.714 8.235 2.991 10.846 
300323033122 0.938 14.788 38.159 10.709 8.235 3.037 10.850 
300323034622 0.949 14.779 38.157 10.710 8.235 3.241 10.823 
300323040122 0.877 14.769 38.159 10.709 8.236 3.788 10.840 
300323041622 0.964 14.784 38.156 10.702 8.236 3.409 10.846 
300323043122 0.911 14.783 38.160 10.699 8.236 3.037 10.849 
300323044622 0.912 14.787 38.155 10.695 8.236 3.044 10.822 
300323050122 0.916 14.770 38.158 10.696 8.236 2.877 10.840 
300323051622 0.938 14.757 38.153 10.702 8.236 2.847 10.846 
300323053122 0.888 14.773 38.156 10.691 8.236 2.627 10.849 
300323054622 0.929 14.772 38.157 10.689 8.236 3.188 10.816 
300323060122 0.905 14.762 38.157 10.690 8.237 3.424 10.837 
300323061622 0.893 14.771 38.157 10.685 8.237 3.773 10.845 
300323063122 0.915 14.771 38.159 10.682 8.237 3.196 10.849 
300323064622 0.919 14.789 38.164 10.674 8.237 3.143 10.822 
300323070122 0.917 14.781 38.163 10.675 8.236 3.576 10.839 
300323071622 0.918 14.792 38.160 10.672 8.236 2.482 10.846 
300323073122 0.925 14.794 38.162 10.670 8.236 2.315 10.849 
300323074622 0.954 14.792 38.160 10.666 8.235 1.253 10.822 
300323080122 0.946 14.792 38.163 10.665 8.234 1.556 10.840 
300323081622 0.921 14.800 38.162 10.661 8.234 1.298 10.846 
300323083122 0.927 14.789 38.159 10.663 8.234 1.579 10.850 
300323084622 0.900 14.786 38.158 10.663 8.233 0.501 10.823 
300323090122 0.953 14.810 38.160 10.658 8.233 0.979 10.840 
300323091622 0.917 14.826 38.157 10.654 8.233 0.334 10.847 
300323093122 0.963 14.850 38.156 10.647 8.232 0.812 10.850 
300323094622 0.907 14.898 38.169 10.629 8.233 0.941 10.818 
300323100122 0.931 14.939 38.147 10.624 8.233 1.131 10.838 
