SAMBAT Sea Ti  C/T/D/Odo/Fluo/pH GPS : 50195 
V:0,Pression (0/50),m
V:1,Température (-5/35),°C
V:2,Salinité (2/42),g/l
V:3,Oxygène (0/20),mgl
V:4,PH (0/14),pH
V:5,Fluorescence (0/50),µgl
V:6,Tension batterie,V
230123194635 0.970 14.541 37.100 9.345 8.341 0.785 10.713 
230123200134 0.952 14.540 37.090 9.345 8.342 0.823 10.778 
230123201634 1.009 14.552 37.054 9.335 8.342 0.980 10.815 
230123203134 0.928 14.554 37.046 9.338 8.342 1.128 10.830 
230123204634 0.914 14.556 37.062 9.335 8.341 0.870 10.837 
230123210134 0.971 14.552 37.083 9.331 8.342 0.951 10.796 
230123211634 0.982 14.550 37.128 9.330 8.341 0.975 10.825 
230123213134 0.979 14.542 37.075 9.337 8.341 0.806 10.835 
230123214634 1.011 14.539 37.092 9.335 8.341 0.854 10.840 
230123220134 0.955 14.527 37.083 9.337 8.342 0.783 10.797 
230123221634 0.985 14.523 37.105 9.338 8.342 0.631 10.825 
230123223134 0.935 14.507 37.108 9.349 8.342 0.868 10.836 
230123224634 0.970 14.527 37.118 9.346 8.342 0.655 10.840 
230123230134 1.004 14.515 37.051 9.346 8.342 0.860 10.798 
230123231634 1.022 14.519 37.055 9.348 8.342 0.936 10.826 
230123233134 0.988 14.519 37.093 9.349 8.342 0.861 10.836 
230123234634 0.913 14.505 37.082 9.350 8.342 0.923 10.840 
240123000134 0.938 14.517 37.128 9.349 8.342 0.694 10.797 
240123001634 1.008 14.495 37.074 9.355 8.342 0.876 10.826 
240123003134 0.971 14.503 37.113 9.352 8.342 0.740 10.836 
240123004634 1.027 14.494 37.089 9.355 8.342 0.840 10.840 
240123010134 0.992 14.507 37.057 9.349 8.342 0.782 10.797 
240123011634 1.022 14.487 37.151 9.349 8.342 0.903 10.825 
240123013134 0.943 14.501 37.105 9.348 8.342 0.662 10.836 
240123014634 1.009 14.505 37.023 9.340 8.342 0.745 10.841 
240123020134 1.003 14.505 37.045 9.341 8.342 1.037 10.798 
240123021634 0.983 14.489 37.059 9.344 8.342 0.708 10.826 
240123023134 1.045 14.496 37.064 9.338 8.342 0.732 10.836 
240123024634 1.018 14.482 37.097 9.338 8.342 0.853 10.840 
240123030134 0.982 14.493 37.068 9.330 8.342 0.701 10.795 
240123031634 0.965 14.487 37.087 9.330 8.342 0.852 10.825 
240123033134 1.049 14.460 37.066 9.331 8.342 1.034 10.835 
240123034634 0.980 14.467 37.070 9.328 8.342 0.827 10.840 
240123040134 1.014 14.488 37.107 9.316 8.341 0.673 10.798 
240123041634 0.977 14.480 37.059 9.312 8.340 0.670 10.826 
240123043134 1.014 14.498 37.050 9.301 8.337 0.703 10.836 
240123044634 0.986 14.501 37.017 9.292 8.338 0.843 10.840 
240123050134 1.013 14.512 37.042 9.288 8.339 0.787 10.796 
240123051634 1.030 14.513 37.060 9.282 8.336 0.778 10.825 
240123053134 0.965 14.489 37.070 9.285 8.340 0.729 10.836 
240123054634 0.954 14.509 37.109 9.278 8.339 0.592 10.840 
240123060134 1.034 14.486 37.074 9.276 8.339 0.771 10.787 
240123061634 1.050 14.516 37.026 9.263 8.339 0.648 10.821 
240123063134 0.992 14.468 37.017 9.273 8.339 0.627 10.834 
240123064634 1.022 14.479 37.036 9.266 8.339 0.657 10.840 
240123070134 1.028 14.382 36.915 9.298 8.342 0.716 10.798 
240123071634 1.010 14.399 37.011 9.284 8.340 0.789 10.825 
240123073134 1.057 14.330 36.977 9.294 8.343 0.753 10.835 
240123074634 1.004 14.355 37.026 9.284 8.342 0.720 10.839 
240123080134 1.050 14.390 36.990 9.271 8.342 0.791 10.795 
240123081634 1.058 14.374 37.001 9.270 8.343 0.605 10.824 
240123083134 1.011 14.355 37.013 9.270 8.342 0.688 10.834 
240123084634 1.010 14.374 36.972 9.270 8.343 0.758 10.839 
240123090134 1.036 14.310 36.966 9.286 8.344 0.998 10.796 
240123091634 1.038 14.341 36.979 9.272 8.344 0.701 10.824 
240123093134 0.986 14.367 37.015 9.267 8.343 0.742 10.835 
240123094634 0.975 14.436 37.024 9.250 8.342 0.786 10.839 
240123100134 1.048 14.432 37.034 9.248 8.341 0.947 10.796 
240123101634 1.041 14.491 37.041 9.239 8.339 0.700 10.824 
240123103134 1.030 14.496 37.028 9.237 8.339 0.597 10.835 
240123104634 1.020 14.488 37.022 9.238 8.338 0.523 10.840 
240123110134 1.036 14.461 37.035 9.242 8.340 0.436 10.796 
240123111634 1.052 14.479 37.045 9.236 8.340 0.394 10.824 
240123113134 1.024 14.494 37.034 9.237 8.339 0.347 10.835 
240123114634 1.035 14.487 37.067 9.238 8.339 0.389 10.840 
240123120134 1.026 14.501 37.049 9.234 8.339 0.388 10.796 
240123121634 1.030 14.501 37.054 9.230 8.339 0.407 10.825 
240123123134 1.062 14.505 37.081 9.231 8.337 0.317 10.835 
240123124634 1.049 14.506 37.057 9.234 8.336 0.349 10.840 
240123130134 1.012 14.500 37.090 9.239 8.337 0.322 10.797 
240123131634 1.027 14.501 37.092 9.247 8.336 0.286 10.825 
240123133134 1.009 14.501 37.056 9.256 8.338 0.353 10.835 
240123134634 1.027 14.474 37.046 9.273 8.338 0.382 10.840 
240123140134 1.024 14.473 37.041 9.279 8.338 0.406 10.798 
240123141634 1.038 14.467 37.060 9.290 8.337 0.388 10.825 
240123143134 1.039 14.433 37.025 9.311 8.337 0.442 10.836 
240123144634 1.009 14.426 37.049 9.324 8.337 0.519 10.840 
240123150134 1.047 14.435 37.047 9.326 8.337 0.707 10.786 
240123151634 1.061 14.436 37.018 9.338 8.337 0.694 10.820 
240123153134 1.039 14.427 37.058 9.348 8.336 0.738 10.833 
240123154634 1.027 14.438 37.062 9.341 8.335 0.740 10.839 
240123160134 1.058 14.461 37.075 9.334 8.337 0.895 10.793 
240123161634 1.046 14.452 37.092 9.336 8.335 0.803 10.823 
240123163134 1.050 14.466 37.034 9.328 8.334 0.939 10.834 
240123164634 1.034 14.462 37.078 9.337 8.336 0.946 10.839 
240123170134 1.027 14.456 37.085 9.333 8.336 0.813 10.796 
240123171634 1.022 14.451 37.072 9.334 8.335 1.044 10.824 
240123173134 1.048 14.461 37.104 9.326 8.334 0.946 10.834 
240123174634 1.031 14.454 37.080 9.323 8.331 1.054 10.840 
240123180134 1.041 14.453 37.089 9.319 8.334 1.210 10.797 
240123181634 1.048 14.457 37.091 9.318 8.335 0.982 10.825 
240123183134 1.025 14.458 37.085 9.318 8.334 0.975 10.835 
240123184634 1.035 14.452 37.097 9.312 8.334 1.128 10.840 
240123190134 1.028 14.469 37.111 9.309 8.334 0.996 10.797 
240123191634 1.001 14.451 37.097 9.306 8.334 0.993 10.825 
240123193134 1.059 14.449 37.098 9.299 8.331 0.861 10.835 
240123194634 1.038 14.439 37.097 9.296 8.329 0.808 10.840 
