SAMBAT Sea Ti  C/T/D/Odo/Fluo/pH GPS : 50195 
V:0,Pression (0/50),dba
V:1,Température (-5/35),°C
V:2,Salinité (2/42),g/l
V:3,Oxygène (0/20),mgl
V:4,PH (0/14),pH
V:5,Fluorescence (0/500),ppb
V:6,Tension batterie,V
220723144640 0.729 27.909 39.324 7.795 8.260 1.055 10.856 
220723150139 0.750 27.955 39.202 7.794 8.258 0.957 10.957 
220723151639 0.691 27.946 39.223 7.792 8.258 1.093 10.964 
220723153139 0.839 27.961 39.219 7.795 8.257 0.934 10.966 
220723154639 0.794 27.929 39.224 7.808 8.266 1.382 10.946 
220723160139 0.664 27.929 39.228 7.816 8.269 0.972 10.965 
220723161639 0.769 27.924 39.225 7.823 8.267 1.222 10.966 
220723163139 0.852 27.906 39.232 7.833 8.265 1.025 10.966 
220723164639 0.767 27.916 39.229 7.837 8.263 1.025 10.946 
220723170139 0.777 27.919 39.262 7.840 8.265 0.964 10.965 
220723171639 0.820 27.902 39.236 7.845 8.261 0.805 10.966 
220723173139 0.790 27.889 39.225 7.850 8.261 1.124 10.966 
220723174639 0.873 27.874 39.229 7.854 8.261 1.283 10.947 
220723180139 0.696 27.820 39.228 7.859 8.260 1.222 10.965 
220723181639 0.774 27.798 39.204 7.862 8.260 1.169 10.966 
220723183139 0.774 27.755 39.229 7.866 8.262 1.427 10.966 
220723184639 0.792 27.718 39.224 7.867 8.260 1.260 10.947 
220723190139 0.766 27.711 39.225 7.870 8.262 1.617 10.964 
220723191639 0.669 27.678 39.221 7.872 8.262 1.587 10.966 
220723193139 0.688 27.673 39.223 7.873 8.262 1.306 10.966 
220723194639 0.700 27.655 39.224 7.874 8.263 1.298 10.944 
220723200139 0.760 27.640 39.228 7.876 8.263 1.366 10.964 
220723201639 0.788 27.608 39.218 7.877 8.262 1.374 10.965 
220723203139 0.797 27.590 39.232 7.878 8.262 1.594 10.965 
220723204639 0.757 27.575 39.353 7.878 8.262 1.533 10.945 
220723210139 0.756 27.569 39.306 7.877 8.263 1.526 10.964 
220723211639 0.810 27.536 39.217 7.887 8.263 1.640 10.965 
220723213139 0.749 27.545 39.223 7.884 8.263 1.450 10.965 
220723214639 0.763 27.537 39.219 7.885 8.264 1.374 10.945 
220723220139 0.821 27.529 39.227 7.882 8.265 1.495 10.964 
220723221639 0.763 27.531 39.226 7.879 8.265 1.533 10.965 
220723223139 0.814 27.512 39.219 7.878 8.266 1.313 10.965 
220723224639 0.809 27.506 39.221 7.876 8.268 1.511 10.944 
220723230139 0.761 27.465 39.229 7.879 8.268 1.488 10.963 
220723231639 0.800 27.391 39.209 7.896 8.271 1.374 10.964 
220723233139 0.749 27.397 39.211 7.896 8.273 1.564 10.964 
220723234639 0.720 27.384 39.217 7.900 8.275 1.480 10.944 
230723000139 0.770 27.371 39.211 7.903 8.275 1.746 10.963 
230723001639 0.748 27.361 39.222 7.905 8.275 1.541 10.964 
230723003139 0.744 27.353 39.227 7.910 8.274 1.754 10.964 
230723004639 0.784 27.341 39.216 7.913 8.274 1.587 10.943 
230723010139 0.737 27.340 39.205 7.915 8.275 1.351 10.962 
230723011639 0.717 27.332 39.212 7.918 8.274 1.458 10.964 
230723013139 0.848 27.291 39.222 7.924 8.272 1.245 10.964 
230723014639 0.818 27.287 39.216 7.926 8.272 1.662 10.938 
230723020139 0.793 27.289 39.243 7.926 8.272 1.549 10.962 
230723021639 0.762 27.289 39.215 7.923 8.270 1.587 10.963 
230723023139 0.776 27.269 39.222 7.924 8.270 1.404 10.963 
230723024639 0.772 27.297 39.296 7.917 8.269 1.807 10.936 
230723030139 0.806 27.296 39.213 7.916 8.271 1.678 10.961 
230723031639 0.795 27.292 39.231 7.915 8.269 1.526 10.962 
230723033139 0.796 27.287 39.262 7.912 8.269 1.549 10.963 
230723034639 0.799 27.258 39.225 7.919 8.269 1.321 10.943 
230723040139 0.810 27.278 39.214 7.912 8.269 1.533 10.961 
230723041639 0.782 27.250 39.216 7.914 8.269 1.617 10.963 
230723043139 0.799 27.273 39.206 7.908 8.271 1.632 10.963 
230723044639 0.734 27.232 39.216 7.915 8.269 1.799 10.942 
230723050139 0.753 27.237 39.218 7.912 8.270 1.435 10.961 
230723051639 0.779 27.245 39.227 7.906 8.269 1.662 10.962 
230723053139 0.837 27.258 39.233 7.897 8.268 1.890 10.963 
230723054639 0.910 27.265 39.233 7.892 8.269 1.526 10.932 
230723060139 0.754 27.273 39.246 7.883 8.269 1.503 10.960 
230723061639 0.815 27.261 39.241 7.880 8.268 1.465 10.962 
230723063139 0.799 27.258 39.308 7.874 8.266 1.571 10.962 
230723064639 0.785 27.278 39.249 7.866 8.267 1.495 10.942 
230723070139 0.772 27.258 39.223 7.866 8.267 1.131 10.961 
230723071639 0.676 27.286 39.231 7.854 8.268 1.397 10.962 
230723073139 0.788 27.276 39.237 7.853 8.268 1.161 10.962 
230723074639 0.830 27.282 39.263 7.848 8.267 1.328 10.942 
230723080139 0.810 27.296 39.233 7.845 8.269 1.374 10.961 
230723081639 0.809 27.318 39.239 7.838 8.269 1.192 10.962 
230723083139 0.835 27.328 39.241 7.839 8.269 1.458 10.962 
230723084639 0.788 27.330 39.242 7.841 8.269 1.306 10.941 
230723090139 0.780 27.343 39.242 7.840 8.269 1.382 10.961 
230723091639 0.831 27.369 39.249 7.835 8.269 0.888 10.962 
230723093139 0.831 27.387 39.245 7.833 8.270 1.351 10.962 
230723094639 0.729 27.399 39.231 7.833 8.269 1.366 10.938 
230723100139 0.762 27.432 39.242 7.829 8.269 1.139 10.960 
230723101639 0.848 27.446 39.241 7.827 8.269 0.987 10.962 
230723103139 0.749 27.474 39.235 7.823 8.268 0.941 10.963 
230723104639 0.767 27.501 39.230 7.821 8.268 0.888 10.942 
230723110139 0.736 27.517 39.232 7.818 8.266 0.957 10.961 
230723111639 0.792 27.514 39.219 7.824 8.265 0.994 10.963 
230723113139 0.795 27.534 39.220 7.820 8.267 0.797 10.963 
230723114639 0.802 27.549 39.218 7.823 8.268 0.888 10.942 
230723120139 0.747 27.560 39.201 7.827 8.265 0.774 10.961 
230723121639 0.797 27.595 39.329 7.825 8.267 0.820 10.962 
230723123139 0.721 27.638 39.207 7.829 8.267 0.630 10.963 
230723124639 0.680 27.665 39.283 7.835 8.267 1.101 10.942 
230723130139 0.712 27.686 39.217 7.838 8.265 0.501 10.962 
230723131639 0.813 27.755 39.319 7.843 8.267 0.835 10.963 
230723133139 0.754 27.787 39.237 7.846 8.266 0.676 10.964 
230723134639 0.740 27.795 39.244 7.849 8.265 0.691 10.940 
230723140139 0.789 27.931 39.249 7.841 8.264 0.547 10.962 
230723141639 0.756 27.982 39.351 7.826 8.263 0.782 10.964 
230723143139 0.824 27.992 39.262 7.827 8.260 0.752 10.964 
230723144639 0.809 27.997 39.352 7.827 8.259 0.979 10.945 
