SAMBAT Sea Ti  C/T/D/Odo/Fluo/pH GPS : 50195 
V:0,Pression (0/50),dba
V:1,Température (-5/35),°C
V:2,Salinité (2/42),g/l
V:3,Oxygène (0/20),mgl
V:4,PH (0/14),pH
V:5,Fluorescence (0/500),ppb
V:6,Tension batterie,V
290623134723 0.782 26.478 38.626 8.215 8.253 1.017 10.840 
290623140222 0.798 26.381 38.623 8.236 8.252 1.040 10.942 
290623141722 0.802 26.295 38.618 8.255 8.254 1.184 10.954 
290623143222 0.806 26.247 38.624 8.269 8.254 1.427 10.955 
290623144722 0.803 26.238 38.614 8.270 8.253 1.093 10.938 
290623150222 0.750 26.208 38.612 8.273 8.254 1.420 10.954 
290623151722 0.785 26.208 38.623 8.268 8.254 1.336 10.955 
290623153222 0.717 26.184 38.623 8.271 8.254 1.587 10.956 
290623154722 0.791 26.170 38.619 8.275 8.255 1.427 10.931 
290623160222 0.803 26.171 38.624 8.273 8.255 1.594 10.953 
290623161722 0.753 26.162 38.629 8.276 8.255 1.427 10.955 
290623163222 0.771 26.154 38.628 8.276 8.255 1.556 10.955 
290623164722 0.752 26.162 38.623 8.274 8.255 1.632 10.941 
290623170222 0.779 26.168 38.623 8.272 8.255 1.549 10.954 
290623171722 0.745 26.162 38.635 8.269 8.255 1.556 10.955 
290623173222 0.750 26.151 38.639 8.268 8.255 2.095 10.955 
290623174722 0.800 26.146 38.636 8.268 8.255 1.738 10.940 
290623180222 0.790 26.154 38.633 8.266 8.256 1.860 10.954 
290623181722 0.760 26.165 38.632 8.264 8.257 1.981 10.955 
290623183222 0.750 26.170 38.639 8.263 8.258 1.761 10.956 
290623184722 0.765 26.213 38.639 8.258 8.260 2.004 10.939 
290623190222 0.771 26.305 38.645 8.241 8.263 2.300 10.954 
290623191722 0.756 26.323 38.639 8.242 8.265 2.027 10.955 
290623193222 0.774 26.327 38.651 8.243 8.265 2.338 10.956 
290623194722 0.784 26.327 38.638 8.248 8.265 2.634 10.931 
290623200222 0.800 26.322 38.650 8.250 8.263 2.536 10.953 
290623201722 0.786 26.300 38.648 8.257 8.265 2.665 10.955 
290623203222 0.778 26.277 38.646 8.262 8.265 2.270 10.955 
290623204722 0.766 26.289 38.646 8.264 8.265 2.604 10.939 
290623210222 0.773 26.266 38.643 8.274 8.267 2.118 10.954 
290623211722 0.773 26.252 38.652 8.280 8.267 2.513 10.955 
290623213222 0.766 26.250 38.650 8.284 8.268 2.467 10.955 
290623214722 0.779 26.260 38.656 8.285 8.269 2.467 10.939 
290623220222 0.777 26.255 38.663 8.289 8.269 1.913 10.954 
290623221722 0.766 26.229 38.661 8.297 8.270 2.232 10.955 
290623223222 0.788 26.187 38.662 8.306 8.268 1.997 10.955 
290623224722 0.774 26.168 38.661 8.316 8.269 2.217 10.931 
290623230222 0.786 26.148 38.664 8.326 8.269 2.368 10.952 
290623231722 0.796 26.119 38.663 8.335 8.269 2.239 10.954 
290623233222 0.796 26.072 38.658 8.347 8.268 2.536 10.955 
290623234722 0.766 26.032 38.666 8.357 8.268 2.399 10.938 
300623000222 0.775 25.986 38.660 8.366 8.267 2.452 10.953 
300623001722 0.799 25.914 38.661 8.383 8.265 1.860 10.954 
300623003222 0.782 25.855 38.657 8.395 8.262 2.414 10.954 
300623004722 0.773 25.836 38.663 8.395 8.263 1.776 10.937 
300623010222 0.792 25.808 38.659 8.400 8.262 2.186 10.952 
300623011722 0.776 25.777 38.660 8.396 8.262 2.331 10.953 
300623013222 0.762 25.748 38.661 8.401 8.260 2.232 10.953 
300623014722 0.777 25.742 38.666 8.396 8.260 2.110 10.927 
300623020222 0.746 25.747 38.677 8.391 8.261 1.974 10.950 
300623021722 0.755 25.710 38.676 8.393 8.262 1.913 10.952 
300623023222 0.775 25.715 38.675 8.387 8.262 2.118 10.953 
300623024722 0.773 25.710 38.677 8.383 8.262 1.693 10.936 
300623030222 0.781 25.718 38.670 8.376 8.262 1.602 10.951 
300623031722 0.764 25.718 38.671 8.371 8.262 2.050 10.952 
300623033222 0.765 25.715 38.685 8.366 8.262 2.072 10.953 
300623034722 0.769 25.724 38.689 8.358 8.262 1.867 10.935 
300623040222 0.761 25.698 38.684 8.354 8.262 2.361 10.951 
300623041722 0.765 25.692 38.686 8.348 8.262 1.905 10.952 
300623043222 0.768 25.683 38.687 8.344 8.262 2.285 10.952 
300623044722 0.777 25.674 38.680 8.341 8.262 2.748 10.927 
300623050222 0.742 25.659 38.684 8.337 8.262 1.928 10.949 
300623051722 0.756 25.626 38.679 8.338 8.262 2.042 10.951 
300623053222 0.754 25.612 38.685 8.333 8.262 2.050 10.952 
300623054722 0.767 25.606 38.682 8.328 8.262 1.989 10.935 
300623060222 0.763 25.612 38.677 8.320 8.261 1.860 10.950 
300623061722 0.767 25.661 38.687 8.306 8.263 2.065 10.951 
300623063222 0.769 25.689 38.697 8.294 8.263 1.845 10.952 
300623064722 0.753 25.707 38.690 8.289 8.263 1.830 10.927 
300623070222 0.759 25.682 38.706 8.291 8.265 1.799 10.949 
300623071722 0.776 25.671 38.681 8.293 8.265 1.867 10.951 
300623073222 0.773 25.630 38.668 8.300 8.264 1.905 10.951 
300623074722 0.725 25.582 38.658 8.305 8.262 1.860 10.934 
300623080222 0.686 25.576 38.679 8.302 8.262 1.640 10.949 
300623081722 0.707 25.566 38.679 8.305 8.261 1.860 10.951 
300623083222 0.835 25.567 38.687 8.302 8.261 1.571 10.951 
300623084722 0.846 25.584 38.685 8.295 8.260 1.549 10.933 
300623090222 0.781 25.585 38.679 8.294 8.260 1.032 10.949 
300623091722 0.739 25.623 38.676 8.290 8.260 1.101 10.951 
300623093222 0.823 25.599 38.684 8.291 8.260 1.587 10.951 
300623094722 0.665 25.588 38.689 8.290 8.260 1.511 10.926 
300623100222 0.775 25.575 38.687 8.293 8.260 1.587 10.948 
300623101722 0.724 25.612 38.701 8.285 8.260 0.896 10.950 
300623103222 0.734 25.633 38.684 8.283 8.259 0.881 10.951 
300623104722 0.717 25.656 38.696 8.278 8.259 0.873 10.933 
300623110222 0.742 25.724 38.687 8.268 8.258 0.759 10.949 
300623111722 0.717 25.739 38.689 8.265 8.258 0.911 10.951 
300623113222 0.766 25.718 38.693 8.269 8.257 1.336 10.951 
300623114722 0.690 25.709 38.677 8.270 8.257 1.010 10.934 
300623120222 0.749 25.710 38.690 8.271 8.257 1.184 10.950 
300623121722 0.700 25.674 38.694 8.283 8.258 0.676 10.951 
300623123222 0.658 25.676 38.697 8.284 8.258 0.706 10.951 
300623124722 0.741 25.680 38.693 8.281 8.257 0.714 10.934 
300623130222 0.857 25.706 38.694 8.278 8.258 0.660 10.949 
300623131722 0.710 25.717 38.704 8.277 8.257 1.108 10.951 
300623133222 0.761 25.732 38.713 8.275 8.257 1.283 10.952 
300623134722 0.776 25.733 38.708 8.276 8.257 1.177 10.927 
