SAMBAT Sea Ti  C/T/D/Odo/Fluo/pH GPS : 50195 
V:0,Pression (0/50),m
V:1,Température (-5/35),°C
V:2,Salinité (2/42),g/l
V:3,Oxygène (0/20),mgl
V:4,PH (0/14),pH
V:5,Fluorescence (0/50),µgl
V:6,Tension batterie,V
090123191229 0.717 15.727 37.335 9.325 8.341 0.420 10.718 
090123192728 0.817 15.729 37.458 9.330 8.342 0.457 10.808 
090123194228 0.866 15.748 37.465 9.320 8.342 0.390 10.833 
090123195728 0.810 15.746 37.539 9.325 8.342 0.393 10.808 
090123201228 0.985 15.745 37.479 9.332 8.341 0.434 10.823 
090123202728 0.802 15.732 37.497 9.341 8.342 0.426 10.840 
090123204228 0.913 15.751 37.420 9.338 8.342 0.442 10.848 
090123205728 0.876 15.737 37.463 9.343 8.342 0.516 10.812 
090123211228 0.708 15.735 37.479 9.345 8.342 0.378 10.832 
090123212728 0.955 15.735 37.450 9.343 8.342 0.371 10.845 
090123214228 0.898 15.730 37.466 9.341 8.342 0.459 10.851 
090123215728 0.714 15.714 37.433 9.345 8.342 0.591 10.813 
090123221228 0.712 15.711 37.476 9.345 8.342 0.464 10.832 
090123222728 0.945 15.717 37.474 9.343 8.342 0.449 10.846 
090123224228 0.897 15.712 37.492 9.339 8.342 0.410 10.851 
090123225728 1.001 15.709 37.451 9.337 8.343 0.420 10.814 
090123231228 0.876 15.710 37.512 9.338 8.343 0.442 10.825 
090123232728 0.938 15.708 37.480 9.337 8.343 0.378 10.842 
090123234228 0.852 15.724 37.470 9.333 8.343 0.488 10.850 
090123235728 0.883 15.720 37.492 9.334 8.343 0.448 10.813 
100123001228 1.022 15.718 37.457 9.336 8.344 0.453 10.833 
100123002728 0.775 15.730 37.434 9.337 8.344 0.398 10.846 
100123004228 0.892 15.728 37.501 9.338 8.344 0.476 10.852 
100123005728 0.798 15.735 37.510 9.338 8.344 0.392 10.814 
100123011228 1.024 15.731 37.477 9.339 8.345 0.423 10.833 
100123012728 0.983 15.745 37.469 9.334 8.345 0.486 10.846 
100123014228 0.800 15.754 37.497 9.332 8.345 0.479 10.852 
100123015728 0.851 15.749 37.480 9.334 8.345 0.473 10.814 
100123021228 0.877 15.749 37.513 9.335 8.346 0.372 10.825 
100123022728 0.829 15.751 37.465 9.336 8.346 0.502 10.842 
100123024228 0.868 15.751 37.386 9.339 8.346 0.425 10.850 
100123025728 0.934 15.743 37.484 9.338 8.346 0.464 10.813 
100123031228 0.914 15.752 37.440 9.340 8.347 0.425 10.833 
100123032728 0.894 15.754 37.423 9.340 8.347 0.317 10.846 
100123034228 1.088 15.762 37.475 9.336 8.347 0.476 10.852 
100123035728 0.942 15.766 37.446 9.336 8.347 0.418 10.813 
100123041228 0.873 15.752 37.382 9.339 8.347 0.384 10.833 
100123042728 0.853 15.755 37.486 9.341 8.348 0.397 10.846 
100123044228 0.787 15.741 37.480 9.345 8.348 0.391 10.852 
100123045728 0.823 15.745 37.500 9.340 8.348 0.356 10.813 
100123051228 0.915 15.750 37.445 9.336 8.348 0.333 10.832 
100123052728 0.744 15.768 37.474 9.334 8.349 0.365 10.846 
100123054228 0.756 15.759 37.496 9.339 8.348 0.350 10.852 
100123055728 0.843 15.750 37.439 9.344 8.348 0.467 10.813 
100123061228 1.032 15.717 37.461 9.355 8.348 0.523 10.825 
100123062728 0.826 15.732 37.465 9.352 8.348 0.371 10.843 
100123064228 0.904 15.754 37.466 9.343 8.349 0.383 10.850 
100123065728 0.909 15.748 37.452 9.343 8.349 0.364 10.813 
100123071228 0.891 15.755 37.426 9.339 8.349 0.383 10.833 
100123072728 0.900 15.745 37.454 9.342 8.349 0.428 10.846 
100123074228 0.856 15.740 37.421 9.348 8.349 0.417 10.852 
100123075728 0.811 15.746 37.295 9.341 8.349 0.350 10.813 
100123081228 0.919 15.749 37.479 9.334 8.349 0.374 10.825 
100123082728 1.049 15.742 37.467 9.335 8.349 0.442 10.842 
100123084228 0.943 15.727 37.482 9.345 8.350 0.508 10.850 
100123085728 1.016 15.729 37.448 9.344 8.349 0.387 10.813 
100123091228 0.992 15.730 37.474 9.344 8.350 0.383 10.833 
100123092728 0.977 15.728 37.488 9.340 8.349 0.427 10.846 
100123094228 0.943 15.733 37.464 9.338 8.349 0.458 10.852 
100123095728 0.898 15.724 37.449 9.340 8.349 0.325 10.813 
100123101228 1.041 15.718 37.451 9.344 8.349 0.394 10.833 
100123102728 0.839 15.712 37.391 9.345 8.349 0.307 10.846 
100123104228 0.913 15.711 37.451 9.344 8.348 0.393 10.852 
100123105728 0.758 15.714 37.284 9.346 8.348 0.315 10.813 
100123111228 0.853 15.720 37.489 9.348 8.349 0.304 10.825 
100123112728 1.035 15.711 37.524 9.352 8.348 0.328 10.842 
100123114228 0.952 15.706 37.488 9.354 8.347 0.266 10.850 
100123115728 0.953 15.704 37.463 9.356 8.346 0.204 10.813 
100123121228 1.212 15.713 37.510 9.354 8.346 0.181 10.833 
100123122728 0.790 15.717 37.416 9.351 8.346 0.205 10.846 
100123124228 0.827 15.718 37.395 9.351 8.345 0.163 10.851 
100123125728 0.957 15.741 37.498 9.347 8.344 0.156 10.814 
100123131228 1.022 15.730 37.480 9.364 8.344 0.148 10.833 
100123132728 0.815 15.736 37.384 9.364 8.343 0.184 10.846 
100123134228 0.947 15.739 37.411 9.364 8.343 0.137 10.852 
100123135728 0.914 15.735 37.461 9.369 8.342 0.184 10.813 
100123141228 1.004 15.735 37.469 9.372 8.342 0.105 10.825 
100123142728 1.028 15.740 37.376 9.375 8.342 0.126 10.842 
100123144228 0.958 15.735 37.450 9.382 8.341 0.131 10.850 
100123145728 0.875 15.737 37.431 9.388 8.340 0.164 10.812 
100123151228 0.883 15.738 37.346 9.392 8.340 0.132 10.833 
100123152728 0.926 15.739 37.420 9.392 8.339 0.173 10.846 
100123154228 0.942 15.736 37.431 9.392 8.339 0.143 10.852 
100123155728 0.987 15.734 37.442 9.394 8.339 0.183 10.814 
100123161228 0.975 15.726 37.307 9.391 8.339 0.251 10.827 
100123162728 0.929 15.732 37.327 9.389 8.339 0.214 10.843 
100123164228 0.988 15.727 37.360 9.392 8.339 0.290 10.850 
100123165728 1.047 15.714 37.329 9.394 8.339 0.286 10.813 
100123171228 0.996 15.714 37.325 9.394 8.339 0.374 10.833 
100123172728 0.946 15.732 37.375 9.386 8.339 0.444 10.846 
100123174228 0.968 15.724 37.419 9.386 8.339 0.489 10.852 
100123175728 1.063 15.705 37.427 9.388 8.339 0.434 10.813 
100123181228 0.936 15.721 37.248 9.388 8.339 0.450 10.832 
100123182728 1.128 15.732 37.379 9.386 8.339 0.371 10.846 
100123184228 1.144 15.726 37.442 9.392 8.339 0.441 10.851 
100123185728 0.987 15.718 37.433 9.395 8.339 0.354 10.813 
100123191228 0.950 15.716 37.402 9.392 8.339 0.479 10.825 
