SAMBAT Sea Ti  C/T/D/Odo/Fluo/pH GPS : 50195 
V:0,Pression (0/50),dba
V:1,Température (-5/35),°C
V:2,Salinité (2/42),g/l
V:3,Oxygène (0/20),mgl
V:4,PH (0/14),pH
V:5,Fluorescence (0/500),ppb
V:6,Tension batterie,V
210623132630 0.785 25.471 37.996 8.209 8.247 0.653 10.838 
210623134129 0.783 25.447 38.027 8.210 8.246 0.865 10.883 
210623135629 0.780 25.492 38.025 8.200 8.246 1.025 10.941 
210623141129 0.756 25.530 38.017 8.195 8.246 0.531 10.948 
210623142629 0.774 25.476 38.015 8.199 8.246 0.820 10.950 
210623144129 0.757 25.510 38.048 8.196 8.246 0.820 10.909 
210623145629 0.729 25.620 38.076 8.180 8.245 0.827 10.947 
210623151129 0.773 25.440 38.050 8.215 8.246 1.344 10.951 
210623152629 0.757 26.191 38.057 8.057 8.246 1.025 10.951 
210623154129 0.776 26.046 38.040 8.080 8.244 0.979 10.910 
210623155629 0.658 25.815 38.055 8.128 8.243 1.328 10.949 
210623161129 0.784 25.695 38.062 8.153 8.244 0.941 10.951 
210623162629 0.774 25.618 38.081 8.170 8.245 1.336 10.952 
210623164129 0.792 25.534 38.096 8.189 8.246 0.812 10.888 
210623165629 0.766 25.509 38.098 8.196 8.246 1.253 10.945 
210623171129 0.731 25.444 38.107 8.210 8.246 1.146 10.950 
210623172629 0.775 25.420 38.110 8.217 8.247 1.526 10.951 
210623174129 0.795 25.408 38.112 8.220 8.247 1.412 10.908 
210623175629 0.800 25.338 38.120 8.237 8.247 1.427 10.946 
210623181129 0.789 25.321 38.124 8.243 8.248 1.351 10.950 
210623182629 0.775 25.300 38.132 8.249 8.248 1.473 10.950 
210623184129 0.741 25.282 38.138 8.253 8.248 1.427 10.907 
210623185629 0.788 25.318 38.133 8.251 8.248 1.556 10.946 
210623191129 0.775 25.318 38.136 8.253 8.248 2.103 10.949 
210623192629 0.748 25.312 38.135 8.257 8.248 1.480 10.950 
210623194129 0.793 25.297 38.140 8.262 8.248 1.587 10.886 
210623195629 0.784 25.223 38.144 8.279 8.248 1.533 10.943 
210623201129 0.771 25.153 38.146 8.293 8.249 1.761 10.948 
210623202629 0.790 25.043 38.147 8.318 8.250 1.989 10.949 
210623204129 0.756 25.043 38.141 8.320 8.250 2.065 10.906 
210623205629 0.789 25.093 38.137 8.310 8.251 1.533 10.944 
210623211129 0.768 25.177 38.138 8.292 8.252 1.587 10.948 
210623212629 0.807 26.040 38.086 8.114 8.253 2.566 10.949 
210623214129 0.804 26.283 38.094 8.059 8.250 1.655 10.907 
210623215629 0.795 26.241 38.105 8.072 8.249 1.579 10.947 
210623221129 0.750 26.475 38.101 8.028 8.247 1.716 10.951 
210623222629 0.798 26.622 38.120 8.000 8.245 1.738 10.953 
210623224129 0.781 26.668 38.114 7.987 8.243 2.004 10.907 
210623225629 0.780 26.436 38.108 8.030 8.240 1.928 10.949 
210623231129 0.768 26.563 38.027 8.030 8.240 1.852 10.953 
210623232629 0.773 26.803 38.127 7.948 8.241 1.283 10.954 
210623234129 0.777 26.861 38.111 7.936 8.239 1.837 10.893 
210623235629 0.785 26.616 38.082 7.983 8.240 2.050 10.949 
220623001129 0.769 26.489 38.094 8.001 8.239 1.374 10.954 
220623002629 0.743 26.650 38.092 7.970 8.243 1.427 10.954 
220623004129 0.786 26.322 37.923 8.069 8.240 1.602 10.914 
220623005629 0.769 25.811 38.135 8.132 8.238 1.268 10.951 
220623011129 0.771 25.720 38.145 8.141 8.241 1.579 10.953 
220623012629 0.791 25.545 38.163 8.169 8.241 1.230 10.953 
220623014129 0.800 25.838 38.132 8.105 8.245 1.397 10.910 
220623015629 0.783 25.736 38.132 8.118 8.243 1.617 10.948 
220623021129 0.803 25.677 38.131 8.126 8.243 1.564 10.951 
220623022629 0.782 25.581 38.123 8.140 8.243 1.541 10.951 
220623024129 0.804 25.582 38.129 8.135 8.244 1.556 10.888 
220623025629 0.796 25.582 38.125 8.130 8.245 1.564 10.944 
220623031129 0.794 25.524 38.129 8.139 8.245 1.867 10.950 
220623032629 0.819 25.540 38.130 8.129 8.246 1.602 10.950 
220623034129 0.779 25.597 38.113 8.116 8.246 1.632 10.909 
220623035629 0.788 25.456 38.129 8.145 8.245 1.495 10.946 
220623041129 0.775 25.402 38.115 8.159 8.245 1.602 10.949 
220623042629 0.807 25.386 38.118 8.155 8.246 1.830 10.950 
220623044129 0.794 25.346 38.128 8.158 8.246 1.602 10.886 
220623045629 0.803 25.325 38.116 8.166 8.247 1.533 10.942 
220623051129 0.809 25.307 38.116 8.166 8.248 2.072 10.948 
220623052629 0.802 25.272 38.130 8.169 8.248 1.807 10.949 
220623054129 0.791 25.137 38.121 8.198 8.248 1.488 10.907 
220623055629 0.747 25.217 38.114 8.183 8.251 1.351 10.944 
220623061129 0.796 25.227 38.126 8.182 8.250 1.700 10.948 
220623062629 0.792 25.198 38.122 8.185 8.249 1.351 10.949 
220623064129 0.776 25.124 38.143 8.191 8.250 1.632 10.905 
220623065629 0.794 25.149 38.130 8.188 8.250 1.465 10.944 
220623071129 0.766 25.108 38.126 8.206 8.250 1.101 10.947 
220623072629 0.793 25.043 38.147 8.220 8.251 1.397 10.948 
220623074129 0.792 25.074 38.148 8.217 8.252 0.949 10.884 
220623075629 0.789 25.099 38.151 8.211 8.252 0.638 10.941 
220623081129 0.788 25.173 38.151 8.201 8.252 0.592 10.946 
220623082629 0.771 25.214 38.155 8.193 8.252 0.858 10.947 
220623084129 0.789 25.272 38.147 8.186 8.252 0.843 10.905 
220623085629 0.799 25.328 38.141 8.178 8.251 0.736 10.943 
220623091129 0.794 25.383 38.155 8.165 8.251 0.774 10.947 
220623092629 0.797 25.447 38.146 8.157 8.251 0.949 10.948 
220623094129 0.805 25.515 38.138 8.146 8.252 0.835 10.905 
220623095629 0.785 25.575 38.127 8.135 8.251 0.782 10.944 
220623101129 0.763 25.557 38.134 8.138 8.250 1.351 10.948 
220623102629 0.774 25.482 38.152 8.156 8.251 0.919 10.949 
220623104129 0.721 25.370 38.161 8.181 8.250 0.698 10.886 
220623105629 0.764 25.379 38.071 8.193 8.251 0.615 10.942 
220623111129 0.788 25.306 38.179 8.208 8.251 0.729 10.947 
220623112629 0.786 25.431 38.181 8.191 8.252 0.683 10.948 
220623114129 0.778 25.286 38.190 8.224 8.250 0.827 10.905 
220623115629 0.789 25.255 38.188 8.239 8.250 1.116 10.944 
220623121129 0.793 25.658 38.172 8.166 8.252 0.896 10.948 
220623122629 0.843 25.632 38.242 8.165 8.251 0.941 10.949 
220623124129 0.769 25.805 38.169 8.135 8.250 0.805 10.915 
220623125629 0.770 25.507 38.194 8.200 8.248 1.146 10.946 
220623131129 0.800 25.534 38.165 8.201 8.250 0.911 10.949 
220623132629 0.814 25.530 38.161 8.208 8.250 0.949 10.949 
