SAMBAT Sea Ti  C/T/D/Odo/Fluo/pH GPS : 50195 
V:0,Pression (0/50),dba
V:1,Température (-5/35),°C
V:2,Salinité (2/42),g/l
V:3,Oxygène (0/20),mgl
V:4,PH (0/14),pH
V:5,Fluorescence (0/500),ppb
V:6,Tension batterie,V
240423110423 0.839 15.790 38.029 10.401 8.243 0.653 10.734 
240423111922 0.718 15.797 38.030 10.397 8.243 1.002 10.817 
240423113422 0.767 15.799 38.049 10.392 8.243 0.782 10.845 
240423114922 0.761 15.790 38.048 10.391 8.243 1.685 10.825 
240423120422 0.691 15.787 38.021 10.391 8.243 1.032 10.848 
240423121922 0.833 15.804 38.023 10.385 8.242 0.471 10.858 
240423123422 0.816 15.796 38.026 10.388 8.242 0.448 10.862 
240423124922 0.670 15.882 38.016 10.356 8.242 0.630 10.839 
240423130422 0.795 16.001 38.032 10.326 8.242 0.440 10.856 
240423131922 0.575 16.060 38.022 10.310 8.241 0.653 10.862 
240423133422 0.791 16.062 38.028 10.308 8.241 0.182 10.866 
240423134922 0.709 16.112 38.039 10.293 8.241 0.000 10.837 
240423140422 0.697 16.136 38.042 10.291 8.242 0.653 10.856 
240423141922 0.728 16.110 38.047 10.299 8.243 2.437 10.863 
240423143422 0.837 16.118 38.045 10.299 8.245 0.000 10.867 
240423144922 0.703 16.124 38.070 10.302 8.246 0.000 10.843 
240423150422 0.897 16.126 38.000 10.306 8.247 0.000 10.859 
240423151922 0.781 16.151 37.912 10.307 8.248 1.108 10.865 
240423153422 0.631 16.165 38.063 10.307 8.247 0.000 10.868 
240423154922 0.834 16.154 38.054 10.318 8.248 0.782 10.840 
240423160422 0.787 16.186 38.069 10.315 8.248 1.503 10.858 
240423161922 0.739 16.206 38.033 10.321 8.248 2.095 10.865 
240423163422 0.722 16.222 38.067 10.330 8.248 1.465 10.868 
240423164922 0.754 16.237 38.064 10.337 8.248 2.034 10.834 
240423170422 0.735 16.266 38.064 10.341 8.248 1.366 10.855 
240423171922 0.716 16.277 38.062 10.349 8.248 1.420 10.864 
240423173422 0.780 16.263 38.059 10.366 8.250 2.467 10.867 
240423174922 0.844 16.279 38.036 10.377 8.251 2.543 10.843 
240423180422 0.799 16.269 38.053 10.392 8.249 2.763 10.860 
240423181922 0.763 16.258 38.047 10.406 8.248 2.604 10.866 
240423183422 0.812 16.288 38.060 10.407 8.249 3.204 10.868 
240423184922 0.783 16.311 38.053 10.408 8.250 3.598 10.835 
240423190422 0.868 16.288 38.070 10.421 8.252 3.249 10.856 
240423191922 0.616 16.275 38.058 10.436 8.252 2.756 10.864 
240423193422 0.681 16.283 38.049 10.446 8.254 2.824 10.867 
240423194922 0.788 16.279 38.036 10.453 8.254 3.067 10.841 
240423200422 0.780 16.277 38.026 10.462 8.253 2.680 10.859 
240423201922 0.748 16.277 38.061 10.466 8.253 2.885 10.865 
240423203422 0.818 16.270 38.055 10.477 8.253 3.067 10.868 
240423204922 0.720 16.261 38.058 10.483 8.254 2.475 10.835 
240423210422 0.833 16.279 38.031 10.478 8.253 3.333 10.856 
240423211922 0.725 16.306 38.057 10.470 8.254 2.771 10.864 
240423213422 0.595 16.309 38.050 10.464 8.253 3.052 10.867 
240423214922 0.819 16.372 38.049 10.458 8.267 3.029 10.844 
240423220422 0.765 16.380 38.061 10.467 8.277 3.241 10.860 
240423221922 0.694 16.412 38.035 10.472 8.282 2.748 10.866 
240423223422 0.679 16.412 38.036 10.490 8.287 3.105 10.868 
240423224922 0.848 16.419 37.984 10.505 8.286 3.090 10.845 
240423230422 0.807 16.409 38.037 10.523 8.282 2.634 10.861 
240423231922 0.708 16.354 38.012 10.555 8.280 3.340 10.866 
240423233422 0.796 16.333 38.033 10.572 8.277 3.074 10.869 
240423234922 0.681 16.242 38.021 10.608 8.274 3.431 10.836 
250423000422 0.781 16.263 38.018 10.604 8.273 3.021 10.856 
250423001922 0.785 16.302 37.994 10.594 8.272 2.733 10.864 
250423003422 0.441 16.313 38.028 10.595 8.268 2.331 10.867 
250423004922 0.819 16.308 38.014 10.602 8.269 2.391 10.844 
250423010422 0.723 16.293 37.993 10.604 8.266 2.012 10.860 
250423011922 0.795 16.265 38.020 10.612 8.267 2.467 10.866 
250423013422 0.828 16.207 38.008 10.627 8.263 3.249 10.868 
250423014922 0.802 16.165 37.988 10.635 8.260 2.733 10.842 
250423020422 0.725 16.058 38.007 10.665 8.261 2.331 10.858 
250423021922 0.723 16.074 37.968 10.650 8.262 2.050 10.864 
250423023422 0.757 16.122 37.959 10.636 8.263 1.943 10.867 
250423024922 0.660 16.142 37.945 10.626 8.264 1.898 10.833 
250423030422 0.712 16.017 37.981 10.658 8.264 2.475 10.854 
250423031922 0.725 15.989 37.993 10.671 8.285 2.596 10.862 
250423033422 0.866 15.998 37.983 10.676 8.283 2.930 10.865 
250423034922 0.701 15.960 37.950 10.701 8.274 2.824 10.842 
250423040422 0.664 15.891 37.925 10.701 8.272 2.809 10.857 
250423041922 0.757 15.915 37.983 10.684 8.276 2.938 10.863 
250423043422 0.764 15.828 37.944 10.694 8.276 2.649 10.865 
250423044922 0.605 15.787 37.937 10.686 8.271 2.596 10.840 
250423050422 0.880 15.901 37.971 10.624 8.263 2.376 10.856 
250423051922 0.650 15.677 37.969 10.670 8.269 4.152 10.862 
250423053422 0.726 15.652 37.975 10.656 8.268 3.325 10.864 
250423054922 0.752 15.584 37.965 10.657 8.263 3.135 10.830 
250423060422 0.810 15.610 37.967 10.631 8.267 3.424 10.851 
250423061922 0.814 15.583 37.977 10.620 8.263 3.105 10.859 
250423063422 0.862 15.623 37.967 10.594 8.267 2.854 10.862 
250423064922 0.611 15.567 37.978 10.590 8.259 2.467 10.838 
250423070422 0.769 15.586 37.970 10.570 8.258 1.754 10.853 
250423071922 0.723 15.561 37.960 10.560 8.257 2.634 10.860 
250423073422 0.746 15.541 38.023 10.554 8.256 2.725 10.862 
250423074922 0.651 15.511 38.014 10.556 8.255 1.321 10.837 
250423080422 0.666 15.514 37.994 10.544 8.254 1.222 10.853 
250423081922 0.814 15.509 37.984 10.533 8.254 1.830 10.859 
250423083422 0.848 15.512 37.978 10.521 8.255 2.126 10.861 
250423084922 0.754 15.501 37.982 10.511 8.255 2.801 10.828 
250423090422 0.732 15.515 37.973 10.493 8.254 1.283 10.848 
250423091922 0.508 15.526 37.967 10.472 8.253 1.867 10.857 
250423093422 0.707 15.529 37.956 10.451 8.252 1.154 10.861 
250423094922 0.695 15.524 37.975 10.436 8.252 1.442 10.837 
250423100422 0.839 15.527 37.916 10.418 8.251 0.190 10.852 
250423101922 0.672 15.523 37.915 10.410 8.251 0.585 10.859 
250423103422 0.699 15.554 37.957 10.386 8.250 0.714 10.862 
250423104922 0.634 15.557 37.968 10.372 8.250 0.175 10.837 
250423110422 0.731 15.553 37.978 10.365 8.250 1.549 10.853 
