SAMBAT Sea Ti  C/T/D/Odo/Fluo/pH GPS : 50195 
V:0,Pression (0/50),dba
V:1,Température (-5/35),°C
V:2,Salinité (2/42),g/l
V:3,Oxygène (0/20),mgl
V:4,PH (0/14),pH
V:5,Fluorescence (0/500),ppb
V:6,Tension batterie,V
300323100346 0.950 14.932 38.165 10.634 8.233 0.934 10.720 
300323101845 0.926 14.959 38.162 10.635 8.233 1.177 10.800 
300323103345 0.928 15.013 38.169 10.619 8.232 0.888 10.828 
300323104845 0.936 14.992 38.158 10.644 8.232 0.600 10.820 
300323110345 0.941 15.089 38.178 10.614 8.231 0.919 10.838 
300323111845 0.950 15.240 38.156 10.572 8.229 0.827 10.845 
300323113345 0.909 15.211 38.184 10.569 8.229 0.896 10.850 
300323114845 0.930 15.221 38.156 10.588 8.229 0.827 10.827 
300323120345 0.903 15.171 38.235 10.576 8.228 0.789 10.843 
300323121845 0.929 15.186 38.164 10.608 8.229 0.911 10.850 
300323123345 0.875 15.205 38.188 10.601 8.227 0.493 10.853 
300323124845 0.925 15.239 38.190 10.596 8.227 0.615 10.820 
300323130345 0.908 15.253 38.169 10.599 8.227 0.729 10.840 
300323131845 0.904 15.325 38.149 10.593 8.226 0.676 10.849 
300323133345 0.879 15.295 38.165 10.584 8.226 0.835 10.853 
300323134845 0.897 15.452 38.162 10.549 8.225 0.524 10.830 
300323140345 0.900 15.514 38.169 10.536 8.225 1.344 10.846 
300323141845 0.935 15.407 38.182 10.561 8.226 0.767 10.852 
300323143345 0.879 15.509 38.133 10.551 8.224 0.888 10.855 
300323144845 0.869 15.539 38.155 10.536 8.224 0.729 10.831 
300323150345 0.885 15.696 38.164 10.489 8.222 1.017 10.847 
300323151845 0.904 15.822 38.164 10.453 8.221 0.820 10.853 
300323153345 0.923 15.841 38.179 10.435 8.221 0.531 10.857 
300323154845 0.927 15.869 38.178 10.425 8.221 0.964 10.825 
300323160345 0.899 15.920 38.164 10.412 8.221 1.025 10.845 
300323161845 0.882 15.971 38.172 10.392 8.222 1.253 10.853 
300323163345 0.887 16.008 38.168 10.385 8.221 1.700 10.857 
300323164845 0.876 15.873 38.174 10.415 8.222 1.268 10.835 
300323170345 0.905 16.013 38.173 10.378 8.221 1.435 10.850 
300323171845 0.882 15.901 38.169 10.411 8.222 2.088 10.856 
300323173345 0.854 15.776 38.182 10.447 8.223 2.976 10.858 
300323174845 0.884 15.590 38.147 10.508 8.224 2.756 10.826 
300323180345 0.869 15.471 38.187 10.535 8.226 3.181 10.845 
300323181845 0.888 15.515 38.200 10.513 8.226 3.241 10.853 
300323183345 0.884 15.355 38.176 10.579 8.227 3.712 10.856 
300323184845 0.885 15.866 38.174 10.419 8.224 4.479 10.833 
300323190345 0.894 15.863 38.170 10.419 8.225 4.676 10.849 
300323191845 0.882 15.842 38.172 10.425 8.226 4.114 10.854 
300323193345 0.876 15.756 38.172 10.451 8.226 4.524 10.857 
300323194845 0.839 15.696 38.168 10.472 8.226 4.274 10.835 
300323200345 0.902 15.619 38.166 10.499 8.226 4.054 10.849 
300323201845 0.882 15.525 38.161 10.529 8.227 3.993 10.854 
300323203345 0.888 15.517 38.168 10.528 8.227 3.773 10.857 
300323204845 0.904 15.446 38.165 10.546 8.228 4.206 10.834 
300323210345 0.908 15.408 38.164 10.561 8.229 4.092 10.848 
300323211845 0.893 15.330 38.161 10.583 8.229 3.416 10.853 
300323213345 0.879 15.296 38.159 10.597 8.229 3.424 10.856 
300323214845 0.888 15.265 38.164 10.607 8.230 3.424 10.823 
300323220345 0.887 15.233 38.167 10.615 8.230 3.834 10.842 
300323221845 0.893 15.202 38.162 10.627 8.231 4.365 10.850 
300323223345 0.865 15.173 38.163 10.638 8.232 4.069 10.853 
300323224845 0.887 15.156 38.158 10.642 8.232 3.522 10.830 
300323230345 0.870 15.133 38.166 10.642 8.232 3.925 10.844 
300323231845 0.896 15.109 38.163 10.645 8.233 3.947 10.851 
300323233345 0.853 15.088 38.166 10.645 8.234 3.780 10.853 
300323234845 0.885 15.085 38.162 10.649 8.234 3.796 10.828 
310323000345 0.876 15.078 38.165 10.651 8.234 3.811 10.843 
310323001845 0.897 15.066 38.162 10.654 8.234 3.264 10.850 
310323003345 0.872 15.069 38.161 10.649 8.235 3.112 10.852 
310323004845 0.862 15.060 38.158 10.649 8.236 3.135 10.819 
310323010345 0.848 15.047 38.163 10.651 8.236 3.333 10.839 
310323011845 0.885 15.030 38.164 10.654 8.236 3.697 10.847 
310323013345 0.901 15.022 38.160 10.655 8.236 3.818 10.851 
310323014845 0.887 15.013 38.162 10.652 8.236 3.272 10.827 
310323020345 0.900 15.047 38.158 10.643 8.236 3.484 10.842 
310323021845 0.870 15.040 38.164 10.642 8.236 3.257 10.849 
310323023345 0.850 15.034 38.164 10.643 8.236 3.856 10.851 
310323024845 0.851 15.028 38.155 10.645 8.236 4.547 10.827 
310323030345 0.839 15.021 38.154 10.645 8.236 3.651 10.842 
310323031845 0.856 15.009 38.159 10.647 8.237 3.105 10.848 
310323033345 0.874 14.993 38.160 10.653 8.237 2.900 10.851 
310323034845 0.844 14.986 38.154 10.653 8.237 3.135 10.818 
310323040345 0.852 14.973 38.161 10.660 8.237 2.983 10.838 
310323041845 0.866 14.967 38.153 10.662 8.237 3.249 10.846 
310323043345 0.851 14.949 38.151 10.668 8.238 3.325 10.850 
310323044845 0.848 14.926 38.149 10.673 8.238 3.196 10.827 
310323050345 0.845 14.898 38.150 10.676 8.238 3.204 10.842 
310323051845 0.844 14.865 38.148 10.689 8.238 3.644 10.848 
310323053345 0.867 14.853 38.151 10.690 8.239 3.378 10.851 
310323054845 0.847 14.811 38.156 10.699 8.239 3.462 10.826 
310323060345 0.848 14.822 38.148 10.693 8.240 5.132 10.841 
310323061845 0.842 14.790 38.149 10.698 8.240 3.507 10.847 
310323063345 0.827 14.770 38.152 10.701 8.240 3.340 10.850 
310323064845 0.840 14.763 38.152 10.698 8.241 3.317 10.817 
310323070345 0.830 14.771 38.150 10.692 8.240 3.629 10.837 
310323071845 0.854 14.767 38.152 10.688 8.240 3.773 10.845 
310323073345 0.794 14.764 38.152 10.688 8.240 3.287 10.848 
310323074845 0.823 14.761 38.153 10.690 8.240 3.355 10.825 
310323080345 0.826 14.771 38.148 10.680 8.239 2.930 10.840 
310323081845 0.851 14.770 38.148 10.676 8.238 2.368 10.846 
310323083345 0.856 14.767 38.150 10.673 8.238 2.019 10.849 
310323084845 0.832 14.758 38.153 10.679 8.238 1.366 10.826 
310323090345 0.832 14.770 38.157 10.669 8.237 1.344 10.841 
310323091845 0.831 14.780 38.150 10.665 8.236 0.949 10.846 
310323093345 0.840 14.785 38.152 10.659 8.236 0.729 10.850 
310323094845 0.852 14.770 38.148 10.660 8.236 0.622 10.817 
310323100345 0.854 14.792 38.158 10.651 8.235 0.789 10.837 
