SAMBAT Sea Ti  C/T/D/Odo/Fluo/pH GPS : 50195 
V:0,Pression (0/50),dba
V:1,Température (-5/35),°C
V:2,Salinité (2/42),g/l
V:3,Oxygène (0/20),mgl
V:4,PH (0/14),pH
V:5,Fluorescence (0/500),ppb
V:6,Tension batterie,V
250523121930 0.886 20.105 38.113 9.359 8.258 0.767 10.786 
250523123429 0.861 20.203 38.112 9.330 8.257 0.744 10.879 
250523124929 0.831 20.300 38.131 9.318 8.257 1.040 10.887 
250523130429 0.811 20.202 38.116 9.341 8.258 1.328 10.905 
250523131929 0.859 20.334 38.107 9.309 8.257 1.609 10.912 
250523133429 0.831 20.377 38.114 9.302 8.256 1.564 10.914 
250523134929 0.841 20.032 38.064 9.390 8.259 1.321 10.895 
250523140429 0.824 19.916 38.074 9.420 8.262 1.169 10.910 
250523141929 0.853 19.963 38.077 9.421 8.264 0.820 10.913 
250523143429 0.855 19.988 38.052 9.425 8.265 0.957 10.915 
250523144929 0.843 20.023 38.058 9.422 8.266 0.554 10.896 
250523150429 0.878 20.271 38.072 9.367 8.264 0.949 10.910 
250523151929 0.841 20.135 38.021 9.424 8.266 0.630 10.914 
250523153429 0.819 20.035 37.998 9.457 8.265 0.729 10.915 
250523154929 0.853 19.953 38.016 9.468 8.263 0.752 10.888 
250523160429 0.874 19.822 37.902 9.534 8.260 0.805 10.907 
250523161929 0.853 19.831 38.016 9.515 8.260 0.949 10.912 
250523163429 0.867 19.807 38.009 9.520 8.261 0.964 10.914 
250523164929 0.867 20.001 38.061 9.478 8.263 0.843 10.894 
250523170429 0.859 19.925 38.010 9.509 8.266 1.245 10.909 
250523171929 0.811 19.747 38.022 9.552 8.269 1.321 10.913 
250523173429 0.860 19.433 38.019 9.637 8.270 1.275 10.914 
250523174929 0.881 19.853 38.029 9.532 8.277 1.662 10.893 
250523180429 0.845 19.489 38.032 9.641 8.278 1.822 10.908 
250523181929 0.834 19.525 38.022 9.642 8.289 1.404 10.911 
250523183429 0.850 19.282 38.043 9.710 8.282 1.533 10.912 
250523184929 0.834 19.478 38.023 9.676 8.287 1.473 10.884 
250523190429 0.855 19.693 38.023 9.632 8.285 2.088 10.904 
250523191929 0.826 19.770 38.022 9.631 8.285 1.700 10.909 
250523193429 0.808 19.836 38.012 9.623 8.285 1.875 10.912 
250523194929 0.814 19.788 38.025 9.653 8.286 1.382 10.892 
250523200429 0.852 19.840 38.076 9.648 8.286 1.655 10.907 
250523201929 0.831 19.875 37.977 9.651 8.287 1.268 10.911 
250523203429 0.813 19.746 37.944 9.694 8.286 1.571 10.913 
250523204929 0.849 19.773 37.969 9.693 8.288 1.518 10.892 
250523210429 0.871 19.735 38.051 9.702 8.282 1.708 10.907 
250523211929 0.888 19.778 38.051 9.693 8.285 1.662 10.911 
250523213429 0.858 19.862 38.023 9.680 8.280 1.754 10.913 
250523214929 0.861 19.854 37.996 9.682 8.281 1.761 10.885 
250523220429 0.868 19.931 38.022 9.660 8.280 1.890 10.905 
250523221929 0.849 19.976 38.044 9.655 8.278 1.693 10.910 
250523223429 0.854 20.033 38.044 9.644 8.277 1.746 10.912 
250523224929 0.860 20.029 38.042 9.646 8.276 1.549 10.894 
250523230429 0.867 20.010 38.071 9.654 8.275 1.640 10.908 
250523231929 0.880 20.035 38.075 9.649 8.275 1.746 10.912 
250523233429 0.854 20.114 38.077 9.626 8.274 1.700 10.914 
250523234929 0.826 20.091 38.087 9.636 8.272 1.723 10.893 
260523000429 0.876 20.050 38.093 9.641 8.272 1.382 10.908 
260523001929 0.876 19.954 38.081 9.661 8.270 1.852 10.912 
260523003429 0.857 19.949 38.104 9.653 8.269 1.799 10.914 
260523004929 0.851 19.928 38.101 9.652 8.269 1.602 10.886 
260523010429 0.869 19.984 38.085 9.628 8.272 1.951 10.905 
260523011929 0.867 20.028 38.094 9.603 8.272 1.670 10.910 
260523013429 0.836 20.016 38.101 9.596 8.269 1.761 10.912 
260523014929 0.847 19.999 38.064 9.593 8.270 1.799 10.893 
260523020429 0.862 19.947 38.037 9.597 8.271 1.731 10.908 
260523021929 0.859 19.941 38.056 9.587 8.272 1.981 10.912 
260523023429 0.844 20.026 38.033 9.555 8.275 1.981 10.913 
260523024929 0.861 20.052 38.040 9.541 8.275 1.974 10.894 
260523030429 0.863 19.957 38.047 9.555 8.276 1.867 10.908 
260523031929 0.868 19.914 38.064 9.554 8.276 2.118 10.912 
260523033429 0.837 19.887 38.070 9.559 8.277 1.883 10.913 
260523034929 0.876 19.844 38.123 9.563 8.275 1.799 10.886 
260523040429 0.866 19.798 38.058 9.570 8.279 1.943 10.905 
260523041929 0.837 19.831 38.015 9.552 8.275 2.201 10.910 
260523043429 0.841 19.776 38.031 9.570 8.279 1.845 10.912 
260523044929 0.859 19.811 38.092 9.557 8.281 2.862 10.892 
260523050429 0.811 19.746 38.062 9.578 8.282 2.201 10.907 
260523051929 0.859 19.702 38.080 9.587 8.282 2.406 10.910 
260523053429 0.860 19.724 38.049 9.586 8.285 1.951 10.912 
260523054929 0.888 19.596 38.088 9.619 8.278 2.201 10.891 
260523060429 0.822 19.561 38.028 9.633 8.288 2.080 10.905 
260523061929 0.885 19.175 37.898 9.740 8.282 2.239 10.909 
260523063429 0.880 18.980 38.045 9.781 8.279 1.617 10.910 
260523064929 0.813 19.024 38.046 9.769 8.280 1.359 10.881 
260523070429 0.862 19.102 38.033 9.746 8.282 1.139 10.900 
260523071929 0.893 19.114 38.042 9.743 8.282 1.093 10.905 
260523073429 0.850 19.102 38.040 9.748 8.282 1.192 10.907 
260523074929 0.861 19.018 38.070 9.770 8.280 0.881 10.886 
260523080429 0.890 19.004 38.058 9.774 8.278 0.683 10.901 
260523081929 0.848 18.997 38.069 9.773 8.278 0.691 10.905 
260523083429 0.888 18.992 38.066 9.776 8.278 0.418 10.907 
260523084929 0.874 18.890 38.068 9.802 8.276 0.228 10.886 
260523090429 0.880 18.878 38.085 9.804 8.279 0.615 10.901 
260523091929 0.847 19.031 38.019 9.784 8.289 0.767 10.905 
260523093429 0.880 19.056 38.052 9.781 8.295 0.676 10.906 
260523094929 0.855 19.405 38.040 9.698 8.299 0.676 10.877 
260523100429 0.898 18.965 38.106 9.815 8.278 0.554 10.898 
260523101929 0.869 19.029 38.094 9.814 8.272 0.531 10.903 
260523103429 0.870 19.131 38.104 9.789 8.267 0.418 10.906 
260523104929 0.897 19.175 38.157 9.768 8.260 0.448 10.886 
260523110429 0.886 19.140 38.138 9.780 8.260 0.774 10.901 
260523111929 0.852 19.228 38.131 9.754 8.259 0.258 10.905 
260523113429 0.866 19.206 38.137 9.756 8.258 0.539 10.907 
260523114929 0.827 19.363 38.172 9.712 8.256 0.418 10.886 
260523120429 0.893 19.208 38.167 9.747 8.256 0.888 10.902 
260523121929 0.863 19.224 38.108 9.744 8.256 0.516 10.906 
