SAMBAT Sea Ti  C/T/D/Odo/Fluo/pH GPS : 50195 
V:0,Pression (0/50),m
V:1,Température (-5/35),°C
V:2,Salinité (2/42),g/l
V:3,Oxygène (0/20),mgl
V:4,PH (0/14),pH
V:5,Fluorescence (0/50),µgl
V:6,Tension batterie,V
200922144232 0.842 25.273 38.562 7.588 8.289 0.034 10.801 
200922145731 0.837 25.284 38.556 7.586 8.287 0.061 10.884 
200922151231 0.871 25.303 38.563 7.587 8.287 0.043 10.920 
200922152731 0.849 25.343 38.569 7.581 8.292 0.070 10.930 
200922154231 0.844 25.363 38.575 7.581 8.291 0.024 10.934 
200922155731 0.845 25.354 38.564 7.587 8.286 0.075 10.900 
200922161231 0.820 25.327 38.572 7.602 8.281 0.057 10.927 
200922162731 0.840 25.278 38.572 7.606 8.290 0.102 10.933 
200922164231 0.842 25.216 38.569 7.617 8.291 0.078 10.936 
200922165731 0.809 25.241 38.566 7.608 8.292 0.120 10.886 
200922171231 0.825 25.232 38.566 7.606 8.289 0.131 10.923 
200922172731 0.801 25.180 38.563 7.608 8.294 0.128 10.932 
200922174231 0.831 25.173 38.567 7.606 8.290 0.082 10.935 
200922175731 0.806 25.177 38.567 7.604 8.294 0.105 10.900 
200922181231 0.842 25.214 38.572 7.596 8.287 0.157 10.927 
200922182731 0.813 25.219 38.570 7.597 8.290 0.140 10.933 
200922184231 0.815 25.210 38.568 7.596 8.294 0.261 10.935 
200922185731 0.855 25.173 38.567 7.597 8.293 0.146 10.900 
200922191231 0.798 25.140 38.616 7.608 8.294 0.161 10.927 
200922192731 0.808 25.114 38.562 7.617 8.291 0.184 10.933 
200922194231 0.812 25.095 38.567 7.615 8.297 0.115 10.935 
200922195731 0.823 25.057 38.566 7.622 8.295 0.155 10.885 
200922201231 0.842 25.032 38.564 7.619 8.298 0.155 10.923 
200922202731 0.810 25.010 38.570 7.608 8.298 0.217 10.931 
200922204231 0.851 24.997 38.567 7.606 8.298 0.169 10.934 
200922205731 0.830 24.957 38.559 7.603 8.296 0.192 10.900 
200922211231 0.881 24.948 38.564 7.591 8.299 0.184 10.926 
200922212731 0.842 24.924 38.561 7.592 8.299 0.229 10.932 
200922214231 0.840 24.911 38.557 7.585 8.300 0.155 10.934 
200922215731 0.868 24.909 38.558 7.574 8.301 0.158 10.899 
200922221231 0.836 24.900 38.555 7.569 8.301 0.153 10.925 
200922222731 0.819 24.886 38.556 7.565 8.301 0.254 10.932 
200922224231 0.896 24.867 38.551 7.562 8.301 0.149 10.934 
200922225731 0.845 24.855 38.538 7.562 8.301 0.101 10.883 
200922231231 0.885 24.867 38.538 7.548 8.296 0.141 10.921 
200922232731 0.826 24.863 38.546 7.546 8.303 0.166 10.930 
200922234231 0.835 24.854 38.546 7.543 8.301 0.205 10.933 
200922235731 0.822 24.842 38.545 7.542 8.295 0.144 10.898 
210922001231 0.846 24.832 38.542 7.538 8.304 0.144 10.925 
210922002731 0.863 24.833 38.546 7.536 8.304 0.164 10.931 
210922004231 0.843 24.825 38.543 7.534 8.303 0.159 10.934 
210922005731 0.839 24.828 38.549 7.528 8.297 0.200 10.883 
210922011231 0.876 24.831 38.548 7.531 8.301 0.176 10.920 
210922012731 0.840 24.812 38.541 7.537 8.305 0.146 10.930 
210922014231 0.889 24.823 38.548 7.534 8.297 0.167 10.933 
210922015731 0.849 24.829 38.546 7.529 8.301 0.207 10.898 
210922021231 0.867 24.767 38.550 7.540 8.301 0.182 10.924 
210922022731 0.866 24.783 38.546 7.535 8.299 0.198 10.931 
210922024231 0.855 24.819 38.547 7.531 8.305 0.220 10.933 
210922025731 0.865 24.809 38.545 7.533 8.300 0.142 10.898 
210922031231 0.838 24.803 38.546 7.536 8.303 0.148 10.924 
210922032731 0.837 24.800 38.546 7.539 8.304 0.164 10.931 
210922034231 0.830 24.799 38.548 7.538 8.301 0.205 10.933 
210922035731 0.848 24.799 38.548 7.540 8.298 0.169 10.883 
210922041231 0.866 24.784 38.550 7.547 8.304 0.155 10.920 
210922042731 0.889 24.783 38.549 7.550 8.303 0.156 10.929 
210922044231 0.840 24.781 38.548 7.547 8.294 0.164 10.932 
210922045731 0.878 24.786 38.549 7.542 8.299 0.200 10.897 
210922051231 0.838 24.790 38.554 7.533 8.307 0.131 10.924 
210922052731 0.855 24.794 38.558 7.536 8.303 0.158 10.931 
210922054231 0.845 24.799 38.556 7.541 8.306 0.144 10.933 
210922055731 0.828 24.813 38.550 7.542 8.301 0.163 10.883 
210922061231 0.851 24.784 38.545 7.546 8.301 0.149 10.920 
210922062731 0.853 24.790 38.548 7.539 8.301 0.159 10.929 
210922064231 0.862 24.797 38.540 7.539 8.303 0.173 10.933 
210922065731 0.864 24.780 38.576 7.539 8.306 0.228 10.898 
210922071231 0.859 24.778 38.570 7.539 8.304 0.206 10.924 
210922072731 0.856 24.778 38.570 7.540 8.301 0.201 10.931 
210922074231 0.819 24.767 38.542 7.544 8.301 0.213 10.933 
210922075731 0.893 24.783 38.539 7.527 8.305 0.219 10.897 
210922081231 0.849 24.778 38.549 7.515 8.298 0.205 10.924 
210922082731 0.885 24.777 38.547 7.502 8.299 0.163 10.931 
210922084231 0.876 24.774 38.548 7.501 8.298 0.149 10.933 
210922085731 0.881 24.781 38.548 7.499 8.298 0.170 10.883 
210922091231 0.850 24.781 38.550 7.502 8.303 0.143 10.920 
210922092731 0.853 24.776 38.555 7.502 8.301 0.131 10.929 
210922094231 0.844 24.777 38.553 7.502 8.301 0.115 10.932 
210922095731 0.852 24.797 38.548 7.507 8.299 0.067 10.898 
210922101231 0.877 24.807 38.561 7.509 8.299 0.076 10.924 
210922102731 0.865 24.819 38.570 7.515 8.299 0.067 10.931 
210922104231 0.868 24.864 38.565 7.517 8.298 0.120 10.933 
210922105731 0.857 24.844 38.565 7.535 8.299 0.122 10.898 
210922111231 0.882 24.819 38.563 7.545 8.298 0.070 10.924 
210922112731 0.891 24.794 38.561 7.548 8.299 0.107 10.931 
210922114231 0.889 24.790 38.558 7.554 8.297 0.082 10.933 
210922115731 0.873 24.780 38.550 7.563 8.292 0.063 10.883 
210922121231 0.896 24.776 38.555 7.578 8.295 0.103 10.920 
210922122731 0.891 24.773 38.557 7.585 8.293 0.087 10.929 
210922124231 0.871 24.776 38.560 7.590 8.296 0.076 10.933 
210922125731 0.853 24.773 38.556 7.601 8.298 0.074 10.898 
210922131231 0.927 24.770 38.552 7.617 8.296 0.092 10.924 
210922132731 0.893 24.776 38.558 7.619 8.296 0.090 10.931 
210922134231 0.876 24.764 38.558 7.633 8.295 0.070 10.933 
210922135731 0.897 24.771 38.557 7.645 8.297 0.074 10.896 
210922141231 0.849 24.764 38.556 7.644 8.292 0.088 10.923 
210922142731 0.885 24.757 38.554 7.643 8.294 0.095 10.931 
210922144231 0.868 24.763 38.554 7.640 8.292 0.073 10.933 
