SAMBAT Sea Ti  C/T/D/Odo/Fluo/pH GPS : 50195 
V:0,Pression (0/50),dba
V:1,Température (-5/35),°C
V:2,Salinité (2/42),g/l
V:3,Oxygène (0/20),mgl
V:4,PH (0/14),pH
V:5,Fluorescence (0/500),ppb
V:6,Tension batterie,V
200423105500 0.797 16.032 38.075 10.293 8.246 0.835 10.727 
200423110959 0.832 15.992 38.121 10.296 8.246 0.987 10.811 
200423112459 0.832 15.935 38.135 10.301 8.246 0.911 10.840 
200423113959 0.746 16.056 38.098 10.291 8.245 0.896 10.807 
200423115459 0.798 16.146 38.125 10.258 8.244 0.835 10.842 
200423120959 0.823 15.977 38.139 10.303 8.245 0.615 10.855 
200423122459 0.781 16.159 38.145 10.263 8.244 0.334 10.861 
200423123959 0.818 16.251 38.145 10.231 8.246 1.063 10.799 
200423125459 0.767 16.276 38.144 10.227 8.246 1.101 10.842 
200423130959 0.809 16.365 38.136 10.208 8.246 1.237 10.857 
200423132459 0.764 16.382 38.129 10.203 8.246 1.215 10.864 
200423133959 0.807 16.405 38.134 10.195 8.246 1.647 10.816 
200423135459 0.784 16.333 38.144 10.215 8.245 1.450 10.851 
200423140959 0.789 16.443 38.133 10.195 8.243 1.594 10.862 
200423142459 0.781 16.373 38.133 10.217 8.243 1.336 10.866 
200423143959 0.756 16.337 38.123 10.234 8.243 1.366 10.803 
200423145459 0.805 16.310 38.133 10.242 8.241 1.108 10.846 
200423150959 0.764 16.241 38.113 10.270 8.243 1.830 10.860 
200423152459 0.782 16.256 38.124 10.270 8.244 2.088 10.865 
200423153959 0.765 16.261 38.133 10.269 8.244 1.723 10.817 
200423155459 0.744 16.277 38.112 10.270 8.244 2.118 10.851 
200423160959 0.798 16.283 38.136 10.273 8.245 2.718 10.862 
200423162459 0.799 16.302 38.120 10.275 8.245 3.112 10.866 
200423163959 0.806 16.180 38.124 10.305 8.247 2.703 10.818 
200423165459 0.753 16.241 38.125 10.294 8.246 2.672 10.852 
200423170959 0.774 16.220 38.128 10.305 8.247 3.682 10.862 
200423172459 0.771 16.156 38.117 10.339 8.247 3.477 10.866 
200423173959 0.777 16.034 38.110 10.379 8.248 2.824 10.802 
200423175459 0.823 15.973 38.119 10.392 8.249 3.044 10.844 
200423180959 0.751 16.044 38.125 10.384 8.248 3.697 10.858 
200423182459 0.832 16.001 38.102 10.397 8.249 3.818 10.864 
200423183959 0.721 15.916 38.104 10.420 8.252 3.150 10.815 
200423185459 0.780 15.881 38.097 10.437 8.253 3.021 10.849 
200423190959 0.755 15.812 38.097 10.463 8.254 3.234 10.860 
200423192459 0.776 15.762 38.093 10.478 8.255 3.598 10.864 
200423193959 0.803 15.728 38.080 10.497 8.258 3.211 10.814 
200423195459 0.766 15.671 38.083 10.516 8.260 3.021 10.847 
200423200959 0.823 15.651 38.088 10.523 8.258 3.105 10.858 
200423202459 0.780 15.629 38.087 10.534 8.258 2.771 10.862 
200423203959 0.785 15.612 38.092 10.541 8.259 3.682 10.799 
200423205459 0.793 15.602 38.092 10.545 8.260 3.135 10.840 
200423210959 0.778 15.603 38.088 10.545 8.260 2.877 10.854 
200423212459 0.763 15.577 38.092 10.553 8.262 3.120 10.860 
200423213959 0.804 15.566 38.088 10.556 8.262 3.462 10.811 
200423215459 0.829 15.546 38.094 10.561 8.262 3.006 10.844 
200423220959 0.786 15.504 38.100 10.578 8.263 3.006 10.855 
200423222459 0.774 15.466 38.099 10.589 8.264 3.469 10.860 
200423223959 0.803 15.398 38.098 10.612 8.265 4.160 10.807 
200423225459 0.811 15.389 38.103 10.612 8.266 2.923 10.842 
200423230959 0.843 15.407 38.098 10.605 8.266 3.689 10.854 
200423232459 0.814 15.368 38.106 10.617 8.269 3.348 10.858 
200423233959 0.792 15.326 38.106 10.625 8.270 2.983 10.795 
200423235459 0.792 15.261 38.101 10.647 8.270 2.505 10.836 
210423000959 0.792 15.225 38.046 10.654 8.268 3.629 10.851 
210423002459 0.800 15.197 38.090 10.667 8.269 3.788 10.856 
210423003959 0.774 15.176 38.108 10.671 8.269 2.923 10.807 
210423005459 0.831 15.193 38.090 10.660 8.268 2.816 10.841 
210423010959 0.787 15.182 38.056 10.657 8.267 3.037 10.852 
210423012459 0.769 15.196 38.083 10.651 8.267 2.725 10.857 
210423013959 0.786 15.223 38.071 10.636 8.267 3.659 10.807 
210423015459 0.786 15.219 38.108 10.632 8.268 3.295 10.841 
210423020959 0.801 15.224 38.107 10.626 8.268 3.553 10.852 
210423022459 0.817 15.213 38.104 10.625 8.269 2.748 10.857 
210423023959 0.806 15.196 38.107 10.632 8.269 3.393 10.806 
210423025459 0.800 15.206 38.102 10.620 8.269 3.120 10.840 
210423030959 0.787 15.207 38.104 10.617 8.269 3.204 10.852 
210423032459 0.827 15.229 38.096 10.610 8.268 3.424 10.857 
210423033959 0.800 15.235 38.098 10.606 8.269 3.272 10.793 
210423035459 0.776 15.242 38.086 10.603 8.269 3.188 10.834 
210423040959 0.804 15.216 38.090 10.605 8.269 3.431 10.849 
210423042459 0.776 15.227 38.081 10.598 8.269 2.687 10.855 
210423043959 0.799 15.220 38.085 10.600 8.269 3.272 10.807 
210423045459 0.792 15.204 38.091 10.599 8.269 2.718 10.840 
210423050959 0.777 15.193 38.094 10.604 8.270 2.907 10.851 
210423052459 0.823 15.206 38.082 10.595 8.269 4.107 10.856 
210423053959 0.799 15.195 38.088 10.595 8.269 3.340 10.807 
210423055459 0.781 15.189 38.094 10.590 8.269 3.310 10.840 
210423060959 0.800 15.188 38.100 10.586 8.269 3.477 10.852 
210423062459 0.827 15.185 38.099 10.586 8.268 3.538 10.857 
210423063959 0.825 15.167 38.096 10.589 8.267 2.323 10.793 
210423065459 0.788 15.162 38.097 10.589 8.267 1.875 10.834 
210423070959 0.814 15.163 38.093 10.588 8.266 1.412 10.849 
210423072459 0.804 15.169 38.098 10.585 8.265 1.169 10.855 
210423073959 0.819 15.201 38.102 10.575 8.263 0.668 10.806 
210423075459 0.813 15.214 38.099 10.565 8.263 1.503 10.840 
210423080959 0.816 15.237 38.099 10.555 8.262 1.010 10.851 
210423082459 0.789 15.276 38.098 10.547 8.261 0.827 10.856 
210423083959 0.797 15.277 38.103 10.547 8.261 0.319 10.807 
210423085459 0.812 15.330 38.096 10.528 8.261 0.744 10.841 
210423090959 0.812 15.360 38.102 10.519 8.259 0.486 10.852 
210423092459 0.809 15.386 38.088 10.516 8.258 0.789 10.857 
210423093959 0.796 15.416 38.112 10.500 8.258 0.835 10.792 
210423095459 0.813 15.515 38.090 10.476 8.257 0.843 10.834 
210423100959 0.813 15.516 38.120 10.471 8.255 0.653 10.850 
210423102459 0.808 15.493 38.104 10.477 8.255 0.486 10.857 
210423103959 0.822 15.456 38.113 10.485 8.254 0.835 10.809 
210423105459 0.810 15.917 38.196 10.332 8.251 0.455 10.842 
