SAMBAT Sea Ti  C/T/D/Odo/Fluo/pH GPS : 50195 
V:0,Pression (0/50),dba
V:1,Température (-5/35),°C
V:2,Salinité (2/42),g/l
V:3,Oxygène (0/20),mgl
V:4,PH (0/14),pH
V:5,Fluorescence (0/500),ppb
V:6,Tension batterie,V
070623125119 0.837 21.570 38.198 9.244 8.258 0.319 10.798 
070623130618 0.852 21.638 38.204 9.231 8.257 0.562 10.894 
070623132118 0.840 21.679 38.205 9.219 8.256 0.463 10.917 
070623133618 0.815 21.672 38.222 9.217 8.255 0.455 10.923 
070623135118 0.821 21.705 38.193 9.217 8.255 0.334 10.903 
070623140618 0.810 21.685 38.207 9.217 8.255 0.129 10.920 
070623142118 0.846 21.619 38.182 9.243 8.255 0.364 10.925 
070623143618 0.866 21.710 38.230 9.213 8.254 0.478 10.927 
070623145118 0.798 21.690 38.201 9.229 8.254 0.304 10.906 
070623150618 0.821 21.698 38.167 9.232 8.254 0.653 10.919 
070623152118 0.832 21.790 38.183 9.199 8.253 0.425 10.926 
070623153618 0.820 21.805 38.226 9.185 8.253 0.569 10.928 
070623155118 0.810 21.847 38.230 9.174 8.252 0.622 10.905 
070623160618 0.839 21.880 38.220 9.165 8.252 0.539 10.923 
070623162118 0.800 21.802 38.214 9.188 8.253 0.311 10.927 
070623163618 0.855 21.647 38.204 9.229 8.255 0.357 10.928 
070623165118 0.806 21.645 38.222 9.221 8.256 0.418 10.912 
070623170618 0.730 21.690 38.215 9.215 8.258 0.622 10.924 
070623172118 0.850 21.608 38.219 9.234 8.258 0.622 10.927 
070623173618 0.837 21.696 38.224 9.216 8.259 0.873 10.928 
070623175118 0.859 21.673 38.223 9.229 8.260 0.630 10.909 
070623180618 0.789 21.674 38.223 9.232 8.260 0.676 10.924 
070623182118 0.787 21.730 38.222 9.224 8.260 0.714 10.927 
070623183618 0.823 21.731 38.220 9.226 8.260 1.032 10.928 
070623185118 0.835 21.719 38.225 9.227 8.261 0.858 10.912 
070623190618 0.818 21.699 38.208 9.238 8.261 0.865 10.925 
070623192118 0.843 21.629 38.212 9.257 8.262 0.881 10.927 
070623193618 0.809 21.611 38.220 9.260 8.263 0.638 10.927 
070623195118 0.833 21.527 38.210 9.288 8.265 1.169 10.905 
070623200618 0.792 21.468 38.204 9.300 8.267 1.063 10.922 
070623202118 0.825 21.364 38.218 9.330 8.268 1.344 10.926 
070623203618 0.835 21.400 38.205 9.335 8.270 1.139 10.925 
070623205118 0.827 21.416 38.203 9.339 8.271 1.404 10.909 
070623210618 0.817 21.383 38.207 9.363 8.272 1.002 10.918 
070623212118 0.834 21.410 38.211 9.363 8.273 0.903 10.925 
070623213618 0.831 21.335 38.206 9.389 8.274 1.131 10.926 
070623215118 0.848 21.236 38.198 9.423 8.275 1.199 10.909 
070623220618 0.839 21.196 38.201 9.437 8.276 1.905 10.922 
070623222118 0.828 21.229 38.200 9.436 8.279 1.215 10.924 
070623223618 0.847 21.225 38.212 9.446 8.283 1.237 10.923 
070623225118 0.839 21.217 38.206 9.458 8.286 1.587 10.902 
070623230618 0.831 21.176 38.195 9.472 8.283 1.374 10.919 
070623232118 0.831 21.230 38.191 9.492 8.288 1.222 10.919 
070623233618 0.830 21.107 38.192 9.542 8.281 1.359 10.920 
070623235118 0.822 21.087 38.186 9.553 8.282 1.260 10.907 
080623000618 0.837 21.037 38.186 9.569 8.281 1.070 10.920 
080623002118 0.844 20.978 38.184 9.585 8.277 0.979 10.923 
080623003618 0.830 20.961 38.187 9.588 8.277 0.972 10.924 
080623005118 0.834 20.974 38.191 9.582 8.273 1.070 10.906 
080623010618 0.827 20.963 38.190 9.574 8.272 1.389 10.915 
080623012118 0.831 20.987 38.192 9.560 8.272 0.964 10.919 
080623013618 0.839 20.984 38.185 9.556 8.270 1.814 10.922 
080623015118 0.827 20.998 38.188 9.547 8.271 1.192 10.899 
080623020618 0.819 21.003 38.187 9.542 8.271 1.025 10.917 
080623022118 0.821 21.018 38.185 9.535 8.272 1.199 10.921 
080623023618 0.824 21.024 38.187 9.508 8.272 1.321 10.918 
080623025118 0.817 21.014 38.189 9.483 8.273 1.078 10.901 
080623030618 0.843 21.012 38.191 9.471 8.272 1.116 10.918 
080623032118 0.818 21.012 38.188 9.459 8.272 1.086 10.921 
080623033618 0.831 20.998 38.191 9.455 8.272 1.063 10.922 
080623035118 0.815 20.996 38.190 9.433 8.272 1.093 10.901 
080623040618 0.814 20.985 38.192 9.429 8.272 1.040 10.918 
080623042118 0.823 20.985 38.190 9.423 8.271 1.017 10.919 
080623043618 0.806 20.984 38.190 9.423 8.272 1.002 10.922 
080623045118 0.816 20.991 38.189 9.420 8.272 1.070 10.904 
080623050618 0.830 20.998 38.191 9.416 8.272 1.397 10.918 
080623052118 0.799 21.003 38.194 9.412 8.272 0.934 10.921 
080623053618 0.823 21.010 38.192 9.410 8.272 1.146 10.920 
080623055118 0.830 21.022 38.190 9.407 8.272 1.222 10.898 
080623060618 0.814 21.055 38.190 9.397 8.272 0.759 10.914 
080623062118 0.814 21.061 38.190 9.395 8.272 1.055 10.920 
080623063618 0.822 21.093 38.188 9.388 8.272 1.040 10.922 
080623065118 0.818 21.098 38.190 9.388 8.272 1.184 10.901 
080623070618 0.828 21.135 38.201 9.378 8.272 0.372 10.918 
080623072118 0.816 21.166 38.202 9.365 8.270 0.736 10.919 
080623073618 0.816 21.218 38.205 9.354 8.268 0.676 10.922 
080623075118 0.813 21.234 38.205 9.349 8.266 0.433 10.905 
080623080618 0.819 21.257 38.200 9.340 8.265 0.683 10.919 
080623082118 0.826 21.256 38.186 9.338 8.265 0.524 10.918 
080623083618 0.809 21.246 38.179 9.345 8.265 0.410 10.923 
080623085118 0.827 21.270 38.180 9.332 8.264 0.433 10.899 
080623090618 0.806 21.336 38.171 9.318 8.264 0.615 10.917 
080623092118 0.825 21.377 38.164 9.311 8.264 0.296 10.917 
080623093618 0.830 21.586 38.145 9.255 8.262 0.562 10.923 
080623095118 0.810 21.627 38.152 9.249 8.262 0.448 10.907 
080623100618 0.814 21.640 38.175 9.228 8.261 0.243 10.916 
080623102118 0.805 21.752 38.163 9.215 8.260 0.349 10.923 
080623103618 0.810 21.765 38.184 9.202 8.259 0.357 10.925 
080623105118 0.826 21.797 38.154 9.193 8.258 0.402 10.908 
080623110618 0.798 21.819 38.159 9.184 8.258 0.243 10.921 
080623112118 0.818 21.869 38.180 9.162 8.257 0.273 10.925 
080623113618 0.821 21.993 38.185 9.132 8.256 0.440 10.926 
080623115118 0.805 21.954 38.177 9.140 8.255 0.319 10.904 
080623120618 0.820 21.997 38.189 9.123 8.255 0.577 10.921 
080623122118 0.812 21.969 38.174 9.125 8.254 0.357 10.925 
080623123618 0.805 21.837 38.174 9.160 8.255 0.486 10.923 
080623125118 0.799 21.817 38.195 9.160 8.255 0.266 10.907 
