SAMBAT Sea Ti  C/T/D/Odo/Fluo/pH GPS : 50195 
V:0,Pression (0/50),dba
V:1,Température (-5/35),°C
V:2,Salinité (2/42),g/l
V:3,Oxygène (0/20),mgl
V:4,PH (0/14),pH
V:5,Fluorescence (0/500),ppb
V:6,Tension batterie,V
170723143251 0.826 28.189 39.269 7.760 8.248 1.283 10.855 
170723144750 0.766 28.230 39.290 7.751 8.249 1.298 10.946 
170723150250 0.813 28.219 39.212 7.757 8.248 1.230 10.964 
170723151750 0.827 28.199 39.250 7.764 8.248 1.458 10.966 
170723153250 0.833 28.226 39.193 7.761 8.248 1.306 10.966 
170723154750 0.807 28.207 39.253 7.762 8.248 1.382 10.953 
170723160250 0.825 28.216 39.325 7.765 8.246 1.412 10.965 
170723161750 0.835 28.236 39.323 7.759 8.248 1.397 10.966 
170723163250 0.768 28.283 39.323 7.753 8.249 1.313 10.967 
170723164750 0.806 28.250 39.334 7.760 8.248 1.458 10.947 
170723170250 0.817 28.204 39.326 7.770 8.246 2.072 10.965 
170723171750 0.775 28.211 39.316 7.772 8.252 1.799 10.966 
170723173250 0.768 28.346 39.268 7.748 8.251 2.050 10.967 
170723174750 0.817 28.365 39.337 7.746 8.249 2.338 10.954 
170723180250 0.797 28.284 39.310 7.768 8.247 2.118 10.966 
170723181750 0.805 28.209 39.283 7.788 8.249 2.482 10.967 
170723183250 0.807 28.264 39.311 7.778 8.252 2.429 10.967 
170723184750 0.810 28.252 39.319 7.786 8.250 2.194 10.954 
170723190250 0.818 28.144 39.349 7.809 8.247 2.012 10.966 
170723191750 0.811 28.041 39.290 7.836 8.247 2.088 10.967 
170723193250 0.790 27.990 39.311 7.856 8.249 2.368 10.967 
170723194750 0.794 27.913 39.279 7.880 8.246 2.482 10.947 
170723200250 0.806 27.874 39.277 7.891 8.246 2.361 10.964 
170723201750 0.804 27.748 39.276 7.899 8.245 2.490 10.966 
170723203250 0.817 27.700 39.272 7.903 8.246 2.270 10.966 
170723204750 0.813 27.675 39.306 7.905 8.248 2.072 10.952 
170723210250 0.803 27.670 39.336 7.908 8.250 2.072 10.964 
170723211750 0.809 27.647 39.330 7.913 8.250 2.019 10.965 
170723213250 0.792 27.696 39.334 7.914 8.257 2.194 10.965 
170723214750 0.798 27.732 39.292 7.919 8.258 2.141 10.951 
170723220250 0.793 27.752 39.340 7.925 8.257 1.867 10.964 
170723221750 0.807 27.762 39.267 7.930 8.257 2.444 10.965 
170723223250 0.804 27.758 39.336 7.935 8.259 1.867 10.965 
170723224750 0.808 27.743 39.335 7.941 8.258 2.300 10.950 
170723230250 0.810 27.715 39.330 7.947 8.257 2.467 10.964 
170723231750 0.821 27.696 39.340 7.952 8.257 2.050 10.964 
170723233250 0.844 27.672 39.360 7.956 8.258 2.004 10.964 
170723234750 0.803 27.668 39.231 7.960 8.259 2.201 10.944 
180723000250 0.753 27.660 39.263 7.963 8.259 1.921 10.962 
180723001750 0.817 27.632 39.277 7.965 8.257 2.406 10.964 
180723003250 0.779 27.622 39.345 7.967 8.256 2.088 10.964 
180723004750 0.818 27.608 39.338 7.967 8.255 2.331 10.951 
180723010250 0.794 27.602 39.330 7.967 8.257 2.148 10.963 
180723011750 0.816 27.613 39.322 7.965 8.257 2.277 10.964 
180723013250 0.810 27.582 39.351 7.965 8.256 2.057 10.964 
180723014750 0.790 27.584 39.335 7.961 8.255 1.883 10.950 
180723020250 0.801 27.555 39.336 7.962 8.255 2.110 10.963 
180723021750 0.808 27.499 39.344 7.966 8.253 1.754 10.964 
180723023250 0.758 27.478 39.332 7.967 8.253 2.194 10.964 
180723024750 0.832 27.463 39.318 7.967 8.254 1.822 10.942 
180723030250 0.806 27.451 39.314 7.969 8.255 1.814 10.961 
180723031750 0.793 27.453 39.319 7.967 8.255 1.898 10.963 
180723033250 0.785 27.404 39.320 7.974 8.254 1.571 10.963 
180723034750 0.799 27.379 39.297 7.975 8.254 1.594 10.949 
180723040250 0.824 27.340 39.309 7.978 8.255 2.300 10.962 
180723041750 0.778 27.332 39.328 7.975 8.256 1.822 10.962 
180723043250 0.794 27.322 39.329 7.969 8.258 1.883 10.963 
180723044750 0.807 27.335 39.336 7.963 8.258 2.027 10.949 
180723050250 0.801 27.346 39.334 7.952 8.258 1.959 10.962 
180723051750 0.816 27.373 39.338 7.939 8.258 1.943 10.962 
180723053250 0.785 27.381 39.341 7.931 8.258 1.746 10.963 
180723054750 0.810 27.379 39.345 7.927 8.256 2.126 10.941 
180723060250 0.834 27.358 39.365 7.925 8.257 1.997 10.960 
180723061750 0.812 27.364 39.257 7.916 8.256 1.905 10.962 
180723063250 0.813 27.351 39.333 7.915 8.256 1.814 10.962 
180723064750 0.781 27.353 39.344 7.909 8.257 1.792 10.948 
180723070250 0.811 27.354 39.347 7.906 8.258 1.503 10.961 
180723071750 0.823 27.377 39.351 7.897 8.258 1.662 10.962 
180723073250 0.819 27.450 39.352 7.880 8.260 1.662 10.962 
180723074750 0.814 27.488 39.353 7.870 8.260 1.647 10.947 
180723080250 0.802 27.489 39.365 7.868 8.258 1.738 10.961 
180723081750 0.817 27.478 39.345 7.869 8.258 1.587 10.962 
180723083250 0.840 27.465 39.368 7.870 8.256 1.541 10.963 
180723084750 0.793 27.499 39.251 7.864 8.257 1.518 10.941 
180723090250 0.802 27.494 39.368 7.864 8.256 1.495 10.961 
180723091750 0.827 27.529 39.368 7.860 8.257 0.919 10.962 
180723093250 0.834 27.580 39.359 7.850 8.257 1.275 10.962 
180723094750 0.793 27.642 39.373 7.849 8.258 1.291 10.949 
180723100250 0.829 27.782 39.366 7.847 8.260 0.881 10.962 
180723101750 0.845 27.798 39.383 7.848 8.258 1.291 10.962 
180723103250 0.789 27.901 39.407 7.845 8.256 1.291 10.964 
180723104750 0.813 27.924 39.311 7.843 8.258 1.283 10.950 
180723110250 0.798 28.017 39.364 7.820 8.258 0.941 10.963 
180723111750 0.793 27.923 39.344 7.850 8.251 1.070 10.964 
180723113250 0.813 28.021 39.359 7.827 8.251 1.078 10.964 
180723114750 0.816 28.000 39.329 7.831 8.256 1.032 10.944 
180723120250 0.798 28.036 39.349 7.824 8.252 0.903 10.963 
180723121750 0.801 28.209 39.256 7.795 8.257 0.911 10.964 
180723123250 0.791 28.451 39.369 7.744 8.258 1.427 10.965 
180723124750 0.775 28.269 39.316 7.779 8.255 1.253 10.952 
180723130250 0.800 28.488 39.297 7.742 8.253 0.919 10.964 
180723131750 0.804 28.387 39.354 7.759 8.249 1.192 10.966 
180723133250 0.808 28.341 39.319 7.772 8.247 1.055 10.966 
180723134750 0.809 28.360 39.391 7.766 8.252 1.184 10.953 
180723140250 0.799 28.327 39.385 7.767 8.248 0.843 10.965 
180723141750 0.760 28.398 39.423 7.757 8.250 1.017 10.966 
180723143250 0.854 28.545 39.427 7.729 8.244 1.078 10.966 
