SAMBAT Sea Ti  C/T/D/Odo/Fluo/pH GPS : 50195 
V:0,Pression (0/50),dba
V:1,Température (-5/35),°C
V:2,Salinité (2/42),g/l
V:3,Oxygène (0/20),mgl
V:4,PH (0/14),pH
V:5,Fluorescence (0/500),ppb
V:6,Tension batterie,V
270423111138 0.799 16.630 37.816 10.187 8.252 0.873 10.736 
270423112637 0.883 16.684 37.812 10.173 8.249 0.820 10.822 
270423114137 0.866 16.405 37.797 10.246 8.250 0.410 10.807 
270423115637 0.864 16.410 37.804 10.243 8.250 0.554 10.845 
270423121137 0.856 16.408 37.814 10.241 8.249 0.691 10.860 
270423122637 0.880 16.416 37.809 10.234 8.249 0.767 10.867 
270423124137 0.852 16.453 37.817 10.224 8.248 0.782 10.826 
270423125637 0.860 16.495 37.807 10.214 8.248 0.592 10.855 
270423131137 0.825 16.510 37.820 10.203 8.248 0.805 10.866 
270423132637 0.809 16.471 37.803 10.214 8.248 1.070 10.870 
270423134137 0.852 16.676 37.818 10.154 8.247 1.025 10.828 
270423135637 0.823 16.575 37.792 10.186 8.246 0.372 10.857 
270423141137 0.858 16.645 37.790 10.163 8.246 1.336 10.868 
270423142637 0.866 16.736 37.786 10.131 8.244 1.078 10.872 
270423144137 0.830 16.931 37.800 10.105 8.243 1.533 10.818 
270423145637 0.860 16.780 37.790 10.129 8.243 1.328 10.855 
270423151137 0.794 16.655 37.806 10.156 8.246 1.055 10.867 
270423152637 0.859 16.843 37.806 10.108 8.244 1.549 10.872 
270423154137 0.838 17.118 37.806 10.100 8.243 1.533 10.830 
270423155637 0.843 17.050 37.787 10.101 8.242 1.792 10.860 
270423161137 0.844 17.120 37.797 10.105 8.242 1.617 10.870 
270423162637 0.844 17.027 37.795 10.107 8.245 2.103 10.875 
270423164137 0.846 17.020 37.789 10.111 8.245 2.376 10.830 
270423165637 0.838 17.086 37.784 10.112 8.243 2.270 10.861 
270423171137 0.857 17.053 37.789 10.114 8.245 2.725 10.871 
270423172637 0.831 17.053 37.800 10.117 8.245 2.907 10.875 
270423174137 0.821 17.029 37.785 10.121 8.246 3.409 10.822 
270423175637 0.844 17.074 37.787 10.122 8.246 3.606 10.858 
270423181137 0.830 17.078 37.796 10.125 8.243 4.039 10.870 
270423182637 0.832 17.062 37.804 10.129 8.244 4.266 10.875 
270423184137 0.849 17.040 37.808 10.133 8.244 3.743 10.833 
270423185637 0.869 17.030 37.801 10.135 8.245 4.137 10.862 
270423191137 0.832 17.005 37.789 10.139 8.245 4.023 10.871 
270423192637 0.843 16.989 37.791 10.141 8.246 4.213 10.875 
270423194137 0.853 16.971 37.802 10.143 8.247 5.314 10.821 
270423195637 0.842 16.719 37.785 10.165 8.247 3.295 10.857 
270423201137 0.848 16.779 37.793 10.163 8.246 4.335 10.869 
270423202637 0.856 16.672 37.776 10.200 8.246 4.183 10.873 
270423204137 0.864 16.285 37.780 10.305 8.248 3.727 10.829 
270423205637 0.852 16.730 37.772 10.175 8.246 4.228 10.859 
270423211137 0.859 16.841 37.777 10.139 8.246 4.585 10.869 
270423212637 0.860 16.782 37.762 10.153 8.247 4.077 10.873 
270423214137 0.864 16.737 37.801 10.161 8.248 4.555 10.831 
270423215637 0.857 16.703 37.778 10.177 8.253 3.037 10.860 
270423221137 0.885 16.647 37.776 10.192 8.256 3.743 10.869 
270423222637 0.864 16.614 37.754 10.197 8.260 3.515 10.873 
270423224137 0.863 16.608 37.766 10.204 8.263 2.680 10.818 
270423225637 0.854 16.595 37.770 10.210 8.261 2.703 10.853 
270423231137 0.874 16.568 37.763 10.222 8.262 3.097 10.866 
270423232637 0.867 16.535 37.762 10.233 8.265 3.492 10.870 
270423234137 0.864 16.488 37.747 10.257 8.263 3.348 10.828 
270423235637 0.862 16.444 37.760 10.268 8.265 3.439 10.857 
280423001137 0.858 16.389 37.764 10.288 8.265 2.733 10.866 
280423002637 0.873 16.316 37.769 10.310 8.265 2.725 10.870 
280423004137 0.879 16.267 37.776 10.332 8.265 2.224 10.827 
280423005637 0.882 16.225 37.777 10.342 8.263 2.308 10.856 
280423011137 0.880 16.191 37.779 10.348 8.265 2.452 10.866 
280423012637 0.862 16.239 37.781 10.337 8.267 2.217 10.869 
280423014137 0.894 16.315 37.755 10.314 8.266 2.490 10.815 
280423015637 0.883 16.290 37.762 10.324 8.270 2.589 10.851 
280423021137 0.860 16.333 37.773 10.314 8.271 1.738 10.863 
280423022637 0.840 16.318 37.761 10.320 8.271 1.541 10.868 
280423024137 0.870 16.310 37.772 10.323 8.268 2.346 10.826 
280423025637 0.894 16.329 37.782 10.327 8.267 1.860 10.855 
280423031137 0.874 16.359 37.790 10.322 8.266 2.004 10.864 
280423032637 0.874 16.362 37.787 10.322 8.266 1.700 10.868 
280423034137 0.884 16.345 37.782 10.327 8.266 1.488 10.826 
280423035637 0.875 16.334 37.705 10.329 8.263 1.655 10.855 
280423041137 0.877 16.296 37.786 10.335 8.264 1.366 10.864 
280423042637 0.878 16.282 37.788 10.343 8.263 1.488 10.868 
280423044137 0.857 16.258 37.789 10.346 8.262 2.110 10.825 
280423045637 0.873 16.237 37.790 10.344 8.260 2.148 10.854 
280423051137 0.869 16.216 37.779 10.345 8.258 2.665 10.864 
280423052637 0.875 16.173 37.784 10.351 8.255 2.809 10.868 
280423054137 0.865 16.152 37.780 10.349 8.258 4.380 10.815 
280423055637 0.873 16.130 37.780 10.344 8.259 3.902 10.849 
280423061137 0.861 16.099 37.779 10.341 8.258 3.522 10.862 
280423062637 0.873 16.081 37.773 10.333 8.260 3.917 10.866 
280423064137 0.899 16.076 37.769 10.326 8.260 3.317 10.823 
280423065637 0.882 16.077 37.773 10.314 8.259 3.150 10.853 
280423071137 0.880 16.087 37.760 10.306 8.258 2.103 10.862 
280423072637 0.873 16.048 37.753 10.316 8.259 2.429 10.867 
280423074137 0.882 16.089 37.665 10.293 8.259 1.495 10.829 
280423075637 0.894 16.379 37.756 10.205 8.258 2.482 10.855 
280423081137 0.866 16.372 37.752 10.195 8.257 2.596 10.864 
280423082637 0.875 16.362 37.745 10.195 8.255 1.723 10.868 
280423084137 0.883 16.390 37.748 10.184 8.253 1.921 10.816 
280423085637 0.881 16.383 37.755 10.182 8.254 1.716 10.851 
280423091137 0.884 16.447 37.753 10.160 8.254 2.012 10.863 
280423092637 0.858 16.455 37.758 10.155 8.255 1.078 10.868 
280423094137 0.877 16.561 37.765 10.121 8.253 1.943 10.826 
280423095637 0.880 16.699 37.766 10.089 8.250 1.997 10.856 
280423101137 0.885 16.766 37.774 10.068 8.252 2.346 10.866 
280423102637 0.874 16.836 37.790 10.057 8.249 2.065 10.870 
280423104137 0.889 16.850 37.761 10.053 8.250 1.867 10.828 
280423105637 0.888 16.827 37.772 10.055 8.250 2.353 10.858 
280423111137 0.880 16.639 37.794 10.118 8.251 1.313 10.868 
