SAMBAT Sea Ti  C/T/D/Odo/Fluo/pH GPS : 50195 
V:0,Pression (0/50),dba
V:1,Température (-5/35),°C
V:2,Salinité (2/42),g/l
V:3,Oxygène (0/20),mgl
V:4,PH (0/14),pH
V:5,Fluorescence (0/500),ppb
V:6,Tension batterie,V
010423100824 0.632 14.817 38.164 10.814 8.233 0.767 10.723 
010423102323 0.790 14.818 38.161 10.802 8.232 1.002 10.803 
010423103823 0.664 14.815 38.164 10.790 8.232 1.108 10.789 
010423105323 0.764 14.836 38.161 10.774 8.231 0.258 10.826 
010423110823 0.813 14.831 38.163 10.764 8.231 1.040 10.840 
010423112323 0.831 14.841 38.166 10.754 8.231 0.607 10.846 
010423113823 0.892 14.836 38.160 10.746 8.231 0.827 10.799 
010423115323 0.825 14.836 38.161 10.735 8.230 1.344 10.833 
010423120823 0.769 14.849 38.158 10.728 8.231 4.820 10.844 
010423122323 0.862 14.863 38.160 10.721 8.230 0.903 10.849 
010423123823 0.746 14.848 38.163 10.726 8.230 1.086 10.794 
010423125323 0.654 14.868 38.162 10.723 8.230 0.911 10.832 
010423130823 0.762 14.868 38.159 10.722 8.231 1.328 10.845 
010423132323 0.800 14.889 38.161 10.716 8.231 0.600 10.850 
010423133823 0.752 14.884 38.161 10.718 8.231 1.245 10.786 
010423135323 0.706 14.880 38.162 10.716 8.231 0.000 10.828 
010423140823 0.743 14.885 38.162 10.715 8.229 0.015 10.843 
010423142323 0.804 14.880 38.163 10.716 8.230 1.101 10.849 
010423143823 0.742 14.880 38.161 10.717 8.230 1.032 10.801 
010423145323 0.673 14.899 38.162 10.711 8.229 16.238 10.834 
010423150823 0.591 14.895 38.163 10.710 8.229 2.665 10.846 
010423152323 0.711 14.919 38.161 10.709 8.231 0.000 10.851 
010423153823 0.748 14.958 38.160 10.705 8.234 0.000 10.799 
010423155323 0.596 14.979 38.157 10.701 8.235 0.668 10.834 
010423160823 0.733 14.988 38.160 10.698 8.236 0.789 10.846 
010423162323 0.763 14.979 38.160 10.703 8.235 1.192 10.851 
010423163823 0.823 14.969 38.161 10.713 8.234 0.987 10.787 
010423165323 0.805 14.962 38.162 10.716 8.233 0.364 10.829 
010423170823 0.775 14.957 38.165 10.717 8.234 1.617 10.844 
010423172323 0.725 14.973 38.158 10.712 8.236 1.959 10.850 
010423173823 0.687 15.002 38.151 10.709 8.239 2.103 10.798 
010423175323 0.635 15.025 38.154 10.706 8.247 2.475 10.834 
010423180823 0.685 15.036 38.151 10.708 8.253 2.103 10.846 
010423182323 0.719 15.038 38.148 10.714 8.256 2.642 10.851 
010423183823 0.737 15.036 38.148 10.724 8.258 2.771 10.802 
010423185323 0.803 15.024 38.156 10.731 8.256 2.740 10.836 
010423190823 0.690 15.031 38.140 10.740 8.258 2.505 10.847 
010423192323 0.708 15.020 38.150 10.748 8.257 2.642 10.852 
010423193823 0.796 15.018 38.150 10.763 8.258 2.862 10.786 
010423195323 0.487 14.992 38.155 10.779 8.252 2.687 10.829 
010423200823 0.808 14.949 38.160 10.799 8.248 2.907 10.844 
010423202323 0.675 14.897 38.160 10.814 8.242 2.953 10.850 
010423203823 0.767 14.833 38.165 10.835 8.238 4.001 10.801 
010423205323 0.839 14.808 38.165 10.840 8.235 3.758 10.834 
010423210823 0.729 14.805 38.162 10.836 8.235 3.576 10.846 
010423212323 0.693 14.822 38.163 10.830 8.236 4.221 10.851 
010423213823 0.810 14.825 38.162 10.826 8.236 3.735 10.786 
010423215323 0.726 14.819 38.167 10.824 8.237 3.515 10.827 
010423220823 0.652 14.828 38.164 10.822 8.237 4.532 10.842 
010423222323 0.766 14.815 38.163 10.825 8.237 4.107 10.849 
010423223823 0.803 14.813 38.166 10.825 8.237 3.682 10.800 
010423225323 0.769 14.819 38.167 10.819 8.238 3.811 10.834 
010423230823 0.543 14.819 38.160 10.820 8.237 3.879 10.845 
010423232323 0.809 14.824 38.167 10.812 8.238 3.780 10.850 
010423233823 0.643 14.819 38.171 10.808 8.238 3.826 10.800 
010423235323 0.691 14.830 38.165 10.801 8.239 3.705 10.833 
020423000823 0.541 14.821 38.164 10.796 8.241 3.758 10.845 
020423002323 0.741 14.830 38.164 10.787 8.241 3.515 10.850 
020423003823 0.790 14.830 38.162 10.776 8.241 3.932 10.786 
020423005323 0.760 14.815 38.170 10.769 8.240 3.864 10.827 
020423010823 0.721 14.811 38.157 10.763 8.240 3.727 10.842 
020423012323 0.731 14.799 38.165 10.755 8.239 4.001 10.849 
020423013823 0.665 14.804 38.152 10.745 8.240 4.092 10.785 
020423015323 0.789 14.799 38.160 10.736 8.241 4.031 10.827 
020423020823 0.695 14.782 38.162 10.728 8.241 4.046 10.841 
020423022323 0.746 14.781 38.162 10.722 8.240 4.046 10.848 
020423023823 0.647 14.777 38.160 10.714 8.239 4.077 10.795 
020423025323 0.731 14.777 38.162 10.716 8.239 4.008 10.832 
020423030823 0.826 14.765 38.161 10.713 8.240 3.705 10.844 
020423032323 0.622 14.766 38.161 10.720 8.240 5.086 10.849 
020423033823 0.708 14.739 38.164 10.720 8.240 4.403 10.800 
020423035323 0.748 14.752 38.162 10.714 8.240 3.758 10.833 
020423040823 0.698 14.758 38.156 10.711 8.241 3.993 10.845 
020423042323 0.679 14.745 38.160 10.710 8.241 4.357 10.849 
020423043823 0.742 14.762 38.161 10.706 8.241 5.033 10.785 
020423045323 0.611 14.778 38.160 10.696 8.253 3.302 10.826 
020423050823 0.747 14.792 38.157 10.694 8.259 3.386 10.842 
020423052323 0.700 14.811 38.130 10.695 8.258 2.703 10.847 
020423053823 0.767 14.786 38.160 10.702 8.256 2.687 10.799 
020423055323 0.791 14.794 38.152 10.703 8.258 2.543 10.833 
020423060823 0.711 14.790 38.158 10.702 8.258 2.201 10.844 
020423062323 0.656 14.789 38.157 10.704 8.255 2.733 10.849 
020423063823 0.722 14.773 38.161 10.709 8.254 3.067 10.799 
020423065323 0.792 14.781 38.158 10.709 8.252 2.794 10.833 
020423070823 0.782 14.784 38.149 10.714 8.253 3.378 10.845 
020423072323 0.745 14.776 38.157 10.715 8.249 2.801 10.850 
020423073823 0.784 14.784 38.155 10.713 8.250 2.293 10.786 
020423075323 0.721 14.779 38.156 10.716 8.248 2.232 10.827 
020423080823 0.719 14.775 38.155 10.719 8.249 2.095 10.842 
020423082323 0.641 14.767 38.153 10.722 8.248 1.571 10.848 
020423083823 0.811 14.762 38.153 10.729 8.247 1.397 10.800 
020423085323 0.783 14.762 38.153 10.730 8.246 1.359 10.833 
020423090823 0.744 14.770 38.157 10.725 8.247 1.298 10.844 
020423092323 0.704 14.791 38.090 10.720 8.242 1.025 10.849 
020423093823 0.779 14.801 38.122 10.720 8.243 1.966 10.785 
020423095323 0.710 14.813 38.119 10.719 8.242 1.625 10.827 
020423100823 0.795 14.824 38.130 10.715 8.241 1.010 10.841 
