SAMBAT Sea Ti  C/T/D/Odo/Fluo/pH GPS : 50195 
V:0,Pression (0/50),dba
V:1,Température (-5/35),°C
V:2,Salinité (2/42),g/l
V:3,Oxygène (0/20),mgl
V:4,PH (0/14),pH
V:5,Fluorescence (0/500),ppb
V:6,Tension batterie,V
300523123117 0.806 21.685 38.013 9.343 8.273 0.592 10.798 
300523124616 0.795 21.624 38.009 9.365 8.272 0.486 10.877 
300523130116 0.795 21.540 37.998 9.399 8.271 0.501 10.911 
300523131616 0.796 21.668 37.988 9.366 8.270 0.387 10.920 
300523133116 0.779 21.657 38.010 9.372 8.270 0.592 10.923 
300523134616 0.788 21.770 38.021 9.353 8.270 0.585 10.901 
300523140116 0.781 21.734 38.010 9.362 8.269 0.516 10.919 
300523141616 0.798 21.780 38.032 9.343 8.268 0.531 10.923 
300523143116 0.772 21.784 38.020 9.342 8.268 0.972 10.925 
300523144616 0.807 21.794 38.017 9.335 8.266 0.562 10.903 
300523150116 0.776 21.836 38.007 9.322 8.264 0.547 10.921 
300523151616 0.766 21.985 38.029 9.281 8.260 0.471 10.925 
300523153116 0.819 21.954 38.017 9.270 8.260 0.752 10.926 
300523154616 0.808 21.945 38.026 9.265 8.258 0.562 10.897 
300523160116 0.761 21.920 38.028 9.258 8.258 1.002 10.920 
300523161616 0.733 21.891 38.023 9.252 8.258 0.881 10.925 
300523163116 0.829 21.940 38.029 9.232 8.258 1.245 10.926 
300523164616 0.796 21.959 38.018 9.220 8.258 0.926 10.903 
300523170116 0.710 21.914 38.030 9.225 8.258 0.797 10.922 
300523171616 0.721 21.756 38.016 9.260 8.256 0.979 10.925 
300523173116 0.803 21.591 38.024 9.289 8.254 1.177 10.927 
300523174616 0.789 21.495 38.028 9.309 8.253 1.161 10.902 
300523180116 0.826 21.405 38.030 9.325 8.252 1.093 10.920 
300523181616 0.737 21.357 38.039 9.327 8.251 0.941 10.924 
300523183116 0.832 21.312 38.034 9.335 8.250 1.328 10.925 
300523184616 0.808 21.290 38.040 9.332 8.250 0.919 10.894 
300523190116 0.788 21.299 38.042 9.325 8.252 0.957 10.917 
300523191616 0.796 21.264 38.045 9.326 8.253 1.382 10.922 
300523193116 0.790 21.306 38.047 9.312 8.253 1.154 10.923 
300523194616 0.807 21.443 38.029 9.273 8.258 1.032 10.899 
300523200116 0.790 21.518 37.950 9.246 8.260 1.518 10.918 
300523201616 0.800 21.618 38.115 9.218 8.264 1.511 10.923 
300523203116 0.789 21.668 38.115 9.202 8.265 1.230 10.924 
300523204616 0.802 21.710 38.106 9.194 8.266 1.336 10.894 
300523210116 0.808 21.720 38.115 9.192 8.267 1.192 10.918 
300523211616 0.806 21.805 38.103 9.169 8.270 1.458 10.923 
300523213116 0.841 21.815 38.106 9.169 8.269 1.503 10.925 
300523214616 0.811 21.786 38.107 9.174 8.270 1.495 10.901 
300523220116 0.794 21.807 38.084 9.174 8.271 1.632 10.920 
300523221616 0.780 21.681 38.018 9.203 8.266 1.184 10.924 
300523223116 0.792 21.736 38.014 9.195 8.272 2.756 10.925 
300523224616 0.823 21.614 38.083 9.226 8.262 1.298 10.902 
300523230116 0.813 21.600 38.098 9.230 8.263 1.108 10.920 
300523231616 0.817 21.556 38.101 9.237 8.262 1.086 10.924 
300523233116 0.794 21.588 38.090 9.234 8.264 1.283 10.925 
300523234616 0.817 21.545 38.092 9.248 8.264 1.313 10.901 
310523000116 0.805 21.497 38.068 9.266 8.269 1.465 10.919 
310523001616 0.803 21.463 38.085 9.276 8.267 1.275 10.923 
310523003116 0.799 21.410 38.037 9.297 8.272 1.222 10.924 
310523004616 0.816 21.426 38.060 9.301 8.269 1.093 10.894 
310523010116 0.809 21.362 38.058 9.317 8.270 1.199 10.917 
310523011616 0.757 21.238 38.054 9.356 8.273 1.549 10.922 
310523013116 0.809 21.253 38.031 9.350 8.272 1.177 10.923 
310523014616 0.819 21.232 37.992 9.370 8.271 1.199 10.899 
310523020116 0.818 21.119 38.037 9.389 8.266 1.382 10.917 
310523021616 0.810 20.930 38.057 9.434 8.264 1.070 10.921 
310523023116 0.795 20.819 37.997 9.438 8.269 1.116 10.922 
310523024616 0.820 21.004 38.060 9.405 8.271 1.237 10.895 
310523030116 0.785 21.124 38.089 9.369 8.271 1.291 10.915 
310523031616 0.815 21.145 38.082 9.356 8.272 1.366 10.920 
310523033116 0.837 21.205 38.084 9.335 8.272 1.412 10.921 
310523034616 0.805 21.258 38.084 9.314 8.271 1.101 10.896 
310523040116 0.810 21.295 38.089 9.303 8.272 1.404 10.915 
310523041616 0.797 21.289 38.078 9.297 8.271 1.063 10.920 
310523043116 0.808 21.263 38.006 9.297 8.270 1.344 10.921 
310523044616 0.809 21.256 38.112 9.291 8.270 1.556 10.896 
310523050116 0.806 21.244 38.067 9.294 8.270 1.511 10.916 
310523051616 0.805 21.260 38.070 9.281 8.269 1.602 10.920 
310523053116 0.814 21.247 38.094 9.278 8.266 1.032 10.921 
310523054616 0.809 21.202 38.102 9.284 8.263 1.260 10.890 
310523060116 0.800 21.085 38.109 9.304 8.258 1.587 10.914 
310523061616 0.809 21.025 38.117 9.309 8.257 0.888 10.919 
310523063116 0.822 20.969 38.120 9.309 8.255 0.994 10.920 
310523064616 0.816 20.900 38.115 9.320 8.255 1.124 10.896 
310523070116 0.799 20.824 38.107 9.309 8.255 0.698 10.914 
310523071616 0.826 20.796 38.111 9.299 8.256 0.972 10.918 
310523073116 0.819 20.738 38.107 9.288 8.256 1.063 10.919 
310523074616 0.811 20.704 38.112 9.276 8.255 0.888 10.894 
310523080116 0.823 20.665 38.095 9.266 8.255 1.192 10.912 
310523081616 0.830 20.629 38.109 9.257 8.255 1.010 10.917 
310523083116 0.826 20.635 38.113 9.250 8.256 1.002 10.918 
310523084616 0.832 20.688 38.113 9.243 8.257 1.268 10.886 
310523090116 0.831 20.742 38.117 9.236 8.256 1.617 10.910 
310523091616 0.847 20.716 38.114 9.230 8.258 1.427 10.916 
310523093116 0.803 20.699 38.116 9.222 8.258 1.086 10.917 
310523094616 0.839 20.698 38.116 9.214 8.258 1.511 10.892 
310523100116 0.838 20.698 38.120 9.206 8.258 0.972 10.912 
310523101616 0.811 20.654 38.112 9.198 8.258 1.025 10.916 
310523103116 0.835 20.575 38.101 9.190 8.258 0.919 10.918 
310523104616 0.844 20.590 38.107 9.182 8.257 1.002 10.893 
310523110116 0.831 20.574 38.109 9.175 8.257 1.526 10.911 
310523111616 0.784 20.580 38.115 9.166 8.257 1.139 10.916 
310523113116 0.839 20.609 38.113 9.158 8.256 0.797 10.917 
310523114616 0.810 20.646 38.104 9.151 8.256 0.698 10.892 
310523120116 0.830 20.737 38.109 9.147 8.257 1.063 10.911 
310523121616 0.821 20.901 38.118 9.139 8.258 0.843 10.916 
310523123116 0.809 20.966 38.121 9.121 8.257 0.539 10.918 
