SAMBAT Sea Ti  C/T/D/Odo/Fluo/pH GPS : 50195 
V:0,Pression (0/50),m
V:1,Température (-5/35),°C
V:2,Salinité (2/42),g/l
V:3,Oxygène (0/20),mgl
V:4,PH (0/14),pH
V:5,Fluorescence (0/50),µgl
V:6,Tension batterie,V
131122165312 0.956 20.966 37.413 8.292 8.321 0.298 10.764 
131122170811 0.950 20.953 37.919 8.310 8.321 0.339 10.859 
131122172311 0.873 20.990 37.379 8.317 8.320 0.369 10.886 
131122173811 0.951 20.976 37.392 8.327 8.320 0.336 10.896 
131122175311 0.943 20.976 37.402 8.324 8.318 0.456 10.859 
131122180811 0.934 20.974 37.378 8.323 8.319 0.395 10.872 
131122182311 0.945 20.975 37.368 8.317 8.320 0.392 10.892 
131122183811 0.944 20.974 37.386 8.313 8.319 0.376 10.899 
131122185311 0.956 20.962 37.403 8.308 8.319 0.379 10.860 
131122190811 0.963 20.969 37.391 8.295 8.317 0.382 10.883 
131122192311 0.955 20.969 37.392 8.294 8.318 0.321 10.896 
131122193811 0.963 20.962 37.385 8.281 8.320 0.375 10.902 
131122195311 0.942 20.964 37.408 8.273 8.321 0.368 10.860 
131122200811 0.936 20.965 37.394 8.274 8.322 0.380 10.881 
131122202311 0.975 20.947 37.393 8.280 8.322 0.358 10.896 
131122203811 0.932 20.951 37.381 8.288 8.322 0.345 10.902 
131122205311 0.955 20.936 37.389 8.294 8.323 0.373 10.861 
131122210811 0.950 20.924 37.377 8.302 8.322 0.355 10.873 
131122212311 0.951 20.930 37.391 8.302 8.323 0.309 10.893 
131122213811 0.970 20.946 37.394 8.301 8.323 0.362 10.900 
131122215311 0.926 20.932 37.383 8.311 8.323 0.404 10.860 
131122220811 0.918 20.933 37.382 8.313 8.323 0.326 10.882 
131122222311 0.944 20.933 37.373 8.315 8.325 0.288 10.896 
131122223811 0.875 20.932 37.383 8.310 8.325 0.416 10.901 
131122225311 0.922 20.886 37.375 8.318 8.325 0.373 10.860 
131122230811 0.905 20.926 37.380 8.305 8.325 0.315 10.883 
131122232311 1.005 20.921 37.381 8.307 8.326 0.337 10.896 
131122233811 1.005 20.904 37.386 8.306 8.326 0.313 10.902 
131122235311 0.932 20.917 37.373 8.301 8.326 0.404 10.861 
141122000811 0.953 20.911 37.377 8.303 8.326 0.459 10.873 
141122002311 0.934 20.892 37.385 8.301 8.324 0.337 10.892 
141122003811 0.954 20.910 37.375 8.296 8.326 0.417 10.900 
141122005311 0.922 20.895 37.388 8.291 8.327 0.373 10.860 
141122010811 0.931 20.899 37.383 8.288 8.327 0.363 10.882 
141122012311 0.942 20.893 37.378 8.287 8.325 0.398 10.896 
141122013811 0.963 20.887 37.384 8.284 8.325 0.296 10.901 
141122015311 0.930 20.889 37.400 8.281 8.327 0.377 10.860 
141122020811 0.951 20.874 37.390 8.281 8.327 0.293 10.882 
141122022311 0.994 20.889 37.361 8.282 8.329 0.263 10.896 
141122023811 0.920 20.895 37.368 8.281 8.329 0.306 10.901 
141122025311 0.936 20.886 37.372 8.282 8.325 0.293 10.860 
141122030811 0.957 20.880 37.362 8.277 8.325 0.364 10.873 
141122032311 0.951 20.878 37.380 8.279 8.327 0.349 10.892 
141122033811 0.994 20.862 37.379 8.276 8.327 0.300 10.900 
141122035311 0.902 20.873 37.374 8.273 8.327 0.346 10.860 
141122040811 0.944 20.869 37.384 8.269 8.327 0.303 10.881 
141122042311 0.927 20.866 37.382 8.259 8.327 0.316 10.896 
141122043811 0.919 20.856 37.378 8.255 8.327 0.346 10.901 
141122045311 0.952 20.848 37.383 8.250 8.327 0.338 10.860 
141122050811 0.952 20.865 37.380 8.237 8.327 0.351 10.882 
141122052311 0.921 20.855 37.381 8.230 8.328 0.401 10.896 
141122053811 0.999 20.866 37.378 8.229 8.330 0.294 10.901 
141122055311 0.923 20.855 37.357 8.224 8.331 0.317 10.860 
141122060811 0.964 20.868 37.362 8.221 8.330 0.267 10.872 
141122062311 0.932 20.869 37.367 8.223 8.329 0.315 10.892 
141122063811 0.917 20.865 37.363 8.225 8.328 0.329 10.899 
141122065311 0.951 20.840 37.360 8.228 8.329 0.283 10.860 
141122070811 0.967 20.859 37.363 8.228 8.330 0.521 10.881 
141122072311 0.920 20.866 37.357 8.226 8.329 0.348 10.896 
141122073811 0.930 20.867 37.343 8.234 8.329 0.324 10.901 
141122075311 0.928 20.856 37.341 8.239 8.330 0.284 10.860 
141122080811 0.929 20.859 37.361 8.242 8.331 0.437 10.882 
141122082311 0.959 20.853 37.351 8.245 8.330 0.352 10.896 
141122083811 0.925 20.860 37.352 8.249 8.331 0.306 10.901 
141122085311 0.901 20.863 37.347 8.252 8.331 0.314 10.860 
141122090811 0.864 20.866 37.344 8.258 8.332 0.390 10.872 
141122092311 0.978 20.867 37.354 8.260 8.331 0.272 10.892 
141122093811 0.957 20.862 37.354 8.261 8.327 0.181 10.899 
141122095311 0.912 20.867 37.913 8.255 8.328 0.191 10.860 
141122100811 0.916 20.879 37.360 8.256 8.329 0.161 10.881 
141122102311 0.947 20.877 37.363 8.255 8.327 0.147 10.895 
141122103811 0.944 20.884 37.361 8.252 8.327 0.162 10.901 
141122105311 0.927 20.885 37.360 8.250 8.327 0.198 10.860 
141122110811 0.943 20.879 37.352 8.245 8.327 0.215 10.882 
141122112311 0.956 20.883 37.352 8.235 8.327 0.176 10.896 
141122113811 0.967 20.879 37.349 8.223 8.325 0.180 10.901 
141122115311 0.962 20.883 37.362 8.226 8.325 0.125 10.860 
141122120811 0.929 20.897 37.834 8.220 8.324 0.100 10.872 
141122122311 0.929 20.904 37.349 8.218 8.325 0.076 10.892 
141122123811 0.950 20.908 37.343 8.205 8.324 0.149 10.899 
141122125311 0.947 20.916 37.340 8.196 8.323 0.106 10.860 
141122130811 0.946 20.934 37.344 8.177 8.322 0.086 10.881 
141122132311 0.941 20.948 37.347 8.162 8.322 0.095 10.896 
141122133811 0.934 20.968 37.350 8.147 8.321 0.064 10.901 
141122135311 0.955 20.984 37.382 8.146 8.316 0.081 10.861 
141122140811 0.940 20.998 37.350 8.142 8.321 0.091 10.883 
141122142311 0.953 20.989 37.368 8.131 8.321 0.081 10.896 
141122143811 0.940 20.992 37.361 8.127 8.322 0.097 10.901 
141122145311 0.940 21.007 37.360 8.130 8.322 0.145 10.860 
141122150811 0.941 21.010 37.356 8.127 8.320 0.117 10.873 
141122152311 0.956 21.016 37.344 8.120 8.320 0.307 10.893 
141122153811 0.957 21.012 37.351 8.127 8.318 0.112 10.900 
141122155311 0.943 21.010 37.343 8.130 8.318 0.170 10.860 
141122160811 0.944 20.996 37.337 8.142 8.318 0.174 10.882 
141122162311 0.933 20.986 37.331 8.134 8.319 0.200 10.896 
141122163811 0.957 20.976 37.335 8.136 8.320 0.226 10.901 
141122165311 0.938 20.968 37.331 8.134 8.316 0.286 10.861 
