SAMBAT Sea Ti  C/T/D/Odo/Fluo/pH GPS : 50195 
V:0,Pression (0/50),dba
V:1,Température (-5/35),°C
V:2,Salinité (2/42),g/l
V:3,Oxygène (0/20),mgl
V:4,PH (0/14),pH
V:5,Fluorescence (0/500),ppb
V:6,Tension batterie,V
100723141415 0.826 26.139 39.009 8.189 8.261 0.888 10.842 
100723142914 0.847 25.852 39.040 8.242 8.259 0.881 10.941 
100723144414 0.837 25.959 39.052 8.227 8.263 0.896 10.907 
100723145914 0.820 25.826 39.015 8.257 8.257 0.934 10.948 
100723151414 0.854 27.010 39.022 8.028 8.262 1.389 10.953 
100723152914 0.808 26.658 39.000 8.100 8.258 0.865 10.955 
100723154414 0.815 26.616 39.013 8.112 8.258 1.336 10.926 
100723155914 0.833 26.587 39.010 8.118 8.256 1.010 10.953 
100723161414 0.825 26.546 39.013 8.127 8.255 1.093 10.956 
100723162914 0.817 26.766 39.017 8.080 8.256 1.002 10.956 
100723164414 0.819 26.984 39.006 8.044 8.252 1.116 10.927 
100723165914 0.828 26.833 38.975 8.079 8.252 1.344 10.954 
100723171414 0.807 26.709 39.013 8.101 8.251 1.230 10.957 
100723172914 0.812 27.016 38.962 8.045 8.254 1.253 10.957 
100723174414 0.823 26.854 38.955 8.080 8.252 1.215 10.914 
100723175914 0.825 26.954 38.990 8.057 8.252 1.215 10.953 
100723181414 0.793 26.784 38.988 8.080 8.249 1.412 10.957 
100723182914 0.787 26.486 38.990 8.138 8.250 1.488 10.957 
100723184414 0.784 26.319 39.016 8.167 8.255 1.275 10.928 
100723185914 0.806 26.280 38.944 8.198 8.254 1.427 10.954 
100723191414 0.796 26.551 38.742 8.193 8.257 1.336 10.956 
100723192914 0.775 26.864 38.935 8.075 8.261 1.473 10.957 
100723194414 0.807 25.689 38.944 8.302 8.254 1.511 10.925 
100723195914 0.821 25.576 38.993 8.319 8.256 1.397 10.953 
100723201414 0.846 25.919 39.123 8.238 8.258 1.518 10.955 
100723202914 0.820 25.715 38.908 8.290 8.259 1.602 10.955 
100723204414 0.806 25.513 39.013 8.318 8.261 1.564 10.909 
100723205914 0.844 25.431 39.031 8.328 8.259 1.594 10.949 
100723211414 0.827 25.405 39.013 8.340 8.259 1.291 10.952 
100723212914 0.805 25.391 39.038 8.329 8.263 1.693 10.953 
100723214414 0.826 25.485 38.947 8.325 8.269 1.579 10.922 
100723215914 0.842 25.593 39.062 8.286 8.269 1.587 10.949 
100723221414 0.857 25.491 38.995 8.316 8.266 1.746 10.952 
100723222914 0.826 25.434 39.023 8.323 8.269 1.723 10.952 
100723224414 0.822 25.447 39.024 8.332 8.272 1.769 10.921 
100723225914 0.828 25.434 38.963 8.338 8.272 1.693 10.949 
100723231414 0.835 25.340 39.012 8.361 8.271 2.019 10.951 
100723232914 0.833 25.410 39.043 8.351 8.279 1.898 10.952 
100723234414 0.820 25.374 39.026 8.367 8.275 2.103 10.905 
100723235914 0.830 25.330 39.017 8.379 8.270 3.591 10.946 
110723001414 0.825 25.298 38.990 8.385 8.270 3.014 10.950 
110723002914 0.837 25.297 39.015 8.388 8.272 1.662 10.951 
110723004414 0.835 25.286 39.016 8.391 8.272 1.799 10.919 
110723005914 0.844 25.165 38.965 8.417 8.272 1.655 10.947 
110723011414 0.831 25.161 38.968 8.413 8.274 1.867 10.950 
110723012914 0.822 25.165 38.953 8.421 8.275 1.731 10.950 
110723014414 0.826 25.086 38.917 8.432 8.274 3.333 10.918 
110723015914 0.836 25.156 38.957 8.423 8.277 2.315 10.946 
110723021414 0.819 25.218 38.932 8.417 8.279 1.890 10.949 
110723022914 0.812 25.264 38.937 8.410 8.272 1.495 10.950 
110723024414 0.826 25.343 38.954 8.390 8.276 2.353 10.918 
110723025914 0.822 25.356 38.972 8.386 8.273 2.232 10.946 
110723031414 0.816 25.382 39.005 8.379 8.272 1.632 10.949 
110723032914 0.820 25.465 39.036 8.364 8.273 1.518 10.950 
110723034414 0.814 25.447 39.022 8.367 8.270 2.201 10.904 
110723035914 0.810 25.435 39.040 8.367 8.270 1.640 10.945 
110723041414 0.816 25.446 39.044 8.362 8.269 1.792 10.949 
110723042914 0.814 25.476 39.045 8.349 8.269 1.966 10.950 
110723044414 0.821 25.494 39.043 8.340 8.269 2.057 10.919 
110723045914 0.812 25.512 39.048 8.328 8.269 2.133 10.947 
110723051414 0.828 25.546 39.046 8.315 8.267 1.943 10.950 
110723052914 0.816 25.551 39.042 8.307 8.265 1.883 10.951 
110723054414 0.809 25.569 39.018 8.294 8.266 1.776 10.918 
110723055914 0.815 25.596 39.049 8.277 8.265 1.943 10.947 
110723061414 0.823 25.602 39.041 8.272 8.265 1.374 10.950 
110723062914 0.820 25.629 39.046 8.263 8.265 1.495 10.951 
110723064414 0.814 25.656 39.019 8.255 8.265 1.473 10.905 
110723065914 0.804 25.670 39.023 8.248 8.264 1.480 10.946 
110723071414 0.803 25.689 38.976 8.238 8.263 1.526 10.950 
110723072914 0.822 25.726 38.991 8.228 8.263 1.306 10.951 
110723074414 0.808 25.754 38.975 8.217 8.263 1.093 10.920 
110723075914 0.824 25.783 38.991 8.207 8.261 1.222 10.948 
110723081414 0.829 25.817 38.986 8.199 8.262 1.192 10.951 
110723082914 0.823 25.841 38.981 8.190 8.262 1.078 10.951 
110723084414 0.829 25.864 38.998 8.183 8.262 0.896 10.921 
110723085914 0.828 25.872 39.006 8.176 8.261 1.032 10.949 
110723091414 0.836 25.887 39.041 8.173 8.262 0.585 10.951 
110723092914 0.823 25.922 39.035 8.168 8.261 1.116 10.952 
110723094414 0.821 25.890 39.029 8.174 8.262 0.941 10.907 
110723095914 0.783 25.940 38.995 8.170 8.263 0.964 10.947 
110723101414 0.835 25.683 38.914 8.217 8.258 1.048 10.951 
110723102914 0.786 26.194 39.024 8.116 8.264 1.048 10.952 
110723104414 0.809 26.317 39.005 8.093 8.264 0.926 10.922 
110723105914 0.838 26.373 39.033 8.082 8.262 1.161 10.950 
110723111414 0.811 26.388 39.017 8.079 8.260 0.767 10.953 
110723112914 0.827 26.372 39.003 8.082 8.258 0.926 10.953 
110723114414 0.825 26.269 38.993 8.107 8.257 0.873 10.924 
110723115914 0.809 26.285 38.985 8.102 8.259 1.086 10.951 
110723121414 0.829 26.219 38.986 8.126 8.258 0.850 10.953 
110723122914 0.808 26.291 39.006 8.111 8.260 0.873 10.954 
110723124414 0.809 26.250 39.000 8.111 8.260 1.048 10.924 
110723125914 0.811 26.185 38.954 8.144 8.258 0.668 10.951 
110723131414 0.812 26.205 38.950 8.138 8.259 0.903 10.953 
110723132914 0.799 26.338 38.935 8.121 8.264 0.926 10.954 
110723134414 0.796 26.524 39.022 8.078 8.263 1.161 10.910 
110723135914 0.760 26.611 39.097 8.047 8.260 1.017 10.950 
110723141414 0.814 26.660 39.000 8.055 8.260 1.032 10.954 
