SAMBAT Sea Ti  C/T/D/Odo/Fluo/pH GPS : 50195 
V:0,Pression (0/50),dba
V:1,Température (-5/35),°C
V:2,Salinité (2/42),g/l
V:3,Oxygène (0/20),mgl
V:4,PH (0/14),pH
V:5,Fluorescence (0/500),ppb
V:6,Tension batterie,V
250623133712 0.818 25.916 38.368 8.380 8.261 0.729 10.836 
250623135211 0.783 25.777 38.352 8.409 8.261 1.002 10.931 
250623140711 0.812 25.756 38.369 8.420 8.261 1.017 10.948 
250623142211 0.744 25.642 38.353 8.450 8.261 0.638 10.951 
250623143711 0.747 25.621 38.356 8.454 8.259 0.721 10.952 
250623145211 0.786 25.497 38.346 8.480 8.256 0.683 10.944 
250623150711 0.750 25.531 38.354 8.469 8.254 0.660 10.951 
250623152211 0.783 25.377 38.348 8.495 8.254 0.622 10.952 
250623153711 0.781 25.246 38.343 8.522 8.254 0.622 10.952 
250623155211 0.800 25.164 38.347 8.536 8.254 1.002 10.940 
250623160711 0.766 25.121 38.345 8.543 8.254 0.516 10.949 
250623162211 0.808 25.137 38.343 8.537 8.254 0.744 10.950 
250623163711 0.786 25.174 38.363 8.525 8.255 0.843 10.951 
250623165211 0.788 25.152 38.346 8.532 8.255 0.926 10.942 
250623170711 0.809 25.128 38.343 8.540 8.254 0.994 10.949 
250623172211 0.788 25.551 38.377 8.446 8.264 1.108 10.950 
250623173711 0.794 25.656 38.382 8.420 8.261 1.124 10.951 
250623175211 0.800 25.594 38.379 8.431 8.259 1.215 10.944 
250623180711 0.780 25.584 38.366 8.431 8.257 1.268 10.951 
250623182211 0.792 25.518 38.366 8.447 8.256 1.131 10.951 
250623183711 0.794 25.498 38.364 8.449 8.257 1.215 10.952 
250623185211 0.824 25.459 38.366 8.456 8.256 1.093 10.944 
250623190711 0.834 25.461 38.367 8.453 8.257 1.101 10.951 
250623192211 0.818 25.471 38.365 8.451 8.257 1.086 10.952 
250623193711 0.813 25.443 38.365 8.453 8.255 1.237 10.952 
250623195211 0.792 25.426 38.371 8.456 8.258 1.700 10.939 
250623200711 0.809 25.417 38.366 8.457 8.259 1.602 10.949 
250623202211 0.790 25.408 38.373 8.457 8.261 1.328 10.951 
250623203711 0.800 25.386 38.372 8.460 8.262 1.776 10.951 
250623205211 0.780 25.370 38.375 8.466 8.261 1.860 10.943 
250623210711 0.819 25.353 38.371 8.473 8.261 1.526 10.950 
250623212211 0.808 25.306 38.371 8.485 8.262 1.412 10.951 
250623213711 0.830 25.295 38.375 8.491 8.262 1.807 10.951 
250623215211 0.805 25.321 38.367 8.490 8.263 1.632 10.943 
250623220711 0.810 25.278 38.377 8.501 8.262 1.662 10.950 
250623222211 0.821 25.178 38.370 8.521 8.262 1.594 10.951 
250623223711 0.795 24.963 38.359 8.571 8.261 1.981 10.951 
250623225211 0.805 24.960 38.362 8.573 8.262 1.822 10.938 
250623230711 0.812 24.907 38.366 8.582 8.262 1.723 10.948 
250623232211 0.814 24.897 38.363 8.584 8.263 2.027 10.949 
250623233711 0.848 24.864 38.363 8.591 8.264 2.012 10.949 
250623235211 0.814 24.864 38.352 8.596 8.270 1.867 10.940 
260623000711 0.808 24.864 38.354 8.597 8.270 1.928 10.947 
260623002211 0.799 24.845 38.345 8.607 8.272 1.617 10.948 
260623003711 0.818 24.843 38.357 8.610 8.270 2.293 10.949 
260623005211 0.811 24.870 38.363 8.609 8.272 1.495 10.939 
260623010711 0.802 24.909 38.366 8.602 8.272 1.556 10.947 
260623012211 0.820 24.919 38.366 8.605 8.273 2.217 10.948 
260623013711 0.820 24.913 38.368 8.608 8.272 1.571 10.949 
260623015211 0.795 24.912 38.368 8.613 8.272 1.845 10.935 
260623020711 0.809 24.907 38.369 8.617 8.272 1.921 10.946 
260623022211 0.802 24.928 38.371 8.616 8.272 2.088 10.948 
260623023711 0.807 24.955 38.374 8.610 8.272 1.594 10.948 
260623025211 0.801 24.967 38.378 8.608 8.272 1.518 10.940 
260623030711 0.794 24.977 38.377 8.604 8.272 2.141 10.947 
260623032211 0.817 25.090 38.393 8.585 8.279 2.171 10.948 
260623033711 0.792 25.140 38.402 8.577 8.281 1.435 10.949 
260623035211 0.804 25.164 38.404 8.576 8.280 1.579 10.936 
260623040711 0.772 25.201 38.409 8.573 8.281 2.801 10.946 
260623042211 0.793 25.279 38.420 8.560 8.285 1.867 10.948 
260623043711 0.802 25.278 38.415 8.570 8.283 1.997 10.949 
260623045211 0.812 25.276 38.418 8.578 8.284 2.186 10.940 
260623050711 0.800 25.223 38.414 8.594 8.281 1.936 10.948 
260623052211 0.807 25.161 38.409 8.613 8.279 1.883 10.949 
260623053711 0.823 25.143 38.419 8.623 8.280 1.890 10.949 
260623055211 0.826 25.118 38.404 8.636 8.278 2.141 10.940 
260623060711 0.808 25.077 38.408 8.645 8.277 1.662 10.947 
260623062211 0.807 25.059 38.406 8.655 8.277 1.503 10.948 
260623063711 0.819 25.105 38.413 8.645 8.279 1.564 10.949 
260623065211 0.829 25.150 38.419 8.639 8.281 1.382 10.936 
260623070711 0.794 25.173 38.424 8.632 8.281 1.291 10.946 
260623072211 0.810 25.201 38.425 8.631 8.281 1.344 10.948 
260623073711 0.739 25.202 38.426 8.634 8.281 0.972 10.949 
260623075211 0.787 25.251 38.428 8.631 8.281 1.275 10.940 
260623080711 0.844 25.272 38.432 8.630 8.280 1.116 10.947 
260623082211 0.818 25.252 38.432 8.636 8.279 1.108 10.949 
260623083711 0.781 25.249 38.426 8.640 8.278 0.668 10.949 
260623085211 0.782 25.273 38.421 8.639 8.278 1.048 10.941 
260623090711 0.797 25.350 38.435 8.625 8.278 1.184 10.948 
260623092211 0.780 25.397 38.441 8.617 8.278 0.638 10.949 
260623093711 0.847 25.437 38.434 8.611 8.278 0.569 10.949 
260623095211 0.814 25.551 38.451 8.585 8.279 0.919 10.938 
260623100711 0.850 25.609 38.446 8.570 8.279 0.911 10.948 
260623102211 0.867 25.656 38.447 8.558 8.278 0.865 10.949 
260623103711 0.759 25.664 38.448 8.553 8.277 0.607 10.950 
260623105211 0.820 25.635 38.444 8.556 8.276 1.010 10.942 
260623110711 0.809 25.593 38.436 8.560 8.275 0.979 10.949 
260623112211 0.825 25.582 38.440 8.560 8.275 0.949 10.950 
260623113711 0.807 25.524 38.435 8.576 8.274 0.919 10.951 
260623115211 0.755 25.566 38.439 8.565 8.274 0.987 10.942 
260623120711 0.786 25.555 38.436 8.567 8.273 0.896 10.949 
260623122211 0.798 25.608 38.441 8.552 8.271 0.714 10.950 
260623123711 0.765 25.615 38.439 8.551 8.272 0.919 10.951 
260623125211 0.747 25.630 38.437 8.547 8.271 0.759 10.942 
260623130711 0.811 25.647 38.440 8.541 8.270 0.949 10.949 
260623132211 0.780 25.659 38.442 8.535 8.270 0.835 10.950 
260623133711 0.857 25.691 38.441 8.522 8.269 0.903 10.951 
