SAMBAT Sea Ti  C/T/D/Odo/Fluo/pH GPS : 50195 
V:0,Pression (0/50),m
V:1,Température (-5/35),°C
V:2,Salinité (2/42),g/l
V:3,Oxygène (0/20),mgl
V:4,PH (0/14),pH
V:5,Fluorescence (0/50),µgl
V:6,Tension batterie,V
141022154051 0.883 21.730 38.433 8.324 8.312 0.180 10.772 
141022155550 0.903 21.722 38.437 8.324 8.316 0.178 10.839 
141022161050 0.882 21.731 38.445 8.320 8.314 0.589 10.883 
141022162550 0.905 21.723 38.450 8.321 8.316 0.212 10.898 
141022164050 0.955 21.710 38.446 8.321 8.320 0.225 10.903 
141022165550 0.818 21.698 38.443 8.318 8.324 0.275 10.853 
141022171050 0.859 21.695 38.450 8.319 8.322 0.325 10.890 
141022172550 0.827 21.700 38.449 8.318 8.320 0.220 10.901 
141022174050 0.890 21.701 38.446 8.316 8.315 0.217 10.905 
141022175550 0.844 21.691 38.445 8.313 8.320 0.517 10.835 
141022181050 0.973 21.683 38.438 8.313 8.323 0.225 10.886 
141022182550 0.906 21.661 38.452 8.317 8.316 0.248 10.899 
141022184050 0.868 21.660 38.453 8.319 8.327 0.245 10.905 
141022185550 1.002 21.659 38.455 8.316 8.325 0.264 10.858 
141022191050 0.841 21.652 38.448 8.317 8.327 0.271 10.892 
141022192550 0.944 21.650 38.446 8.316 8.327 0.248 10.901 
141022194050 0.914 21.656 38.446 8.304 8.327 0.231 10.906 
141022195550 0.906 21.640 38.448 8.307 8.327 0.351 10.836 
141022201050 0.894 21.646 38.450 8.298 8.328 1.198 10.885 
141022202550 0.902 21.646 38.455 8.294 8.329 0.311 10.899 
141022204050 0.838 21.636 38.454 8.289 8.329 0.337 10.905 
141022205550 0.892 21.642 38.450 8.282 8.329 0.225 10.854 
141022211050 0.936 21.635 38.454 8.280 8.330 2.218 10.890 
141022212550 0.919 21.620 38.450 8.279 8.330 0.245 10.901 
141022214050 0.922 21.631 38.451 8.273 8.329 0.246 10.905 
141022215550 0.848 21.613 38.452 8.271 8.330 0.243 10.831 
141022221050 0.899 21.629 38.449 8.265 8.330 0.245 10.884 
141022222550 0.883 21.625 38.450 8.258 8.330 0.204 10.899 
141022224050 0.886 21.616 38.453 8.256 8.331 0.228 10.904 
141022225550 0.877 21.614 38.447 8.252 8.330 0.238 10.831 
141022231050 0.920 21.616 38.450 8.248 8.330 0.238 10.884 
141022232550 0.854 21.608 38.444 8.244 8.331 0.193 10.898 
141022234050 0.866 21.604 38.449 8.238 8.331 0.305 10.904 
141022235550 0.888 21.594 38.450 8.237 8.318 0.252 10.856 
151022001050 0.896 21.608 38.448 8.234 8.314 0.225 10.891 
151022002550 0.927 21.594 38.444 8.232 8.331 0.270 10.901 
151022004050 0.888 21.600 38.447 8.231 8.330 0.266 10.905 
151022005550 0.884 21.598 38.441 8.226 8.321 0.359 10.856 
151022011050 0.865 21.594 38.447 8.221 8.329 0.406 10.891 
151022012550 0.874 21.587 38.449 8.222 8.331 0.295 10.901 
151022014050 0.899 21.595 38.446 8.214 8.330 0.359 10.905 
151022015550 0.849 21.594 38.448 8.212 8.330 0.246 10.832 
151022021050 0.917 21.588 38.439 8.210 8.328 0.199 10.884 
151022022550 0.856 21.581 38.453 8.207 8.328 0.331 10.899 
151022024050 0.842 21.576 38.443 8.206 8.325 0.207 10.904 
151022025550 0.889 21.590 38.444 8.200 8.322 0.285 10.855 
151022031050 0.852 21.587 38.445 8.199 8.332 0.209 10.890 
151022032550 0.887 21.577 38.441 8.202 8.332 0.286 10.901 
151022034050 0.899 21.579 38.445 8.199 8.332 0.255 10.905 
151022035550 0.875 21.563 38.439 8.201 8.325 0.901 10.835 
151022041050 0.937 21.569 38.437 8.198 8.318 0.311 10.885 
151022042550 0.878 21.561 38.442 8.200 8.332 0.239 10.899 
151022044050 0.863 21.556 38.438 8.203 8.332 0.460 10.904 
151022045550 0.883 21.571 38.445 8.206 8.321 0.309 10.855 
151022051050 0.879 21.571 38.443 8.202 8.323 0.708 10.890 
151022052550 0.840 21.553 38.444 8.204 8.324 5.462 10.901 
151022054050 0.896 21.553 38.444 8.206 8.331 1.039 10.905 
151022055550 0.851 21.564 38.445 8.206 8.333 0.217 10.856 
151022061050 0.904 21.558 38.442 8.208 8.330 0.264 10.891 
151022062550 0.892 21.557 38.442 8.209 8.333 0.243 10.901 
151022064050 0.852 21.555 38.450 8.216 8.334 0.365 10.905 
151022065550 0.913 21.550 38.438 8.225 8.318 0.317 10.836 
151022071050 0.897 21.557 38.438 8.218 8.332 0.371 10.885 
151022072550 0.905 21.530 38.448 8.218 8.327 0.338 10.899 
151022074050 0.893 21.541 38.444 8.218 8.333 2.012 10.904 
151022075550 0.880 21.558 38.445 8.212 8.333 2.212 10.855 
151022081050 0.866 21.541 38.458 8.215 8.333 1.101 10.890 
151022082550 0.903 21.547 38.448 8.212 8.329 1.450 10.901 
151022084050 0.902 21.552 38.443 8.212 8.330 1.540 10.905 
151022085550 0.877 21.555 38.448 8.205 8.332 1.103 10.856 
151022091050 0.910 21.555 38.444 8.203 8.330 1.526 10.891 
151022092550 0.856 21.561 38.442 8.198 8.330 1.367 10.901 
151022094050 0.849 21.562 38.445 8.201 8.331 0.617 10.905 
151022095550 0.882 21.572 38.446 8.208 8.329 0.412 10.852 
151022101050 0.915 21.581 38.443 8.212 8.322 1.328 10.890 
151022102550 0.888 21.593 38.443 8.211 8.321 0.716 10.901 
151022104050 0.956 21.604 38.445 8.214 8.328 2.136 10.905 
151022105550 0.914 21.626 38.451 8.219 8.326 0.743 10.831 
151022111050 0.902 21.642 38.450 8.223 8.323 1.525 10.883 
151022112550 0.886 21.667 38.446 8.219 8.320 1.607 10.898 
151022114050 0.857 21.692 38.446 8.215 8.318 0.962 10.904 
151022115550 0.923 21.730 38.453 8.213 8.325 1.146 10.853 
151022121050 0.915 21.720 38.456 8.220 8.317 0.136 10.891 
151022122550 0.839 21.700 38.457 8.224 8.316 1.036 10.901 
151022124050 0.858 21.701 38.455 8.232 8.316 1.296 10.906 
151022125550 0.923 21.711 38.456 8.239 8.322 3.136 10.831 
151022131050 0.925 21.738 38.460 8.239 8.316 2.551 10.884 
151022132550 0.933 21.767 38.463 8.230 8.313 2.568 10.899 
151022134050 0.902 21.803 38.448 8.230 8.319 2.611 10.904 
151022135550 0.847 21.802 38.445 8.239 8.320 1.548 10.856 
151022141050 0.877 21.793 38.449 8.254 8.323 0.170 10.892 
151022142550 0.951 21.777 38.448 8.266 8.320 1.817 10.902 
151022144050 0.858 21.793 38.451 8.270 8.319 0.640 10.906 
151022145550 0.926 21.789 38.448 8.282 8.320 0.350 10.833 
151022151050 0.860 21.788 38.438 8.283 8.318 0.277 10.886 
151022152550 0.911 21.784 38.447 8.284 0.000 0.361 10.899 
151022154050 0.937 21.784 38.445 8.287 8.319 0.863 10.905 
