SAMBAT Sea Ti  C/T/D/Odo/Fluo/pH GPS : 50195 
V:0,Pression (0/50),m
V:1,Température (-5/35),°C
V:2,Salinité (2/42),g/l
V:3,Oxygène (0/20),mgl
V:4,PH (0/14),pH
V:5,Fluorescence (0/50),µgl
V:6,Tension batterie,V
281122173040 0.898 18.771 36.169 8.265 8.339 0.412 10.748 
281122174539 0.907 18.760 36.159 8.274 8.341 0.488 10.840 
281122180039 0.895 18.766 36.152 8.282 8.340 0.450 10.836 
281122181539 0.896 18.755 36.159 8.288 8.340 0.485 10.865 
281122183039 0.876 18.746 36.161 8.297 8.341 0.411 10.876 
281122184539 0.883 18.738 36.723 8.293 8.341 0.481 10.880 
281122190039 0.890 18.758 36.134 8.294 8.342 0.355 10.827 
281122191539 0.883 18.740 36.122 8.312 8.342 0.361 10.864 
281122193039 0.884 18.729 36.167 8.313 8.341 0.354 10.876 
281122194539 0.885 18.753 36.163 8.304 8.342 0.437 10.881 
281122200039 0.883 18.754 36.156 8.310 8.340 0.383 10.844 
281122201539 0.875 18.739 36.151 8.319 8.342 0.468 10.870 
281122203039 0.885 18.739 36.159 8.335 8.342 0.438 10.879 
281122204539 0.877 18.749 36.156 8.347 8.343 0.417 10.883 
281122210039 0.909 18.727 36.170 8.362 8.342 0.388 10.844 
281122211539 0.932 18.728 36.132 8.383 8.343 0.376 10.870 
281122213039 0.859 18.725 36.093 8.400 8.344 0.379 10.879 
281122214539 0.866 18.714 36.104 8.409 8.344 0.455 10.883 
281122220039 0.871 18.703 36.097 8.423 8.344 0.421 10.839 
281122221539 0.902 18.702 36.096 8.431 8.344 0.348 10.868 
281122223039 0.873 18.711 36.187 8.437 8.343 0.350 10.878 
281122224539 0.899 18.694 36.181 8.429 8.342 0.427 10.882 
281122230039 0.899 18.716 36.154 8.427 8.342 0.312 10.828 
281122231539 0.897 18.688 36.164 8.428 8.342 0.352 10.864 
281122233039 0.919 18.699 36.175 8.427 8.342 0.383 10.876 
281122234539 0.911 18.698 36.152 8.417 8.340 0.362 10.881 
291122000039 0.904 18.690 36.145 8.410 8.342 0.364 10.844 
291122001539 0.863 18.695 36.164 8.409 8.342 0.342 10.870 
291122003039 0.900 18.698 36.104 8.402 8.342 0.362 10.879 
291122004539 0.868 18.680 36.122 8.394 8.343 0.384 10.883 
291122010039 0.839 18.684 36.111 8.388 8.344 0.270 10.844 
291122011539 0.894 18.679 36.121 8.392 8.344 0.326 10.870 
291122013039 0.880 18.672 36.095 8.389 8.345 0.315 10.879 
291122014539 0.879 18.676 36.107 8.385 8.342 0.378 10.883 
291122020039 0.874 18.657 36.104 8.387 8.344 0.406 10.828 
291122021539 0.886 18.650 36.105 8.396 8.345 0.283 10.864 
291122023039 0.846 18.655 36.100 8.390 8.344 0.393 10.876 
291122024539 0.900 18.640 36.097 8.388 8.344 0.361 10.881 
291122030039 0.846 18.641 36.100 8.382 8.344 0.310 10.843 
291122031539 0.875 18.635 36.167 8.380 8.345 0.387 10.869 
291122033039 0.894 18.608 36.156 8.379 8.345 0.411 10.878 
291122034539 0.871 18.601 36.159 8.379 8.345 0.384 10.882 
291122040039 0.857 18.613 36.178 8.377 8.345 0.534 10.843 
291122041539 0.843 18.603 36.162 8.384 8.346 0.314 10.869 
291122043039 0.867 18.598 36.163 8.375 8.346 0.313 10.878 
291122044539 0.898 18.589 36.162 8.378 8.346 0.447 10.881 
291122050039 0.829 18.586 36.164 8.379 8.346 0.265 10.824 
291122051539 0.894 18.585 36.154 8.382 8.346 0.372 10.862 
291122053039 0.897 18.581 36.139 8.388 8.346 0.302 10.875 
291122054539 0.875 18.574 36.151 8.389 8.346 0.393 10.880 
291122060039 0.890 18.585 36.141 8.395 8.345 0.385 10.842 
291122061539 0.898 18.577 36.105 8.396 8.345 0.364 10.868 
291122063039 0.846 18.591 36.105 8.392 8.345 0.408 10.877 
291122064539 0.861 18.593 36.102 8.391 8.346 0.331 10.881 
291122070039 0.871 18.589 36.109 8.396 8.345 0.361 10.842 
291122071539 0.883 18.580 36.144 8.393 8.346 0.294 10.868 
291122073039 0.909 18.573 36.139 8.393 8.346 0.388 10.878 
291122074539 0.915 18.556 36.124 8.394 8.347 0.320 10.881 
291122080039 0.902 18.570 36.131 8.394 8.346 0.313 10.827 
291122081539 0.880 18.582 36.144 8.399 8.346 0.361 10.863 
291122083039 0.907 18.593 36.145 8.397 8.347 0.301 10.875 
291122084539 0.849 18.586 36.147 8.405 8.347 0.291 10.880 
291122090039 0.856 18.582 36.154 8.409 8.345 0.255 10.841 
291122091539 0.874 18.590 36.142 8.410 8.346 0.268 10.868 
291122093039 0.831 18.580 36.150 8.414 8.346 0.274 10.877 
291122094539 0.867 18.571 36.142 8.415 8.346 0.297 10.881 
291122100039 0.849 18.571 36.149 8.417 8.346 0.335 10.840 
291122101539 0.843 18.566 36.179 8.421 8.346 0.309 10.868 
291122103039 0.838 18.568 36.178 8.417 8.347 0.314 10.877 
291122104539 0.892 18.566 36.167 8.415 8.346 0.302 10.881 
291122110039 0.893 18.556 36.165 8.413 8.346 0.271 10.827 
291122111539 0.883 18.553 36.150 8.405 8.346 0.277 10.863 
291122113039 0.900 18.536 36.142 8.417 8.346 0.150 10.875 
291122114539 0.874 18.524 36.145 8.420 8.345 0.198 10.880 
291122120039 0.888 18.494 36.142 8.422 8.346 0.137 10.841 
291122121539 0.904 18.506 36.126 8.425 8.345 0.161 10.867 
291122123039 0.856 18.497 36.135 8.419 8.343 0.145 10.877 
291122124539 0.822 18.483 36.146 8.414 8.343 0.163 10.881 
291122130039 0.869 18.475 36.128 8.412 8.344 0.227 10.842 
291122131539 0.857 18.461 36.094 8.403 8.342 0.221 10.868 
291122133039 0.867 18.442 36.091 8.407 8.343 0.252 10.877 
291122134539 0.854 18.432 36.078 8.408 8.344 0.198 10.881 
291122140039 0.808 18.426 36.076 8.403 8.344 0.192 10.826 
291122141539 0.779 18.410 36.078 8.408 8.344 0.197 10.862 
291122143039 0.871 18.412 36.070 8.407 8.343 0.190 10.874 
291122144539 0.770 18.394 36.072 8.412 8.344 0.288 10.879 
291122150039 0.885 18.389 36.068 8.420 8.342 0.336 10.840 
291122151539 0.857 18.375 36.065 8.427 8.344 0.345 10.867 
291122153039 0.825 18.374 36.061 8.426 8.342 0.390 10.876 
291122154539 0.860 18.359 36.060 8.436 8.342 0.375 10.880 
291122160039 0.888 18.313 36.026 8.431 8.340 0.401 10.840 
291122161539 0.835 18.351 36.057 8.403 8.338 0.428 10.866 
291122163039 0.871 18.354 36.123 8.389 8.340 0.385 10.876 
291122164539 0.863 18.308 36.108 8.393 8.342 0.549 10.880 
291122170039 0.835 18.316 36.099 8.379 8.342 0.513 10.823 
291122171539 0.855 18.322 36.102 8.370 8.341 0.429 10.860 
291122173039 0.874 18.321 36.061 8.362 8.341 0.414 10.872 
