SAMBAT Sea Ti  C/T/D/Odo/Fluo/pH GPS : 50195 
V:0,Pression (0/50),dba
V:1,Température (-5/35),°C
V:2,Salinité (2/42),g/l
V:3,Oxygène (0/20),mgl
V:4,PH (0/14),pH
V:5,Fluorescence (0/500),ppb
V:6,Tension batterie,V
220323094431 0.852 14.631 38.027 10.633 8.207 1.070 10.715 
220323095930 0.891 14.739 38.045 10.590 8.207 1.070 10.791 
220323101430 0.864 15.071 38.094 10.459 8.204 0.957 10.820 
220323102930 0.858 14.976 38.039 10.499 8.205 1.192 10.834 
220323104430 0.902 14.918 38.009 10.509 8.205 0.744 10.802 
220323105930 0.866 14.819 38.068 10.525 8.205 0.698 10.827 
220323111430 0.834 14.896 38.010 10.504 8.205 0.888 10.839 
220323112930 0.896 15.028 38.006 10.458 8.204 0.858 10.844 
220323114430 0.881 14.936 38.055 10.490 8.203 1.268 10.816 
220323115930 0.855 15.050 38.033 10.454 8.203 1.002 10.836 
220323121430 0.862 15.072 37.974 10.459 8.203 1.427 10.844 
220323122930 0.848 14.934 38.046 10.488 8.203 1.625 10.848 
220323124430 0.841 14.972 38.014 10.487 8.202 1.055 10.819 
220323125930 0.856 14.930 38.047 10.492 8.202 1.351 10.838 
220323131430 0.857 15.046 38.061 10.461 8.201 0.919 10.846 
220323132930 0.824 14.745 38.044 10.559 8.203 1.086 10.849 
220323134430 0.882 14.825 38.031 10.538 8.203 1.313 10.809 
220323135930 0.884 15.066 38.039 10.465 8.201 1.078 10.833 
220323141430 0.907 15.028 38.042 10.478 8.202 1.177 10.843 
220323142930 0.840 15.054 38.027 10.476 8.202 2.384 10.848 
220323144430 0.856 15.438 38.019 10.360 8.203 1.731 10.819 
220323145930 0.831 15.238 38.041 10.420 8.202 1.488 10.838 
220323151430 0.862 15.456 38.022 10.365 8.207 1.776 10.846 
220323152930 0.888 15.339 38.021 10.411 8.206 1.336 10.851 
220323154430 0.858 15.360 38.022 10.406 8.205 1.731 10.821 
220323155930 0.831 15.400 38.027 10.402 8.207 2.110 10.840 
220323161430 0.899 15.406 38.042 10.400 8.203 2.384 10.848 
220323162930 0.835 15.351 38.047 10.417 8.200 2.399 10.852 
220323164430 0.857 15.182 38.008 10.480 8.201 2.763 10.812 
220323165930 0.822 15.134 38.042 10.491 8.201 2.938 10.836 
220323171430 0.861 15.301 38.052 10.439 8.206 3.515 10.845 
220323172930 0.888 15.267 38.048 10.454 8.205 4.274 10.850 
220323174430 0.845 15.235 38.036 10.469 8.213 4.319 10.820 
220323175930 0.840 15.145 38.044 10.504 8.211 4.403 10.840 
220323181430 0.825 15.068 38.048 10.531 8.217 4.236 10.847 
220323182930 0.862 15.075 38.029 10.547 8.225 3.583 10.851 
220323184430 0.860 15.018 38.037 10.578 8.227 4.122 10.810 
220323185930 0.861 14.965 38.033 10.614 8.229 5.056 10.834 
220323191430 0.865 14.895 38.042 10.647 8.227 3.591 10.844 
220323192930 0.890 14.854 38.051 10.672 8.220 4.160 10.848 
220323194430 0.858 14.873 38.058 10.672 8.216 4.054 10.818 
220323195930 0.879 14.874 38.058 10.678 8.217 4.517 10.837 
220323201430 0.866 14.880 38.052 10.688 8.221 3.826 10.845 
220323202930 0.868 14.865 38.054 10.709 8.222 4.616 10.848 
220323204430 0.890 14.813 38.049 10.732 8.221 5.223 10.818 
220323205930 0.896 14.801 38.053 10.747 8.228 4.221 10.837 
220323211430 0.859 14.741 38.055 10.776 8.223 3.538 10.844 
220323212930 0.845 14.669 38.023 10.811 8.237 4.016 10.848 
220323214430 0.857 14.646 38.002 10.849 8.248 3.955 10.807 
220323215930 0.887 14.657 38.017 10.859 8.242 4.691 10.831 
220323221430 0.871 14.642 38.022 10.885 8.242 4.919 10.841 
220323222930 0.867 14.646 38.025 10.903 8.241 3.932 10.846 
220323224430 0.855 14.643 38.038 10.922 8.234 4.084 10.816 
220323225930 0.867 14.602 38.049 10.952 8.238 3.530 10.835 
220323231430 0.866 14.517 38.019 11.002 8.244 4.259 10.842 
220323232930 0.883 14.472 38.031 11.032 8.246 4.046 10.846 
220323234430 0.865 14.522 38.054 11.037 8.240 3.773 10.816 
220323235930 0.864 14.521 38.067 11.038 8.230 4.228 10.834 
230323001430 0.871 14.517 38.072 11.048 8.234 3.310 10.842 
230323002930 0.867 14.485 38.073 11.061 8.237 3.970 10.846 
230323004430 0.871 14.393 38.014 11.098 8.247 3.947 10.805 
230323005930 0.874 14.436 38.045 11.082 8.241 3.249 10.829 
230323011430 0.868 14.428 38.058 11.090 8.241 3.348 10.839 
230323012930 0.877 14.415 38.057 11.094 8.242 3.158 10.843 
230323014430 0.880 14.367 38.027 11.115 8.243 4.061 10.814 
230323015930 0.876 14.317 37.979 11.143 8.245 3.135 10.832 
230323021430 0.866 14.353 37.956 11.139 8.244 3.849 10.840 
230323022930 0.859 14.390 38.009 11.129 8.239 3.143 10.844 
230323024430 0.850 14.490 38.059 11.094 8.236 3.902 10.812 
230323025930 0.852 14.503 38.050 11.089 8.236 3.727 10.832 
230323031430 0.870 14.585 38.043 11.056 8.234 3.894 10.840 
230323032930 0.842 14.651 38.049 11.033 8.230 3.393 10.844 
230323034430 0.860 14.691 38.061 11.006 8.228 3.932 10.805 
230323035930 0.858 14.720 38.069 10.978 8.226 3.720 10.829 
230323041430 0.845 14.735 38.071 10.957 8.224 3.902 10.839 
230323042930 0.871 14.713 38.077 10.945 8.224 4.661 10.844 
230323044430 0.860 14.736 38.073 10.926 8.225 3.636 10.815 
230323045930 0.872 14.740 38.080 10.914 8.224 5.033 10.834 
230323051430 0.880 14.722 38.076 10.905 8.223 4.342 10.842 
230323052930 0.847 14.692 38.080 10.898 8.222 3.401 10.846 
230323054430 0.837 14.676 38.082 10.884 8.222 4.031 10.816 
230323055930 0.872 14.667 38.084 10.869 8.221 4.031 10.834 
230323061430 0.864 14.661 38.086 10.862 8.220 4.646 10.842 
230323062930 0.852 14.654 38.084 10.857 8.220 4.107 10.846 
230323064430 0.885 14.662 38.090 10.838 8.219 4.585 10.814 
230323065930 0.892 14.661 38.089 10.818 8.219 3.629 10.833 
230323071430 0.889 14.676 38.091 10.799 8.219 4.456 10.842 
230323072930 0.868 14.671 38.090 10.785 8.219 4.760 10.846 
230323074430 0.884 14.669 38.096 10.771 8.219 4.312 10.805 
230323075930 0.896 14.671 38.095 10.756 8.219 4.114 10.829 
230323081430 0.862 14.636 38.077 10.752 8.215 4.858 10.840 
230323082930 0.866 14.649 38.074 10.731 8.214 1.450 10.844 
230323084430 0.867 14.686 38.093 10.703 8.217 1.139 10.815 
230323085930 0.882 14.689 38.094 10.695 8.217 2.422 10.834 
230323091430 0.860 14.686 38.086 10.688 8.218 1.427 10.842 
230323092930 0.851 14.715 38.085 10.670 8.219 0.972 10.846 
230323094430 0.849 14.746 38.091 10.658 8.219 1.617 10.815 
