SAMBAT Sea Ti  C/T/D/Odo/Fluo/pH GPS : 50195 
V:0,Pression (0/50),dba
V:1,Température (-5/35),°C
V:2,Salinité (2/42),g/l
V:3,Oxygène (0/20),mgl
V:4,PH (0/14),pH
V:5,Fluorescence (0/500),ppb
V:6,Tension batterie,V
160623131405 0.764 24.378 38.266 8.522 8.246 0.630 10.825 
160623132904 0.823 24.405 38.264 8.524 8.246 0.820 10.924 
160623134404 0.762 24.425 38.249 8.522 8.246 0.585 10.910 
160623135904 0.777 24.462 38.243 8.519 8.245 0.569 10.938 
160623141404 0.864 24.432 38.257 8.521 8.244 0.653 10.942 
160623142904 0.764 24.428 38.256 8.523 8.244 0.729 10.944 
160623144404 0.752 24.468 38.244 8.519 8.244 0.547 10.914 
160623145904 0.818 24.447 38.253 8.520 8.244 0.873 10.940 
160623151404 0.747 24.441 38.243 8.523 8.244 0.789 10.943 
160623152904 0.797 24.454 38.236 8.522 8.244 0.744 10.944 
160623154404 0.795 24.404 38.231 8.528 8.244 0.820 10.904 
160623155904 0.825 24.378 38.237 8.529 8.246 0.752 10.939 
160623161404 0.786 24.425 38.229 8.529 8.246 0.759 10.944 
160623162904 0.794 24.384 38.233 8.531 8.245 0.706 10.944 
160623164404 0.774 24.410 38.234 8.530 8.246 0.736 10.916 
160623165904 0.771 24.347 38.242 8.532 8.246 1.002 10.941 
160623171404 0.803 24.286 38.235 8.533 8.246 1.268 10.944 
160623172904 0.849 24.250 38.225 8.536 8.246 0.812 10.945 
160623174404 0.849 24.240 38.236 8.538 8.247 1.177 10.914 
160623175904 0.785 24.234 38.241 8.541 8.247 1.017 10.940 
160623181404 0.800 24.219 38.235 8.543 8.248 1.260 10.943 
160623182904 0.757 24.186 38.238 8.543 8.248 1.078 10.944 
160623184404 0.749 24.164 38.237 8.545 8.249 1.237 10.913 
160623185904 0.774 24.158 38.237 8.546 8.249 1.450 10.940 
160623191404 0.816 24.134 38.237 8.548 8.249 1.344 10.943 
160623192904 0.812 24.112 38.233 8.550 8.250 1.458 10.944 
160623194404 0.769 24.090 38.235 8.551 8.250 1.283 10.899 
160623195904 0.802 24.073 38.234 8.560 8.250 1.526 10.937 
160623201404 0.800 24.052 38.233 8.568 8.251 1.488 10.942 
160623202904 0.782 24.039 38.234 8.571 8.252 1.404 10.942 
160623204404 0.830 24.016 38.233 8.576 8.252 1.488 10.912 
160623205904 0.845 23.999 38.235 8.581 8.252 1.632 10.938 
160623211404 0.822 23.988 38.234 8.582 8.251 1.435 10.942 
160623212904 0.801 23.968 38.236 8.588 8.252 1.458 10.942 
160623214404 0.801 23.959 38.236 8.590 8.253 1.427 10.910 
160623215904 0.775 23.928 38.234 8.596 8.253 1.518 10.938 
160623221404 0.831 23.934 38.237 8.594 8.253 1.678 10.942 
160623222904 0.783 23.927 38.238 8.596 8.253 1.397 10.942 
160623224404 0.808 23.907 38.237 8.601 8.253 1.465 10.911 
160623225904 0.809 23.870 38.238 8.609 8.253 1.503 10.938 
160623231404 0.822 23.835 38.235 8.615 8.252 1.253 10.941 
160623232904 0.812 23.806 38.242 8.619 8.252 1.541 10.942 
160623234404 0.811 23.783 38.239 8.623 8.252 1.784 10.897 
160623235904 0.802 23.758 38.242 8.628 8.253 1.366 10.935 
170623001404 0.781 23.736 38.239 8.627 8.253 1.321 10.940 
170623002904 0.820 23.676 38.242 8.636 8.252 1.518 10.941 
170623004404 0.845 23.645 38.236 8.641 8.252 1.776 10.909 
170623005904 0.792 23.674 38.240 8.632 8.255 1.442 10.936 
170623011404 0.788 23.674 38.245 8.627 8.254 1.291 10.940 
170623012904 0.771 23.637 38.244 8.630 8.255 1.313 10.940 
170623014404 0.799 23.623 38.241 8.627 8.255 1.222 10.908 
170623015904 0.796 23.602 38.241 8.628 8.255 1.108 10.936 
170623021404 0.800 23.572 38.242 8.630 8.255 1.374 10.939 
170623022904 0.801 23.525 38.234 8.635 8.253 1.579 10.940 
170623024404 0.793 23.527 38.234 8.630 8.254 1.830 10.894 
170623025904 0.831 23.514 38.230 8.628 8.254 1.427 10.932 
170623031404 0.822 23.501 38.235 8.626 8.255 1.382 10.938 
170623032904 0.815 23.490 38.231 8.624 8.255 1.625 10.939 
170623034404 0.799 23.490 38.230 8.619 8.255 0.979 10.907 
170623035904 0.806 23.493 38.230 8.615 8.255 1.458 10.934 
170623041404 0.827 23.490 38.231 8.611 8.256 1.245 10.938 
170623042904 0.748 23.491 38.232 8.607 8.255 1.632 10.939 
170623044404 0.800 23.497 38.229 8.602 8.255 1.420 10.896 
170623045904 0.774 23.469 38.233 8.605 8.255 1.336 10.932 
170623051404 0.816 23.476 38.236 8.600 8.254 1.253 10.937 
170623052904 0.791 23.467 38.236 8.599 8.256 1.275 10.938 
170623054404 0.814 23.469 38.237 8.596 8.256 1.404 10.903 
170623055904 0.783 23.474 38.238 8.592 8.257 1.465 10.933 
170623061404 0.813 23.483 38.237 8.587 8.257 1.192 10.937 
170623062904 0.777 23.480 38.235 8.592 8.257 1.366 10.938 
170623064404 0.804 23.487 38.233 8.588 8.257 1.124 10.906 
170623065904 0.816 23.484 38.234 8.588 8.256 1.055 10.934 
170623071404 0.812 23.484 38.235 8.588 8.256 0.903 10.938 
170623072904 0.809 23.497 38.235 8.586 8.256 1.025 10.939 
170623074404 0.771 23.509 38.235 8.585 8.257 0.744 10.892 
170623075904 0.826 23.531 38.235 8.583 8.256 1.139 10.931 
170623081404 0.813 23.550 38.236 8.580 8.256 0.888 10.937 
170623082904 0.819 23.569 38.237 8.578 8.256 0.516 10.938 
170623084404 0.811 23.589 38.230 8.575 8.257 0.668 10.907 
170623085904 0.809 23.621 38.226 8.570 8.255 0.509 10.934 
170623091404 0.805 23.621 38.238 8.570 8.256 0.691 10.938 
170623092904 0.792 23.718 38.220 8.556 8.256 0.311 10.939 
170623094404 0.813 23.735 38.235 8.552 8.255 0.577 10.907 
170623095904 0.789 23.790 38.238 8.546 8.254 0.425 10.935 
170623101404 0.781 23.819 38.271 8.534 8.255 0.493 10.939 
170623102904 0.822 23.878 38.242 8.530 8.255 0.531 10.940 
170623104404 0.775 23.911 38.233 8.530 8.255 0.653 10.907 
170623105904 0.710 23.864 38.241 8.544 8.255 0.622 10.935 
170623111404 0.697 23.850 38.242 8.550 8.255 0.607 10.939 
170623112904 0.809 23.843 38.221 8.559 8.255 0.645 10.940 
170623114404 0.766 23.942 38.243 8.541 8.255 0.691 10.895 
170623115904 0.815 23.938 38.244 8.546 8.254 0.539 10.933 
170623121404 0.794 24.002 38.238 8.536 8.254 0.714 10.939 
170623122904 0.801 24.076 38.241 8.524 8.253 0.827 10.940 
170623124404 0.790 24.185 38.248 8.522 8.252 0.372 10.909 
170623125904 0.779 24.178 38.257 8.525 8.251 0.349 10.936 
170623131404 0.806 24.184 38.249 8.528 8.251 0.767 10.940 
