SAMBAT Sea Ti  C/T/D/Odo/Fluo/pH GPS : 50195 
V:0,Pression (0/50),dba
V:1,Température (-5/35),°C
V:2,Salinité (2/42),g/l
V:3,Oxygène (0/20),mgl
V:4,PH (0/14),pH
V:5,Fluorescence (0/500),ppb
V:6,Tension batterie,V
050523113106 0.889 17.335 38.169 10.097 8.266 0.569 10.754 
050523114605 0.903 17.618 38.173 10.017 8.265 0.622 10.822 
050523120105 0.893 17.470 38.173 10.062 8.264 0.516 10.862 
050523121605 0.897 17.728 38.125 10.016 8.262 0.607 10.877 
050523123105 0.899 17.620 38.162 10.022 8.262 0.326 10.883 
050523124605 0.934 17.780 38.189 9.986 8.260 0.736 10.857 
050523130105 0.900 17.702 38.165 10.017 8.260 0.600 10.878 
050523131605 0.918 17.733 38.167 10.002 8.259 0.668 10.886 
050523133105 0.914 17.850 38.193 9.978 8.258 0.736 10.889 
050523134605 0.903 17.791 38.193 9.987 8.257 0.509 10.860 
050523140105 0.917 17.728 38.172 10.018 8.257 0.501 10.881 
050523141605 0.919 17.979 38.087 9.982 8.255 0.251 10.888 
050523143105 0.901 17.789 38.168 10.011 8.257 0.622 10.891 
050523144605 0.854 17.789 38.223 9.994 8.256 0.759 10.855 
050523150105 0.907 17.768 38.232 9.995 8.256 0.402 10.880 
050523151605 0.921 17.853 38.192 9.963 8.254 0.334 10.888 
050523153105 0.914 18.092 38.255 9.906 8.252 0.585 10.892 
050523154605 0.904 18.439 38.114 9.854 8.250 0.698 10.864 
050523160105 0.903 18.226 38.178 9.886 8.250 1.283 10.884 
050523161605 0.884 18.497 38.185 9.817 8.248 0.881 10.891 
050523163105 0.874 18.567 38.317 9.745 8.245 1.306 10.894 
050523164605 0.896 18.290 38.155 9.880 8.248 1.268 10.856 
050523170105 0.903 18.298 38.152 9.873 8.248 1.298 10.883 
050523171605 0.917 18.229 38.166 9.897 8.248 1.822 10.891 
050523173105 0.852 18.180 38.172 9.889 8.248 1.594 10.894 
050523174605 0.885 18.709 38.216 9.772 8.245 2.498 10.866 
050523180105 0.889 18.787 38.107 9.781 8.244 2.733 10.887 
050523181605 0.908 18.612 38.166 9.814 8.245 2.968 10.894 
050523183105 0.898 18.082 38.215 9.915 8.248 1.807 10.896 
050523184605 0.902 17.725 38.215 10.031 8.252 2.095 10.867 
050523190105 0.907 17.929 38.121 10.002 8.251 2.232 10.887 
050523191605 0.882 17.649 38.168 10.078 8.255 2.247 10.892 
050523193105 0.881 17.654 38.174 10.054 8.255 2.300 10.894 
050523194605 0.903 17.547 38.137 10.109 8.257 2.490 10.855 
050523200105 0.917 17.557 38.132 10.087 8.257 1.928 10.880 
050523201605 0.882 17.410 38.160 10.116 8.258 1.776 10.888 
050523203105 0.903 17.484 38.180 10.101 8.258 2.179 10.891 
050523204605 0.904 17.418 38.188 10.106 8.258 2.703 10.860 
050523210105 0.882 17.361 38.180 10.122 8.260 2.171 10.881 
050523211605 0.881 17.320 38.183 10.129 8.260 2.361 10.887 
050523213105 0.895 17.276 38.180 10.135 8.261 2.065 10.889 
050523214605 0.896 17.262 38.178 10.133 8.262 2.406 10.858 
050523220105 0.906 17.239 38.182 10.135 8.262 2.247 10.878 
050523221605 0.913 17.239 38.184 10.129 8.263 2.088 10.885 
050523223105 0.896 17.206 38.183 10.130 8.265 2.141 10.887 
050523224605 0.907 17.183 38.179 10.125 8.265 2.057 10.847 
050523230105 0.891 17.175 38.185 10.121 8.265 2.012 10.873 
050523231605 0.882 17.151 38.180 10.118 8.265 2.573 10.882 
050523233105 0.896 17.137 38.180 10.113 8.265 1.814 10.885 
050523234605 0.873 17.086 38.182 10.106 8.266 2.224 10.855 
060523000105 0.896 17.076 38.178 10.100 8.268 1.776 10.875 
060523001605 0.895 17.066 38.180 10.098 8.269 1.951 10.882 
060523003105 0.905 17.069 38.177 10.095 8.269 2.034 10.885 
060523004605 0.897 17.062 38.176 10.094 8.270 1.830 10.854 
060523010105 0.879 17.057 38.170 10.094 8.270 1.905 10.875 
060523011605 0.875 17.036 38.176 10.090 8.271 1.997 10.881 
060523013105 0.884 17.012 38.178 10.089 8.272 1.632 10.884 
060523014605 0.920 17.003 38.176 10.088 8.272 1.503 10.844 
060523020105 0.895 16.988 38.173 10.088 8.273 1.579 10.870 
060523021605 0.888 16.978 38.173 10.087 8.273 1.769 10.879 
060523023105 0.866 16.972 38.172 10.087 8.274 1.754 10.883 
060523024605 0.896 16.954 38.168 10.086 8.275 1.465 10.854 
060523030105 0.889 16.929 38.168 10.087 8.275 1.495 10.874 
060523031605 0.890 16.939 38.168 10.085 8.276 1.776 10.880 
060523033105 0.898 16.926 38.166 10.086 8.277 1.602 10.883 
060523034605 0.875 16.926 38.172 10.088 8.277 1.678 10.853 
060523040105 0.884 16.936 38.171 10.089 8.277 1.807 10.873 
060523041605 0.905 16.928 38.170 10.090 8.277 1.678 10.880 
060523043105 0.889 16.927 38.168 10.091 8.277 1.465 10.883 
060523044605 0.880 16.914 38.172 10.093 8.278 1.723 10.852 
060523050105 0.903 16.918 38.175 10.094 8.278 1.313 10.873 
060523051605 0.902 16.921 38.175 10.097 8.278 1.837 10.879 
060523053105 0.857 16.931 38.173 10.099 8.278 1.526 10.882 
060523054605 0.890 16.954 38.176 10.100 8.279 1.670 10.841 
060523060105 0.883 16.970 38.175 10.104 8.278 2.034 10.868 
060523061605 0.873 16.979 38.173 10.107 8.278 1.837 10.877 
060523063105 0.902 17.102 38.178 10.107 8.277 1.655 10.881 
060523064605 0.881 17.153 38.186 10.107 8.275 1.495 10.852 
060523070105 0.878 17.190 38.183 10.108 8.274 1.169 10.873 
060523071605 0.901 17.181 38.176 10.113 8.274 1.291 10.880 
060523073105 0.886 17.147 38.174 10.116 8.274 0.820 10.883 
060523074605 0.895 17.186 38.181 10.118 8.272 0.888 10.854 
060523080105 0.871 17.172 38.168 10.121 8.272 0.805 10.875 
060523081605 0.879 17.192 38.175 10.121 8.271 0.418 10.881 
060523083105 0.885 17.185 38.181 10.123 8.270 1.139 10.884 
060523084605 0.876 17.287 38.187 10.110 8.269 1.260 10.842 
060523090105 0.887 17.259 38.189 10.116 8.269 0.957 10.870 
060523091605 0.880 17.366 38.201 10.088 8.268 0.645 10.880 
060523093105 0.896 17.261 38.176 10.122 8.268 0.630 10.884 
060523094605 0.859 17.305 38.174 10.112 8.268 0.114 10.855 
060523100105 0.921 17.349 38.172 10.103 8.268 0.630 10.875 
060523101605 0.874 17.405 38.179 10.086 8.268 0.266 10.882 
060523103105 0.938 17.526 38.176 10.059 8.267 0.516 10.885 
060523104605 0.906 17.575 38.180 10.051 8.266 0.592 10.853 
060523110105 0.903 17.779 38.177 9.993 8.264 0.554 10.875 
060523111605 0.927 17.725 38.177 10.019 8.264 0.668 10.883 
060523113105 0.876 17.884 38.172 9.971 8.262 0.433 10.887 
