SAMBAT Sea Ti  C/T/D/Odo/Fluo/pH GPS : 50195 
V:0,Pression (0/50),dba
V:1,Température (-5/35),°C
V:2,Salinité (2/42),g/l
V:3,Oxygène (0/20),mgl
V:4,PH (0/14),pH
V:5,Fluorescence (0/500),ppb
V:6,Tension batterie,V
030623124140 0.794 21.441 37.694 9.174 8.255 0.638 10.705 
030623125639 0.815 21.453 37.734 9.176 8.253 0.448 10.883 
030623131139 0.815 21.524 37.689 9.160 8.253 0.175 10.912 
030623132639 0.811 21.597 37.672 9.144 8.252 0.364 10.921 
030623134139 0.835 21.621 37.641 9.139 8.253 0.562 10.876 
030623135639 0.790 21.601 37.611 9.140 8.253 0.774 10.916 
030623141139 0.874 21.600 37.511 9.143 8.253 0.903 10.924 
030623142639 0.812 21.559 37.457 9.148 8.253 0.645 10.926 
030623144139 0.819 21.519 37.667 9.159 8.253 0.994 10.875 
030623145639 0.837 21.482 37.721 9.165 8.253 0.972 10.917 
030623151139 0.850 21.477 37.688 9.165 8.253 0.744 10.925 
030623152639 0.799 21.466 37.753 9.168 8.253 1.101 10.927 
030623154139 0.850 21.429 37.714 9.181 8.253 1.420 10.859 
030623155639 0.844 21.406 37.632 9.187 8.253 0.934 10.913 
030623161139 0.863 21.389 37.752 9.190 8.253 0.843 10.923 
030623162639 0.831 21.378 37.617 9.191 8.253 1.017 10.926 
030623164139 0.808 21.395 37.688 9.191 8.253 1.215 10.878 
030623165639 0.819 21.377 37.605 9.194 8.254 1.154 10.917 
030623171139 0.807 21.339 37.643 9.207 8.254 1.237 10.925 
030623172639 0.821 21.341 37.527 9.207 8.254 1.040 10.926 
030623174139 0.816 21.340 37.689 9.206 8.255 1.161 10.878 
030623175639 0.827 21.334 37.579 9.207 8.255 1.306 10.917 
030623181139 0.823 21.325 37.619 9.210 8.255 1.291 10.925 
030623182639 0.825 21.324 37.671 9.210 8.255 1.207 10.926 
030623184139 0.825 21.329 37.644 9.211 8.256 1.564 10.877 
030623185639 0.827 21.324 37.594 9.212 8.256 1.526 10.917 
030623191139 0.831 21.313 37.569 9.215 8.257 1.260 10.924 
030623192639 0.821 21.300 37.508 9.220 8.257 1.306 10.926 
030623194139 0.836 21.289 37.626 9.223 8.258 1.450 10.857 
030623195639 0.832 21.268 38.156 9.229 8.258 1.397 10.912 
030623201139 0.838 21.260 38.085 9.233 8.258 1.275 10.922 
030623202639 0.831 21.247 38.059 9.241 8.258 1.154 10.925 
030623204139 0.817 21.236 38.086 9.247 8.259 1.678 10.877 
030623205639 0.832 21.216 38.161 9.254 8.259 1.693 10.916 
030623211139 0.839 21.211 38.188 9.255 8.259 1.761 10.923 
030623212639 0.827 21.211 38.189 9.256 8.259 1.587 10.925 
030623214139 0.835 21.185 38.189 9.264 8.260 1.351 10.876 
030623215639 0.837 21.170 38.186 9.267 8.260 1.450 10.915 
030623221139 0.851 21.168 38.190 9.266 8.260 1.442 10.923 
030623222639 0.839 21.162 38.193 9.268 8.261 1.397 10.925 
030623224139 0.830 21.148 38.190 9.275 8.261 1.146 10.874 
030623225639 0.830 21.136 38.193 9.277 8.261 1.404 10.914 
030623231139 0.834 21.120 38.192 9.280 8.262 2.209 10.922 
030623232639 0.834 21.107 38.191 9.284 8.262 1.101 10.924 
030623234139 0.826 21.098 38.192 9.284 8.263 1.321 10.856 
030623235639 0.821 21.090 38.200 9.284 8.264 1.253 10.909 
040623001139 0.833 21.087 38.199 9.286 8.265 1.161 10.920 
040623002639 0.832 21.077 38.198 9.288 8.265 1.207 10.923 
040623004139 0.836 21.069 38.195 9.289 8.266 1.260 10.873 
040623005639 0.824 21.069 38.198 9.288 8.266 1.541 10.913 
040623011139 0.841 21.074 38.192 9.289 8.267 1.549 10.921 
040623012639 0.813 21.077 38.192 9.288 8.267 1.511 10.923 
040623014139 0.819 21.079 38.196 9.286 8.267 1.397 10.873 
040623015639 0.832 21.089 38.198 9.284 8.267 1.124 10.913 
040623021139 0.825 21.102 38.196 9.282 8.267 1.412 10.920 
040623022639 0.816 21.093 38.194 9.284 8.267 1.420 10.923 
040623024139 0.827 21.087 38.198 9.282 8.267 1.230 10.855 
040623025639 0.834 21.096 38.195 9.281 8.267 1.070 10.908 
040623031139 0.819 21.073 38.195 9.284 8.267 1.351 10.919 
040623032639 0.821 21.087 38.198 9.281 8.267 1.291 10.922 
040623034139 0.829 21.083 38.194 9.281 8.267 1.344 10.873 
040623035639 0.828 21.073 38.195 9.281 8.268 1.169 10.912 
040623041139 0.810 21.063 38.198 9.286 8.268 1.237 10.920 
040623042639 0.823 21.071 38.195 9.284 8.268 1.473 10.922 
040623044139 0.827 21.062 38.193 9.287 8.268 1.093 10.873 
040623045639 0.825 21.044 38.196 9.293 8.268 1.943 10.912 
040623051139 0.816 21.051 38.199 9.290 8.268 1.283 10.920 
040623052639 0.815 21.054 38.199 9.292 8.268 1.298 10.922 
040623054139 0.827 21.043 38.196 9.299 8.268 1.928 10.855 
040623055639 0.824 21.044 38.202 9.300 8.268 1.215 10.907 
040623061139 0.819 21.044 38.198 9.299 8.268 1.427 10.918 
040623062639 0.824 21.037 38.197 9.302 8.268 1.215 10.921 
040623064139 0.831 21.037 38.197 9.301 8.268 1.511 10.874 
040623065639 0.827 21.034 38.198 9.301 8.268 1.070 10.912 
040623071139 0.823 21.034 38.192 9.301 8.268 1.199 10.920 
040623072639 0.823 21.022 38.198 9.304 8.267 0.827 10.922 
040623074139 0.815 21.027 38.196 9.300 8.267 0.759 10.872 
040623075639 0.822 21.031 38.196 9.298 8.267 1.131 10.912 
040623081139 0.829 21.032 38.195 9.297 8.267 1.002 10.919 
040623082639 0.836 21.028 38.196 9.298 8.267 0.812 10.921 
040623084139 0.823 21.027 38.197 9.300 8.267 0.843 10.853 
040623085639 0.800 21.055 38.200 9.290 8.267 0.729 10.907 
040623091139 0.821 21.048 38.201 9.291 8.266 0.539 10.918 
040623092639 0.842 21.064 38.199 9.290 8.267 0.850 10.921 
040623094139 0.844 21.124 38.188 9.281 8.266 0.562 10.878 
040623095639 0.810 21.159 38.202 9.270 8.266 0.622 10.913 
040623101139 0.835 21.161 38.202 9.271 8.265 0.903 10.920 
040623102639 0.830 21.177 38.202 9.268 8.265 0.660 10.922 
040623104139 0.810 21.185 38.195 9.268 8.265 0.630 10.875 
040623105639 0.829 21.198 38.200 9.268 8.265 1.048 10.913 
040623111139 0.830 21.196 38.199 9.269 8.265 0.622 10.920 
040623112639 0.829 21.216 38.198 9.266 8.265 0.554 10.922 
040623114139 0.829 21.221 38.198 9.266 8.265 0.752 10.855 
040623115639 0.840 21.213 38.204 9.268 8.265 0.827 10.908 
040623121139 0.853 21.211 38.108 9.269 8.265 0.767 10.918 
040623122639 0.809 21.177 38.197 9.276 8.265 1.040 10.921 
040623124139 0.811 21.138 38.199 9.291 8.265 1.192 10.873 
