SAMBAT Sea Ti  C/T/D/Odo/Fluo/pH GPS : 50195 
V:0,Pression (0/50),m
V:1,Température (-5/35),°C
V:2,Salinité (2/42),g/l
V:3,Oxygène (0/20),mgl
V:4,PH (0/14),pH
V:5,Fluorescence (0/50),µgl
V:6,Tension batterie,V
040922140430 0.838 27.327 38.438 7.563 8.274 0.063 10.819 
040922141929 0.877 27.367 38.428 7.554 8.274 0.063 10.927 
040922143429 0.854 27.393 38.443 7.546 8.274 0.070 10.946 
040922144929 0.902 27.396 38.441 7.541 8.274 0.063 10.910 
040922150429 0.855 27.416 38.449 7.540 8.274 0.060 10.938 
040922151929 0.859 27.391 38.480 7.539 8.273 0.054 10.950 
040922153429 0.851 27.373 38.502 7.541 8.273 0.089 10.952 
040922154929 0.893 27.380 38.431 7.542 8.272 0.094 10.912 
040922160429 0.849 27.377 38.454 7.543 8.272 0.060 10.933 
040922161929 0.823 27.395 38.456 7.538 8.272 0.104 10.949 
040922163429 0.875 27.386 38.455 7.539 8.272 0.079 10.952 
040922164929 0.879 27.408 38.456 7.539 8.272 0.118 10.912 
040922170429 0.872 27.439 38.465 7.533 8.272 0.096 10.939 
040922171929 0.866 27.449 38.465 7.536 8.272 0.112 10.950 
040922173429 0.855 27.444 38.470 7.534 8.272 0.097 10.953 
040922174929 0.865 27.472 38.475 7.529 8.272 0.143 10.912 
040922180429 0.868 27.434 38.474 7.534 8.273 0.139 10.934 
040922181929 0.889 27.436 38.471 7.537 8.274 0.144 10.949 
040922183429 0.857 27.431 38.473 7.538 8.274 0.137 10.952 
040922184929 0.852 27.426 38.466 7.536 8.275 0.189 10.912 
040922190429 0.853 27.411 38.463 7.537 8.275 0.148 10.940 
040922191929 0.873 27.403 38.461 7.538 8.276 0.194 10.951 
040922193429 0.887 27.386 38.453 7.544 8.277 0.130 10.953 
040922194929 0.850 27.373 38.449 7.541 8.277 0.142 10.912 
040922200429 0.860 27.341 38.448 7.549 8.278 0.140 10.940 
040922201929 0.865 27.332 38.441 7.554 8.278 0.184 10.950 
040922203429 0.865 27.308 38.442 7.562 8.279 0.189 10.953 
040922204929 0.881 27.329 38.441 7.559 8.279 0.155 10.912 
040922210429 0.907 27.341 38.444 7.560 8.279 0.217 10.934 
040922211929 0.882 27.316 38.493 7.565 8.280 0.120 10.949 
040922213429 0.847 27.257 38.490 7.577 8.281 0.166 10.952 
040922214929 0.872 27.215 38.437 7.583 8.282 0.165 10.912 
040922220429 0.865 27.169 38.441 7.590 8.283 0.169 10.939 
040922221929 0.879 27.129 38.433 7.604 8.284 0.171 10.950 
040922223429 0.869 27.083 38.438 7.609 8.285 0.167 10.952 
040922224929 0.906 27.053 38.438 7.614 8.285 0.162 10.912 
040922230429 0.849 27.043 38.436 7.617 8.285 0.202 10.936 
040922231929 0.907 27.017 38.424 7.617 8.284 0.167 10.949 
040922233429 0.889 27.012 38.418 7.614 8.285 0.200 10.952 
040922234929 0.877 27.011 38.424 7.612 8.286 0.180 10.911 
050922000429 0.894 26.956 38.432 7.625 8.287 0.149 10.938 
050922001929 0.912 26.935 38.429 7.627 8.288 0.187 10.949 
050922003429 0.874 26.913 38.440 7.627 8.289 0.187 10.951 
050922004929 0.877 26.921 38.446 7.622 8.289 0.119 10.910 
050922010429 0.898 26.925 38.442 7.623 8.290 0.202 10.937 
050922011929 0.899 26.908 38.449 7.625 8.291 0.153 10.948 
050922013429 0.875 26.900 38.452 7.624 8.290 0.177 10.951 
050922014929 0.879 26.906 38.453 7.623 8.291 0.185 10.910 
050922020429 0.869 26.905 38.458 7.622 8.292 0.212 10.932 
050922021929 0.888 26.893 38.454 7.621 8.291 0.150 10.947 
050922023429 0.880 26.889 38.456 7.614 8.291 0.186 10.950 
050922024929 0.876 26.866 38.455 7.619 8.291 0.156 10.909 
050922030429 0.883 26.887 38.452 7.608 8.291 0.180 10.937 
050922031929 0.869 26.882 38.451 7.608 8.292 0.153 10.948 
050922033429 0.890 26.905 38.450 7.598 8.291 0.165 10.951 
050922034929 0.878 26.906 38.451 7.595 8.291 0.177 10.910 
050922040429 0.875 26.914 38.454 7.589 8.292 0.157 10.937 
050922041929 0.885 26.925 38.451 7.591 8.292 0.195 10.948 
050922043429 0.881 26.930 38.459 7.589 8.292 0.181 10.951 
050922044929 0.883 26.921 38.456 7.593 8.292 0.161 10.910 
050922050429 0.888 26.919 38.456 7.595 8.293 0.141 10.932 
050922051929 0.892 26.908 38.455 7.595 8.293 0.209 10.947 
050922053429 0.894 26.901 38.454 7.599 8.293 0.179 10.951 
050922054929 0.862 26.900 38.458 7.597 8.293 0.143 10.909 
050922060429 0.875 26.887 38.460 7.602 8.293 0.143 10.937 
050922061929 0.894 26.900 38.455 7.597 8.293 0.104 10.948 
050922063429 0.884 26.892 38.455 7.597 8.293 0.215 10.951 
050922064929 0.868 26.889 38.462 7.594 8.293 0.225 10.910 
050922070429 0.904 26.889 38.464 7.593 8.293 0.180 10.938 
050922071929 0.902 26.884 38.478 7.593 8.293 0.292 10.948 
050922073429 0.874 26.877 38.470 7.591 8.293 0.151 10.951 
050922074929 0.888 26.941 38.474 7.584 8.293 0.147 10.909 
050922080429 0.901 26.932 38.467 7.588 8.293 0.172 10.935 
050922081929 0.897 26.932 38.472 7.591 8.292 0.157 10.948 
050922083429 0.871 26.924 38.471 7.597 8.291 0.097 10.951 
050922084929 0.891 26.933 38.463 7.598 8.291 0.147 10.909 
050922090429 0.902 26.941 38.474 7.604 8.291 0.098 10.938 
050922091929 0.880 26.956 38.473 7.604 8.290 0.115 10.948 
050922093429 0.902 26.964 38.475 7.606 8.289 0.099 10.951 
050922094929 0.897 26.967 38.448 7.611 8.286 0.082 10.910 
050922100429 0.899 26.995 38.445 7.606 8.284 0.052 10.938 
050922101929 0.906 27.014 38.451 7.609 8.283 0.120 10.949 
050922103429 0.910 27.048 38.441 7.608 8.283 0.096 10.951 
050922104929 0.879 27.083 38.489 7.599 8.282 0.103 10.910 
050922110429 0.893 27.119 38.489 7.598 8.282 0.091 10.933 
050922111929 0.894 27.137 38.436 7.597 8.281 0.070 10.948 
050922113429 0.897 27.150 38.455 7.589 8.280 0.078 10.951 
050922114929 0.911 27.207 38.454 7.582 8.279 0.083 10.911 
050922120429 0.879 27.221 38.450 7.576 8.278 0.091 10.939 
050922121929 0.899 27.283 38.458 7.571 8.277 0.085 10.949 
050922123429 0.885 27.314 38.467 7.555 8.277 0.052 10.952 
050922124929 0.876 27.367 38.465 7.545 8.276 0.091 10.912 
050922130429 0.873 27.313 38.460 7.545 8.275 0.078 10.940 
050922131929 0.885 27.373 38.457 7.539 8.275 0.068 10.950 
050922133429 0.886 27.451 38.453 7.524 8.274 0.063 10.953 
050922134929 0.868 27.434 38.458 7.525 8.274 0.083 10.912 
050922140429 0.869 27.502 38.461 7.513 8.273 0.092 10.935 
