SAMBAT Sea Ti  C/T/D/Odo/Fluo/pH GPS : 50195 
V:0,Pression (0/50),dba
V:1,Température (-5/35),°C
V:2,Salinité (2/42),g/l
V:3,Oxygène (0/20),mgl
V:4,PH (0/14),pH
V:5,Fluorescence (0/500),ppb
V:6,Tension batterie,V
080423102556 0.888 14.605 38.185 10.639 8.246 2.490 10.723 
080423104055 0.884 14.614 38.182 10.634 8.246 1.981 10.783 
080423105555 0.862 14.637 38.182 10.628 8.245 1.063 10.822 
080423111055 0.827 14.646 38.178 10.626 8.243 0.919 10.839 
080423112555 0.766 14.691 38.189 10.608 8.243 0.698 10.847 
080423114055 0.922 14.640 38.183 10.629 8.245 1.662 10.810 
080423115555 0.835 14.642 38.189 10.629 8.245 1.905 10.837 
080423121055 0.868 14.651 38.184 10.627 8.244 1.412 10.848 
080423122555 0.840 14.630 38.187 10.634 8.243 1.025 10.852 
080423124055 0.803 14.651 38.183 10.626 8.242 0.774 10.799 
080423125555 0.828 14.671 38.189 10.617 8.242 1.078 10.833 
080423131055 0.787 14.700 38.182 10.614 8.242 0.858 10.846 
080423132555 0.806 14.685 38.179 10.618 8.242 0.752 10.852 
080423134055 0.766 14.694 38.168 10.623 8.242 0.926 10.811 
080423135555 0.791 14.713 38.174 10.620 8.242 0.714 10.839 
080423141055 0.845 14.730 38.170 10.616 8.242 0.903 10.849 
080423142555 0.809 14.708 38.176 10.626 8.244 1.617 10.853 
080423144055 0.851 14.692 38.167 10.632 8.243 1.055 10.799 
080423145555 0.840 14.701 38.171 10.635 8.243 1.488 10.833 
080423151055 0.807 14.719 38.176 10.631 8.243 0.987 10.846 
080423152555 0.814 14.720 38.173 10.634 8.243 0.896 10.852 
080423154055 0.887 14.723 38.171 10.635 8.242 0.744 10.810 
080423155555 0.815 14.731 38.175 10.637 8.243 0.964 10.838 
080423161055 0.805 14.746 38.171 10.635 8.243 1.139 10.849 
080423162555 0.887 14.755 38.170 10.636 8.243 1.397 10.854 
080423164055 0.818 14.759 38.171 10.640 8.243 1.571 10.811 
080423165555 0.847 14.765 38.170 10.638 8.243 1.693 10.839 
080423171055 0.831 14.753 38.168 10.651 8.243 1.928 10.849 
080423172555 0.846 14.741 38.169 10.660 8.244 2.406 10.854 
080423174055 0.830 14.738 38.166 10.667 8.245 2.870 10.800 
080423175555 0.857 14.725 38.168 10.675 8.245 2.900 10.834 
080423181055 0.870 14.709 38.171 10.687 8.246 2.953 10.847 
080423182555 0.890 14.703 38.168 10.695 8.246 3.363 10.852 
080423184055 0.834 14.711 38.166 10.701 8.246 4.183 10.812 
080423185555 0.813 14.709 38.176 10.707 8.247 4.494 10.839 
080423191055 0.899 14.719 38.175 10.709 8.247 3.241 10.849 
080423192555 0.857 14.724 38.176 10.714 8.247 4.608 10.853 
080423194055 0.852 14.692 38.184 10.721 8.248 3.439 10.812 
080423195555 0.852 14.732 38.177 10.717 8.248 3.947 10.839 
080423201055 0.881 14.714 38.177 10.726 8.248 3.879 10.849 
080423202555 0.850 14.733 38.183 10.725 8.249 3.947 10.853 
080423204055 0.873 14.685 38.179 10.738 8.249 4.312 10.800 
080423205555 0.851 14.684 38.169 10.743 8.250 3.955 10.833 
080423211055 0.864 14.684 38.176 10.748 8.250 3.925 10.846 
080423212555 0.836 14.674 38.175 10.757 8.251 3.773 10.851 
080423214055 0.827 14.682 38.178 10.756 8.251 4.046 10.812 
080423215555 0.868 14.658 38.174 10.767 8.252 4.608 10.839 
080423221055 0.873 14.660 38.172 10.770 8.253 3.758 10.849 
080423222555 0.890 14.640 38.177 10.784 8.253 4.023 10.853 
080423224055 0.884 14.667 38.174 10.776 8.253 3.818 10.811 
080423225555 0.892 14.630 38.166 10.796 8.254 3.705 10.838 
080423231055 0.905 14.623 38.160 10.799 8.255 3.735 10.848 
080423232555 0.866 14.642 38.164 10.798 8.255 4.092 10.853 
080423234055 0.852 14.633 38.168 10.796 8.256 3.454 10.799 
080423235555 0.883 14.628 38.170 10.802 8.257 3.424 10.833 
090423001055 0.838 14.662 38.179 10.787 8.256 3.621 10.846 
090423002555 0.913 14.646 38.181 10.798 8.257 3.917 10.851 
090423004055 0.892 14.646 38.180 10.799 8.257 4.213 10.811 
090423005555 0.901 14.642 38.183 10.799 8.257 4.282 10.838 
090423011055 0.897 14.619 38.186 10.805 8.257 4.046 10.848 
090423012555 0.855 14.601 38.193 10.808 8.258 4.145 10.852 
090423014055 0.895 14.614 38.182 10.808 8.257 4.517 10.811 
090423015555 0.882 14.601 38.181 10.815 8.258 3.576 10.838 
090423021055 0.865 14.595 38.182 10.816 8.257 4.168 10.848 
090423022555 0.872 14.575 38.185 10.817 8.258 3.841 10.852 
090423024055 0.870 14.587 38.184 10.817 8.258 4.638 10.807 
090423025555 0.870 14.583 38.184 10.818 8.259 3.849 10.836 
090423031055 0.873 14.583 38.181 10.817 8.259 4.570 10.847 
090423032555 0.876 14.559 38.185 10.822 8.258 4.365 10.851 
090423034055 0.867 14.549 38.181 10.822 8.258 4.289 10.798 
090423035555 0.873 14.566 38.183 10.817 8.258 4.327 10.832 
090423041055 0.870 14.541 38.186 10.827 8.259 3.712 10.845 
090423042555 0.879 14.562 38.186 10.816 8.258 4.001 10.850 
090423044055 0.886 14.528 38.176 10.831 8.260 3.613 10.807 
090423045555 0.876 14.544 38.184 10.816 8.260 3.302 10.836 
090423051055 0.872 14.544 38.179 10.823 8.259 3.644 10.846 
090423052555 0.876 14.548 38.182 10.817 8.259 3.059 10.851 
090423054055 0.852 14.554 38.185 10.817 8.259 3.985 10.798 
090423055555 0.862 14.534 38.183 10.819 8.258 5.132 10.831 
090423061055 0.895 14.551 38.185 10.804 8.260 4.008 10.844 
090423062555 0.873 14.543 38.187 10.808 8.258 4.183 10.850 
090423064055 0.874 14.539 38.173 10.809 8.258 3.864 10.810 
090423065555 0.837 14.538 38.187 10.803 8.258 3.530 10.837 
090423071055 0.872 14.534 37.840 10.804 8.257 2.346 10.847 
090423072555 0.873 14.531 37.891 10.801 8.256 1.807 10.851 
090423074055 0.905 14.546 38.070 10.791 8.255 1.571 10.798 
090423075555 0.894 14.546 38.090 10.786 8.255 0.896 10.831 
090423081055 0.872 14.556 38.134 10.780 8.254 1.131 10.844 
090423082555 0.853 14.569 38.155 10.773 8.253 0.850 10.850 
090423084055 0.891 14.585 38.166 10.765 8.253 2.034 10.810 
090423085555 0.916 14.591 38.175 10.760 8.252 0.934 10.837 
090423091055 0.885 14.610 38.173 10.753 8.252 1.116 10.847 
090423092555 0.892 14.629 38.168 10.750 8.253 0.554 10.852 
090423094055 0.914 14.697 38.185 10.725 8.253 0.721 10.811 
090423095555 0.885 14.762 38.177 10.709 8.252 0.903 10.838 
090423101055 0.884 14.798 38.170 10.697 8.253 0.850 10.848 
090423102555 0.890 14.748 38.169 10.721 8.255 0.531 10.853 
