SAMBAT Sea Ti  C/T/D/Odo/Fluo/pH GPS : 50195 
V:0,Pression (0/50),m
V:1,Température (-5/35),°C
V:2,Salinité (2/42),g/l
V:3,Oxygène (0/20),mgl
V:4,PH (0/14),pH
V:5,Fluorescence (0/50),µgl
V:6,Tension batterie,V
141122165536 0.936 20.964 37.322 8.123 8.317 0.316 10.685 
141122171035 0.943 20.957 37.329 8.135 8.315 0.335 10.857 
141122172535 0.953 20.953 37.895 8.138 8.315 0.288 10.884 
141122174035 0.919 20.941 37.328 8.156 8.320 0.285 10.895 
141122175535 0.946 20.939 37.341 8.155 8.317 0.384 10.838 
141122181035 0.950 20.940 37.361 8.154 8.315 0.339 10.884 
141122182535 0.945 20.944 37.351 8.169 8.320 0.447 10.896 
141122184035 0.926 20.940 37.348 8.180 8.320 0.348 10.901 
141122185535 0.953 20.930 37.365 8.192 8.320 0.316 10.839 
141122191035 0.949 20.932 37.340 8.207 8.318 0.331 10.885 
141122192535 0.933 20.920 37.335 8.222 8.322 0.309 10.897 
141122194035 0.940 20.908 37.340 8.236 8.323 0.282 10.902 
141122195535 0.934 20.915 37.320 8.249 8.322 0.241 10.746 
141122201035 0.956 20.902 37.314 8.253 8.323 0.266 10.875 
141122202535 0.935 20.911 37.305 8.261 8.323 0.378 10.893 
141122204035 0.931 20.891 37.297 8.274 8.324 0.330 10.900 
141122205535 0.941 20.892 37.295 8.274 8.324 0.260 10.838 
141122211035 0.965 20.886 37.307 8.270 8.327 0.347 10.885 
141122212535 0.945 20.885 37.290 8.268 8.327 0.361 10.897 
141122214035 0.934 20.884 37.290 8.265 8.327 0.327 10.901 
141122215535 0.941 20.878 37.313 8.257 8.326 0.270 10.841 
141122221035 0.961 20.871 37.321 8.245 8.327 0.350 10.886 
141122222535 0.937 20.862 37.312 8.237 8.328 0.312 10.897 
141122224035 0.953 20.865 37.314 8.227 8.326 0.297 10.901 
141122225535 0.939 20.860 37.299 8.216 8.327 0.385 10.742 
141122231035 0.940 20.869 37.306 8.208 8.327 0.286 10.875 
141122232535 0.943 20.858 37.312 8.205 8.327 0.431 10.893 
141122234035 0.920 20.861 37.288 8.203 8.328 0.336 10.899 
141122235535 0.938 20.862 37.284 8.203 8.326 0.369 10.839 
151122001035 0.935 20.860 37.305 8.197 8.328 0.347 10.885 
151122002535 0.929 20.854 37.313 8.190 8.328 0.339 10.896 
151122004035 0.947 20.850 37.317 8.191 8.330 0.366 10.901 
151122005535 0.929 20.853 37.304 8.196 8.330 0.323 10.839 
151122011035 0.934 20.840 37.281 8.197 8.330 0.452 10.885 
151122012535 0.922 20.852 37.290 8.205 8.330 0.294 10.897 
151122014035 0.920 20.849 37.291 8.214 8.329 0.259 10.901 
151122015535 0.946 20.825 37.290 8.220 8.331 0.305 10.838 
151122021035 0.917 20.828 37.281 8.225 8.329 0.366 10.884 
151122022535 0.943 20.842 37.293 8.231 8.329 0.298 10.896 
151122024035 0.917 20.840 37.288 8.238 8.330 0.285 10.901 
151122025535 0.912 20.838 37.289 8.247 8.331 0.274 10.734 
151122031035 0.899 20.822 37.272 8.253 8.331 0.260 10.875 
151122032535 0.901 20.821 37.278 8.251 8.332 0.349 10.892 
151122034035 0.939 20.816 37.244 8.259 8.331 0.351 10.899 
151122035535 0.924 20.815 37.273 8.256 8.331 0.258 10.838 
151122041035 0.880 20.815 37.281 8.254 8.332 0.311 10.884 
151122042535 0.944 20.823 37.280 8.252 8.332 0.358 10.896 
151122044035 0.918 20.824 37.286 8.246 8.330 0.362 10.901 
151122045535 0.955 20.805 37.282 8.244 8.332 0.374 10.836 
151122051035 0.881 20.821 37.282 8.248 8.332 0.343 10.884 
151122052535 0.858 20.804 37.271 8.252 8.333 0.286 10.896 
151122054035 0.887 20.821 37.267 8.253 8.333 0.367 10.901 
151122055535 0.956 20.794 37.255 8.261 8.333 0.322 10.745 
151122061035 0.966 20.810 37.271 8.259 8.332 0.359 10.875 
151122062535 0.910 20.804 37.268 8.264 8.332 0.251 10.892 
151122064035 0.913 20.816 37.261 8.267 8.332 0.226 10.899 
151122065535 0.880 20.802 37.263 8.262 8.331 0.280 10.839 
151122071035 0.886 20.804 37.217 8.265 8.332 0.306 10.884 
151122072535 0.866 20.793 37.249 8.267 8.333 0.242 10.896 
151122074035 0.856 20.817 37.286 8.270 8.334 0.300 10.901 
151122075535 0.893 20.805 37.263 8.270 8.334 0.301 10.839 
151122081035 0.902 20.797 37.277 8.267 8.333 0.247 10.885 
151122082535 0.881 20.796 37.246 8.261 8.332 0.307 10.896 
151122084035 0.903 20.813 37.246 8.255 8.331 0.304 10.901 
151122085535 0.916 20.819 37.250 8.250 8.331 0.339 10.745 
151122091035 0.894 20.813 37.250 8.244 8.328 0.359 10.875 
151122092535 0.907 20.786 37.250 8.245 8.329 0.295 10.892 
151122094035 0.917 20.803 37.252 8.244 8.329 0.387 10.899 
151122095535 0.892 20.812 37.274 8.243 8.329 0.327 10.838 
151122101035 0.882 20.818 37.271 8.232 8.329 0.272 10.884 
151122102535 0.914 20.807 37.272 8.223 8.331 0.453 10.896 
151122104035 0.910 20.815 37.272 8.217 8.329 0.424 10.901 
151122105535 0.915 20.817 37.284 8.214 8.328 0.371 10.836 
151122111035 0.881 20.797 37.271 8.208 8.328 0.339 10.884 
151122112535 0.907 20.715 37.149 8.204 8.332 0.354 10.896 
151122114035 0.857 20.665 37.128 8.197 8.334 0.383 10.900 
151122115535 0.891 20.709 37.168 8.199 8.335 0.295 10.745 
151122121035 0.889 20.740 37.182 8.201 8.334 0.327 10.874 
151122122535 0.828 20.735 37.195 8.201 8.334 0.313 10.892 
151122124035 0.874 20.775 37.230 8.201 8.331 0.283 10.898 
151122125535 0.872 20.777 37.811 8.209 8.331 0.353 10.837 
151122131035 0.905 20.787 37.248 8.217 8.329 0.288 10.884 
151122132535 0.879 20.788 37.658 8.218 8.330 0.256 10.896 
151122134035 0.866 20.777 37.248 8.223 8.329 0.239 10.900 
151122135535 0.872 20.782 37.246 8.223 8.327 0.295 10.836 
151122141035 0.891 20.774 37.204 8.222 8.327 0.339 10.884 
151122142535 0.877 20.756 37.214 8.214 8.327 0.326 10.896 
151122144035 0.883 20.763 37.219 8.201 8.328 0.364 10.900 
151122145535 0.874 20.754 37.228 8.201 8.329 0.328 10.734 
151122151035 0.849 20.759 37.236 8.197 8.329 0.333 10.874 
151122152535 0.846 20.725 37.222 8.186 8.329 0.375 10.892 
151122154035 0.842 20.740 37.224 8.171 8.327 0.336 10.898 
151122155535 0.828 20.749 37.232 8.164 8.329 0.357 10.837 
151122161035 0.860 20.750 37.239 8.153 8.328 0.386 10.883 
151122162535 0.849 20.735 37.234 8.148 8.328 0.461 10.895 
151122164035 0.867 20.758 37.332 8.145 8.328 0.486 10.900 
151122165535 0.869 20.761 37.261 8.147 8.328 0.442 10.839 
