SAMBAT Sea Ti  C/T/D/Odo/Fluo/pH GPS : 50195 
V:0,Pression (0/50),m
V:1,Température (-5/35),°C
V:2,Salinité (2/42),g/l
V:3,Oxygène (0/20),mgl
V:4,PH (0/14),pH
V:5,Fluorescence (0/50),µgl
V:6,Tension batterie,V
091222175736 0.799 17.337 35.782 9.000 8.339 0.329 10.639 
091222181235 0.688 17.340 35.775 9.001 8.339 0.321 10.816 
091222182735 0.768 17.334 35.770 8.997 8.339 0.339 10.846 
091222184235 0.770 17.324 35.779 8.998 8.339 0.325 10.858 
091222185735 0.725 17.324 35.778 8.994 8.339 0.311 10.813 
091222191235 0.755 17.320 35.782 8.995 8.339 0.270 10.849 
091222192735 0.850 17.317 35.769 8.997 8.339 0.222 10.861 
091222194235 0.761 17.306 35.778 9.002 8.339 0.347 10.866 
091222195735 0.784 17.313 35.771 9.001 8.339 0.436 10.816 
091222201235 0.806 17.305 35.793 9.000 8.339 0.329 10.851 
091222202735 0.664 17.312 35.794 8.997 8.339 0.300 10.863 
091222204235 0.794 17.301 35.776 8.999 8.339 0.307 10.868 
091222205735 0.803 17.302 35.758 9.000 8.339 0.307 10.794 
091222211235 0.806 17.307 35.764 8.997 8.340 0.282 10.845 
091222212735 0.662 17.308 35.762 9.000 8.340 0.295 10.860 
091222214235 0.792 17.304 35.756 8.999 8.341 0.318 10.866 
091222215735 0.698 17.299 35.763 9.000 8.340 0.264 10.794 
091222221235 0.789 17.292 35.761 8.997 8.340 0.284 10.844 
091222222735 0.792 17.276 35.798 9.003 8.341 0.234 10.860 
091222224235 0.847 17.278 35.792 9.001 8.341 0.288 10.866 
091222225735 0.797 17.269 35.773 9.002 8.341 0.271 10.816 
091222231235 0.821 17.269 35.772 9.002 8.341 0.290 10.851 
091222232735 0.741 17.274 35.766 9.003 8.341 0.307 10.863 
091222234235 0.709 17.267 35.772 9.006 8.341 0.289 10.868 
091222235735 0.722 17.269 35.770 8.999 8.341 0.306 10.814 
101222001235 0.791 17.261 35.770 8.997 8.342 0.418 10.851 
101222002735 0.807 17.266 35.776 8.988 8.342 0.250 10.863 
101222004235 0.753 17.258 35.759 8.988 8.341 0.362 10.868 
101222005735 0.789 17.289 35.838 8.975 8.340 0.330 10.795 
101222011235 0.809 17.299 35.797 8.974 8.341 0.302 10.845 
101222012735 0.742 17.295 35.794 8.972 8.340 0.289 10.860 
101222014235 0.762 17.309 35.791 8.966 8.340 0.301 10.866 
101222015735 0.727 17.301 35.795 8.964 8.341 0.321 10.815 
101222021235 0.733 17.309 35.779 8.958 8.340 0.285 10.851 
101222022735 0.768 17.299 35.795 8.963 8.340 0.365 10.863 
101222024235 0.773 17.308 35.821 8.964 8.340 0.330 10.868 
101222025735 0.790 17.310 35.813 8.962 8.339 0.281 10.816 
101222031235 0.768 17.298 35.781 8.966 8.340 0.293 10.852 
101222032735 0.745 17.305 35.790 8.960 8.340 0.328 10.863 
101222034235 0.782 17.302 35.764 8.959 8.340 0.481 10.868 
101222035735 0.807 17.303 35.780 8.962 8.340 0.364 10.816 
101222041235 0.796 17.302 35.786 8.960 8.340 0.335 10.851 
101222042735 0.805 17.297 35.807 8.959 8.340 0.353 10.863 
101222044235 0.731 17.306 36.080 8.954 8.339 0.287 10.868 
101222045735 0.744 17.302 35.763 8.953 8.339 0.270 10.795 
101222051235 0.822 17.288 36.302 8.949 8.338 0.298 10.845 
101222052735 0.826 17.292 35.800 8.949 8.338 0.309 10.860 
101222054235 0.763 17.304 35.787 8.946 8.339 0.321 10.867 
101222055735 0.773 17.310 35.773 8.947 8.339 0.288 10.816 
101222061235 0.763 17.306 35.783 8.946 8.339 0.322 10.851 
101222062735 0.735 17.293 35.787 8.946 8.339 0.293 10.863 
101222064235 0.711 17.296 35.804 8.947 8.339 0.411 10.868 
101222065735 0.699 17.299 36.229 8.953 8.339 0.412 10.816 
101222071235 0.738 17.292 36.195 8.952 8.338 0.305 10.852 
101222072735 0.674 17.301 35.827 8.953 8.339 0.265 10.863 
101222074235 0.784 17.303 35.802 8.960 8.339 0.303 10.868 
101222075735 0.704 17.312 35.804 8.964 8.340 0.350 10.814 
101222081235 0.764 17.306 36.227 8.966 8.340 0.350 10.851 
101222082735 0.717 17.299 35.798 8.965 8.340 0.344 10.863 
101222084235 0.748 17.308 35.825 8.962 8.341 0.411 10.868 
101222085735 0.686 17.300 35.794 8.960 8.342 0.334 10.790 
101222091235 0.691 17.309 35.763 8.955 8.342 0.347 10.843 
101222092735 0.776 17.307 35.779 8.946 8.342 0.465 10.860 
101222094235 0.792 17.293 35.733 8.956 8.342 0.327 10.866 
101222095735 0.752 17.253 35.734 8.961 8.344 0.296 10.815 
101222101235 0.731 17.248 35.729 8.957 8.344 0.325 10.851 
101222102735 0.787 17.220 35.713 8.959 8.344 0.314 10.863 
101222104235 0.741 17.233 36.208 8.958 8.344 0.329 10.868 
101222105735 0.767 17.240 36.126 8.960 8.344 0.265 10.816 
101222111235 0.746 17.237 35.698 8.957 8.344 0.262 10.851 
101222112735 0.747 17.210 35.676 8.962 8.344 0.246 10.863 
101222114235 0.733 17.242 35.693 8.960 8.344 0.260 10.868 
101222115735 0.706 17.251 35.685 8.963 8.344 0.259 10.795 
101222121235 0.774 17.250 35.753 8.959 8.343 0.276 10.844 
101222122735 0.762 17.252 35.766 8.957 8.342 0.294 10.860 
101222124235 0.753 17.226 35.741 8.958 8.343 0.263 10.866 
101222125735 0.683 17.218 35.747 8.956 8.343 0.206 10.815 
101222131235 0.795 17.239 35.758 8.950 8.342 0.190 10.851 
101222132735 0.717 17.246 35.723 8.949 8.343 0.190 10.863 
101222134235 0.751 17.266 35.771 8.944 8.342 0.159 10.868 
101222135735 0.720 17.270 35.765 8.936 8.342 0.161 10.795 
101222141235 0.742 17.283 35.792 8.930 8.341 0.191 10.844 
101222142735 0.715 17.293 35.769 8.915 8.341 0.162 10.860 
101222144235 0.753 17.295 35.788 8.920 8.340 0.170 10.866 
101222145735 0.773 17.269 35.742 8.937 8.341 0.170 10.816 
101222151235 0.693 17.279 35.744 8.941 8.341 0.115 10.851 
101222152735 0.703 17.281 35.753 8.943 8.340 0.152 10.862 
101222154235 0.676 17.298 35.711 8.939 8.340 0.103 10.868 
101222155735 0.732 17.313 35.707 8.936 8.339 0.163 10.791 
101222161235 0.792 17.307 35.777 8.943 8.338 0.217 10.844 
101222162735 0.700 17.300 35.701 8.955 8.339 0.292 10.860 
101222164235 0.744 17.299 35.756 8.964 8.339 0.338 10.866 
101222165735 0.827 17.295 35.747 8.974 8.338 0.255 10.816 
101222171235 0.766 17.290 35.806 8.978 8.338 0.339 10.851 
101222172735 0.720 17.290 35.803 8.979 8.338 0.369 10.863 
101222174235 0.688 17.280 35.789 8.985 8.336 0.351 10.868 
101222175735 0.723 17.274 35.751 8.988 8.337 0.503 10.791 
