SAMBAT Sea Ti  C/T/D/Odo/Fluo/pH GPS : 50195 
V:0,Pression (0/50),dba
V:1,Température (-5/35),°C
V:2,Salinité (2/42),g/l
V:3,Oxygène (0/20),mgl
V:4,PH (0/14),pH
V:5,Fluorescence (0/500),ppb
V:6,Tension batterie,V
170323093152 0.090 13.781 0.007 10.154 6.301 0.448 10.751 
170323094651 0.087 13.748 0.007 10.162 13.406 0.387 10.817 
170323100151 0.082 13.658 0.007 10.171 13.818 0.881 10.841 
170323101651 0.083 13.463 0.007 10.263 13.927 0.698 10.850 
170323103151 0.080 13.941 0.008 10.123 13.652 0.235 10.699 
170323104651 0.079 13.979 0.008 10.102 13.600 0.311 10.603 
170323110151 0.076 14.530 0.008 9.944 13.165 1.511 10.751 
170323111651 0.890 14.310 38.008 10.023 8.272 1.404 10.797 
170323113151 0.867 14.349 38.029 10.000 8.245 1.564 10.822 
170323114651 0.896 14.354 38.029 9.990 8.234 2.300 10.813 
170323120151 0.888 14.383 38.031 9.983 8.227 1.313 10.833 
170323121651 0.874 14.415 38.031 9.971 8.222 1.328 10.844 
170323123151 0.885 14.465 38.034 9.948 8.217 1.374 10.850 
170323124651 0.874 14.487 38.042 9.943 8.213 1.131 10.825 
170323130151 0.879 14.554 38.035 9.906 8.210 1.556 10.842 
170323131651 0.866 14.633 38.037 9.879 8.207 1.093 10.851 
170323133151 0.877 14.718 38.056 9.830 8.205 1.169 10.856 
170323134651 0.881 14.615 38.051 9.837 8.205 1.670 10.819 
170323140151 0.850 14.547 38.053 9.829 8.202 1.503 10.840 
170323141651 0.877 14.562 38.051 9.843 8.202 1.511 10.851 
170323143151 0.873 14.873 38.038 9.801 8.199 1.655 10.856 
170323144651 0.860 14.562 38.055 9.931 8.201 0.888 10.829 
170323150151 0.871 14.590 38.056 9.977 8.200 1.564 10.847 
170323151651 0.857 14.512 38.058 10.060 8.200 1.579 10.854 
170323153151 0.862 14.528 38.048 10.121 8.200 1.617 10.858 
170323154651 0.905 14.482 38.070 10.136 8.199 1.382 10.831 
170323160151 0.859 14.474 38.045 10.142 8.200 2.012 10.848 
170323161651 0.876 14.491 38.033 10.143 8.200 1.738 10.855 
170323163151 0.883 14.500 38.059 10.139 8.200 1.905 10.859 
170323164651 0.869 14.510 38.058 10.140 8.200 2.422 10.827 
170323170151 0.843 14.502 38.065 10.131 8.199 2.520 10.846 
170323171651 0.875 14.476 38.060 10.140 8.200 2.885 10.855 
170323173151 0.850 14.491 38.055 10.146 8.199 3.074 10.859 
170323174651 0.880 14.525 38.048 10.145 8.200 4.889 10.823 
170323180151 0.887 15.781 38.223 9.725 8.193 5.815 10.844 
170323181651 0.874 14.901 37.857 10.049 8.199 5.238 10.855 
170323183151 0.867 14.691 38.054 10.106 8.198 5.526 10.860 
170323184651 0.849 14.628 38.067 10.134 8.198 5.663 10.831 
170323190151 0.866 14.651 38.064 10.132 8.196 5.322 10.848 
170323191651 0.878 14.712 38.063 10.119 8.195 6.270 10.856 
170323193151 0.889 14.623 38.062 10.149 8.195 6.119 10.860 
170323194651 0.865 14.613 38.063 10.157 8.194 5.618 10.832 
170323200151 0.857 14.524 38.071 10.182 8.194 5.823 10.849 
170323201651 0.849 14.570 38.067 10.173 8.196 5.663 10.856 
170323203151 0.895 14.467 38.036 10.215 8.199 5.876 10.859 
170323204651 0.867 14.407 38.009 10.231 8.200 4.745 10.822 
170323210151 0.821 14.402 38.011 10.237 8.200 4.608 10.843 
170323211651 0.874 14.362 38.007 10.252 8.200 5.261 10.852 
170323213151 0.867 14.356 38.021 10.257 8.198 6.149 10.857 
170323214651 0.879 14.341 38.020 10.265 8.198 4.805 10.830 
170323220151 0.864 14.330 38.022 10.274 8.198 5.117 10.846 
170323221651 0.863 14.334 38.026 10.280 8.198 4.752 10.853 
170323223151 0.882 14.323 38.032 10.289 8.197 4.798 10.857 
170323224651 0.874 14.326 38.032 10.292 8.197 5.359 10.821 
170323230151 0.877 14.309 38.035 10.301 8.196 5.504 10.841 
170323231651 0.858 14.268 38.028 10.317 8.197 4.380 10.850 
170323233151 0.882 14.234 38.003 10.326 8.199 4.767 10.855 
170323234651 0.854 14.230 38.008 10.330 8.197 4.532 10.829 
180323000151 0.877 14.204 37.996 10.340 8.199 4.312 10.844 
180323001651 0.879 14.234 37.985 10.332 8.199 4.039 10.852 
180323003151 0.862 14.228 38.018 10.344 8.198 6.498 10.855 
180323004651 0.860 14.210 37.991 10.355 8.200 4.168 10.830 
180323010151 0.857 14.199 37.994 10.369 8.199 4.471 10.845 
180323011651 0.852 14.195 38.016 10.374 8.198 4.760 10.853 
180323013151 0.873 14.229 38.053 10.365 8.193 6.946 10.856 
180323014651 0.865 14.277 38.067 10.357 8.192 6.081 10.820 
180323020151 0.875 14.276 38.072 10.357 8.191 6.399 10.840 
180323021651 0.875 14.251 38.075 10.364 8.191 6.734 10.849 
180323023151 0.848 14.265 38.078 10.361 8.191 6.126 10.854 
180323024651 0.871 14.258 38.077 10.357 8.190 5.906 10.829 
180323030151 0.864 14.256 38.076 10.354 8.191 5.876 10.845 
180323031651 0.841 14.239 38.082 10.353 8.191 6.665 10.852 
180323033151 0.864 14.218 38.075 10.354 8.191 6.650 10.855 
180323034651 0.846 14.200 38.082 10.355 8.190 6.126 10.829 
180323040151 0.867 14.197 38.079 10.358 8.190 6.878 10.845 
180323041651 0.839 14.204 38.080 10.351 8.191 6.984 10.852 
180323043151 0.852 14.205 38.079 10.348 8.190 6.331 10.856 
180323044651 0.839 14.202 38.080 10.353 8.190 7.014 10.829 
180323050151 0.812 14.202 38.084 10.346 8.190 6.688 10.845 
180323051651 0.864 14.186 38.082 10.350 8.190 6.870 10.852 
180323053151 0.856 14.200 38.082 10.345 8.190 6.362 10.855 
180323054651 0.855 14.176 38.080 10.350 8.190 6.453 10.820 
180323060151 0.837 14.188 38.084 10.344 8.189 6.954 10.840 
180323061651 0.846 14.189 38.085 10.341 8.190 8.145 10.849 
180323063151 0.853 14.175 38.082 10.343 8.189 6.217 10.853 
180323064651 0.856 14.180 38.086 10.339 8.190 7.644 10.828 
180323070151 0.849 14.168 38.087 10.338 8.190 6.749 10.844 
180323071651 0.857 14.184 38.087 10.331 8.190 4.972 10.851 
180323073151 0.853 14.189 38.085 10.329 8.190 4.729 10.855 
180323074651 0.859 14.189 38.087 10.329 8.190 5.261 10.828 
180323080151 0.856 14.175 38.086 10.334 8.190 3.348 10.844 
180323081651 0.846 14.191 38.090 10.327 8.190 2.892 10.851 
180323083151 0.852 14.214 38.091 10.319 8.190 1.579 10.855 
180323084651 0.851 14.223 38.090 10.318 8.190 1.533 10.820 
180323090151 0.863 14.245 38.087 10.315 8.190 2.072 10.840 
180323091651 0.864 14.253 38.089 10.316 8.191 1.450 10.849 
180323093414 0.847 14.243 38.083 10.324 8.192 1.670 10.627 
180323094914 0.852 14.265 38.085 10.324 8.192 1.625 10.780 
180323100414 0.862 14.350 38.078 10.303 8.193 1.556 10.815 
180323101914 0.863 14.409 38.090 10.294 8.195 0.698 10.834 
180323103414 0.847 14.390 38.093 10.305 8.193 1.116 10.777 
180323104914 0.851 14.384 38.084 10.318 8.193 1.336 10.826 
180323110414 0.882 14.409 38.086 10.314 8.193 1.336 10.842 
180323111914 0.859 14.415 38.089 10.319 8.193 1.617 10.849 
180323113414 0.861 14.438 38.082 10.316 8.194 1.260 10.785 
180323114914 0.877 14.493 38.085 10.311 8.193 1.108 10.830 
180323120414 0.852 14.529 38.087 10.310 8.194 1.002 10.845 
180323121914 0.853 14.536 38.083 10.310 8.194 0.987 10.852 
180323123414 0.842 14.576 38.085 10.305 8.194 0.987 10.788 
180323124914 0.880 14.606 38.078 10.308 8.194 1.131 10.823 
180323130414 0.819 14.632 38.075 10.309 8.193 1.192 10.842 
180323131914 0.853 14.646 38.087 10.311 8.193 0.979 10.851 
180323133414 0.820 14.610 38.080 10.332 8.194 1.852 10.786 
180323134914 0.846 14.642 38.081 10.329 8.193 1.404 10.833 
180323140414 0.837 14.663 38.084 10.328 8.193 1.078 10.847 
180323141914 0.834 14.694 38.075 10.329 8.193 0.865 10.854 
180323143414 0.852 14.710 38.080 10.335 8.193 1.230 10.788 
180323144914 0.856 14.720 38.084 10.344 8.192 0.455 10.834 
180323150414 0.843 14.712 38.091 10.349 8.192 0.957 10.848 
180323151914 0.860 14.699 38.088 10.362 8.192 1.207 10.854 
180323153414 0.850 14.714 38.083 10.367 8.192 1.116 10.788 
180323154914 0.846 14.734 38.086 10.369 8.192 1.215 10.825 
180323160414 0.801 14.732 38.098 10.374 8.191 1.579 10.843 
180323161914 0.851 14.719 38.081 10.386 8.191 1.761 10.852 
180323163414 0.865 14.693 38.082 10.394 8.191 1.822 10.787 
180323164914 0.862 14.645 38.080 10.413 8.192 3.689 10.833 
180323170414 0.866 14.623 38.074 10.427 8.193 4.008 10.847 
180323171914 0.831 14.602 38.079 10.438 8.192 4.137 10.854 
180323173414 0.867 14.581 38.077 10.446 8.192 4.661 10.787 
180323174914 0.868 14.567 38.076 10.455 8.192 5.564 10.833 
180323180414 0.842 14.542 38.075 10.468 8.192 5.800 10.847 
180323181914 0.869 14.529 38.075 10.475 8.192 7.371 10.853 
180323183414 0.844 14.515 38.075 10.484 8.191 5.898 10.788 
180323184914 0.841 14.495 38.080 10.492 8.190 5.306 10.822 
180323190414 0.855 14.478 38.075 10.500 8.190 5.633 10.841 
180323191914 0.874 14.460 38.079 10.507 8.191 5.511 10.850 
180323193414 0.874 14.435 38.078 10.514 8.191 5.413 10.784 
180323194914 0.842 14.413 38.081 10.528 8.190 6.369 10.831 
180323200414 0.861 14.396 38.081 10.531 8.190 7.584 10.845 
180323201914 0.879 14.378 38.081 10.537 8.190 7.166 10.851 
180323203414 0.854 14.351 38.082 10.544 8.191 5.868 10.785 
180323204914 0.856 14.350 38.085 10.541 8.190 5.633 10.831 
180323210414 0.864 14.339 38.083 10.544 8.190 6.513 10.845 
180323211914 0.866 14.312 38.081 10.554 8.190 5.868 10.851 
180323213414 0.881 14.310 38.084 10.553 8.190 6.809 10.784 
180323214914 0.868 14.307 38.085 10.549 8.190 6.377 10.820 
180323220414 0.855 14.300 38.088 10.548 8.190 6.369 10.839 
180323221914 0.863 14.301 38.087 10.547 8.190 6.088 10.847 
180323223414 0.865 14.292 38.091 10.545 8.191 6.506 10.782 
180323224914 0.886 14.290 38.088 10.543 8.191 5.838 10.827 
180323230414 0.857 14.283 38.086 10.544 8.191 5.511 10.842 
180323231914 0.862 14.275 38.091 10.540 8.191 6.513 10.849 
180323233414 0.874 14.268 38.091 10.538 8.192 6.369 10.782 
180323234914 0.875 14.252 38.092 10.536 8.191 6.437 10.828 
190323000414 0.862 14.259 38.090 10.532 8.192 6.255 10.843 
190323001914 0.872 14.257 38.092 10.529 8.191 6.073 10.849 
190323003414 0.855 14.333 38.094 10.501 8.190 5.268 10.783 
190323004914 0.878 14.390 38.090 10.485 8.189 5.990 10.818 
190323010414 0.899 14.389 38.096 10.481 8.190 5.132 10.838 
190323011914 0.870 14.402 38.094 10.475 8.190 6.286 10.846 
190323013414 0.874 14.399 38.096 10.473 8.190 5.276 10.781 
190323014914 0.878 14.414 38.093 10.468 8.189 5.367 10.827 
190323020414 0.864 14.419 38.096 10.464 8.189 5.413 10.842 
190323021914 0.870 14.419 38.102 10.461 8.189 6.088 10.849 
190323023414 0.864 14.434 38.096 10.456 8.189 5.230 10.783 
190323024914 0.858 14.438 38.105 10.449 8.189 6.217 10.829 
190323030414 0.867 14.427 38.100 10.457 8.189 5.807 10.843 
190323031914 0.867 14.440 38.103 10.448 8.190 6.149 10.850 
190323033414 0.883 14.439 38.103 10.449 8.189 5.595 10.783 
190323034914 0.869 14.434 38.104 10.456 8.190 5.997 10.818 
190323040414 0.888 14.442 38.106 10.450 8.190 5.314 10.838 
190323041914 0.857 14.432 38.104 10.453 8.189 5.306 10.847 
190323043414 0.874 14.430 38.101 10.459 8.189 5.473 10.782 
190323044914 0.862 14.415 38.102 10.465 8.190 6.255 10.828 
190323050414 0.872 14.385 38.100 10.473 8.190 6.028 10.842 
190323051914 0.861 14.361 38.090 10.479 8.191 4.767 10.849 
190323053414 0.856 14.345 38.090 10.484 8.191 4.783 10.781 
190323054914 0.887 14.319 38.084 10.496 8.191 5.663 10.828 
190323060414 0.851 14.298 38.081 10.503 8.193 6.073 10.842 
190323061914 0.875 14.282 38.081 10.507 8.193 6.119 10.849 
190323063414 0.870 14.281 38.083 10.507 8.192 6.384 10.781 
190323064914 0.874 14.279 38.088 10.508 8.193 6.346 10.817 
190323070414 0.891 14.277 38.088 10.507 8.193 5.762 10.836 
190323071914 0.859 14.275 38.088 10.507 8.193 5.618 10.845 
190323073414 0.869 14.269 38.086 10.507 8.193 5.025 10.779 
190323074914 0.878 14.274 38.086 10.506 8.193 4.881 10.826 
190323080414 0.887 14.276 38.086 10.504 8.193 4.729 10.840 
190323081914 0.866 14.278 38.083 10.505 8.193 3.264 10.847 
190323083414 0.888 14.281 38.085 10.504 8.194 2.718 10.780 
190323084914 0.885 14.298 38.087 10.501 8.194 1.890 10.827 
190323090414 0.884 14.315 38.086 10.497 8.194 2.596 10.841 
190323091914 0.890 14.339 38.082 10.487 8.194 1.966 10.848 
190323093414 0.885 14.346 38.079 10.487 8.194 1.974 10.781 
190323093708 0.881 14.353 38.080 10.487 8.194 2.019 10.614 
190323095208 0.879 14.354 38.078 10.487 8.193 1.458 10.770 
190323100708 0.895 14.362 38.074 10.488 8.193 1.321 10.807 
190323102208 0.886 14.388 38.083 10.482 8.193 1.359 10.827 
190323103708 0.883 14.399 38.076 10.483 8.194 0.767 10.790 
190323105208 0.899 14.418 38.079 10.485 8.194 1.336 10.821 
190323110708 0.880 14.706 38.107 10.403 8.193 1.723 10.838 
190323112208 0.884 14.427 38.082 10.494 8.195 2.118 10.846 
190323113708 0.888 14.455 38.086 10.499 8.195 2.194 10.792 
190323115208 0.875 14.421 38.083 10.507 8.196 1.328 10.829 
190323120708 0.880 14.599 38.128 10.445 8.195 1.116 10.843 
190323122208 0.876 14.529 38.079 10.499 8.195 1.442 10.849 
190323123708 0.889 14.519 38.032 10.530 8.197 1.716 10.793 
190323125208 0.894 14.548 38.073 10.530 8.197 1.921 10.827 
190323130708 0.877 14.571 38.096 10.517 8.196 1.776 10.843 
190323132208 0.883 14.569 38.090 10.521 8.197 1.898 10.850 
190323133708 0.870 14.535 38.098 10.544 8.198 1.609 10.780 
190323135208 0.877 14.502 38.100 10.557 8.197 1.207 10.825 
190323140708 0.865 14.525 38.082 10.561 8.198 1.435 10.840 
190323142208 0.873 14.603 38.091 10.541 8.197 1.541 10.846 
190323143708 0.883 14.652 38.092 10.534 8.196 1.473 10.795 
190323145208 0.879 14.740 38.103 10.511 8.196 1.822 10.832 
190323150708 0.869 14.794 38.109 10.496 8.195 2.361 10.845 
190323152208 0.848 14.880 38.109 10.471 8.193 1.328 10.851 
190323153708 0.874 14.812 38.106 10.498 8.193 1.556 10.797 
190323155208 0.886 14.725 38.101 10.529 8.194 3.689 10.833 
190323160708 0.868 14.763 38.116 10.512 8.194 4.441 10.845 
190323162208 0.870 14.762 38.103 10.521 8.195 5.663 10.851 
190323163708 0.875 14.724 38.108 10.532 8.195 5.223 10.782 
190323165208 0.874 14.770 38.104 10.514 8.195 5.458 10.826 
190323170708 0.877 14.838 38.122 10.493 8.193 5.656 10.842 
190323172208 0.866 14.777 38.111 10.512 8.194 5.435 10.849 
190323173708 0.881 14.758 38.107 10.529 8.195 6.483 10.799 
190323175208 0.874 14.724 38.114 10.533 8.195 5.952 10.833 
190323180708 0.871 14.708 38.092 10.544 8.195 6.103 10.845 
190323182208 0.891 14.839 38.123 10.499 8.192 5.716 10.851 
190323183708 0.861 14.861 38.109 10.496 8.191 5.853 10.799 
190323185208 0.888 14.788 38.114 10.510 8.192 5.785 10.834 
190323190708 0.875 14.780 38.117 10.510 8.192 6.103 10.846 
190323192208 0.869 14.728 38.108 10.525 8.192 6.718 10.847 
190323193708 0.895 14.715 38.104 10.527 8.192 6.377 10.781 
190323195208 0.875 14.737 38.105 10.519 8.192 6.582 10.825 
190323200708 0.875 14.666 38.100 10.536 8.194 5.155 10.841 
190323202208 0.879 14.644 38.091 10.546 8.194 5.337 10.848 
190323203708 0.896 14.672 38.098 10.526 8.193 6.362 10.793 
190323205208 0.886 14.724 38.079 10.511 8.193 6.111 10.831 
190323210708 0.898 14.748 38.102 10.501 8.192 6.658 10.840 
190323212208 0.881 14.741 38.080 10.505 8.193 5.944 10.848 
190323213708 0.878 14.715 38.069 10.510 8.193 6.506 10.793 
190323215208 0.878 14.697 38.051 10.515 8.195 5.845 10.831 
190323220708 0.887 14.658 38.060 10.520 8.195 6.195 10.842 
190323222208 0.896 14.634 38.063 10.534 8.195 6.255 10.849 
190323223708 0.900 14.607 38.074 10.540 8.195 6.225 10.779 
190323225208 0.901 14.583 38.071 10.542 8.195 5.610 10.819 
190323230708 0.893 14.575 38.072 10.544 8.195 6.536 10.838 
190323232208 0.896 14.554 38.080 10.550 8.195 6.210 10.846 
190323233708 0.885 14.556 38.070 10.550 8.195 5.428 10.796 
190323235208 0.894 14.530 38.077 10.561 8.195 6.012 10.830 
200323000708 0.893 14.523 38.071 10.561 8.197 6.255 10.842 
200323002208 0.893 14.515 38.076 10.557 8.196 6.756 10.844 
200323003708 0.885 14.504 38.075 10.557 8.196 6.058 10.794 
200323005208 0.892 14.481 38.060 10.561 8.197 5.618 10.827 
200323010708 0.882 14.465 38.052 10.566 8.198 6.407 10.841 
200323012208 0.888 14.484 38.065 10.557 8.196 6.779 10.847 
200323013708 0.885 14.487 38.021 10.554 8.196 6.255 10.777 
200323015208 0.891 14.477 37.979 10.551 8.197 6.278 10.821 
200323020708 0.880 14.498 38.037 10.542 8.196 6.756 10.837 
200323022208 0.879 14.513 38.052 10.535 8.196 7.030 10.844 
200323023708 0.879 14.505 38.053 10.533 8.197 6.566 10.793 
200323025208 0.877 14.508 38.087 10.529 8.196 6.210 10.828 
200323030708 0.867 14.476 38.039 10.535 8.197 7.295 10.840 
200323032208 0.868 14.476 38.036 10.531 8.197 7.068 10.846 
200323033708 0.897 14.458 38.030 10.533 8.197 6.043 10.795 
200323035208 0.900 14.448 38.048 10.535 8.197 6.718 10.829 
200323040708 0.843 14.465 38.111 10.529 8.197 6.134 10.842 
200323042208 0.854 14.481 38.115 10.525 8.196 5.936 10.847 
200323043708 0.881 14.474 38.116 10.523 8.196 7.151 10.794 
200323045208 0.837 14.463 38.116 10.524 8.196 5.990 10.829 
200323050708 0.843 14.456 38.115 10.521 8.196 6.544 10.837 
200323052208 0.850 14.440 38.114 10.523 8.195 5.564 10.846 
200323053708 0.866 14.435 38.116 10.523 8.195 5.238 10.777 
200323055208 0.859 14.429 38.116 10.528 8.195 5.610 10.821 
200323060708 0.823 14.427 38.113 10.528 8.195 5.701 10.837 
200323062208 0.840 14.422 38.110 10.527 8.196 5.701 10.844 
200323063708 0.877 14.413 38.112 10.529 8.196 6.111 10.793 
200323065208 0.877 14.405 38.045 10.528 8.196 5.382 10.824 
200323070708 0.880 14.418 38.088 10.521 8.197 6.240 10.835 
200323072208 0.869 14.422 38.102 10.519 8.197 5.375 10.844 
200323073708 0.866 14.427 38.104 10.519 8.196 5.876 10.793 
200323075208 0.880 14.431 38.111 10.515 8.197 6.210 10.828 
200323080708 0.866 14.393 37.970 10.522 8.197 8.024 10.836 
200323082208 0.854 14.415 38.049 10.517 8.198 5.526 10.844 
200323083708 0.889 14.440 38.102 10.503 8.198 5.466 10.776 
200323085208 0.872 14.412 38.049 10.513 8.198 5.397 10.816 
200323090708 0.866 14.378 38.046 10.522 8.198 4.858 10.835 
200323092208 0.883 14.390 38.058 10.517 8.198 5.086 10.842 
200323093708 0.894 14.370 38.051 10.521 8.198 4.684 10.792 
