SAMBAT Sea Ti  C/T/D/Odo/Fluo/pH GPS : 50195 
V:0,Pression (0/50),m
V:1,Température (-5/35),°C
V:2,Salinité (2/42),g/l
V:3,Oxygène (0/20),mgl
V:4,PH (0/14),pH
V:5,Fluorescence (0/50),µgl
V:6,Tension batterie,V
031022151448 0.921 22.488 38.290 7.888 8.306 0.063 10.775 
031022152947 0.930 22.478 38.294 7.884 8.306 0.095 10.873 
031022154447 0.929 22.535 38.292 7.877 8.306 0.081 10.893 
031022155947 0.877 22.565 38.291 7.871 8.305 0.099 10.864 
031022161447 0.926 22.572 38.296 7.867 8.306 0.096 10.896 
031022162947 0.839 22.564 38.298 7.863 8.306 0.127 10.906 
031022164447 0.862 22.557 38.294 7.858 8.307 0.074 10.910 
031022165947 0.875 22.548 38.296 7.848 8.308 0.118 10.878 
031022171447 0.901 22.524 38.293 7.848 8.309 0.174 10.897 
031022172947 0.860 22.522 38.298 7.822 8.309 0.181 10.905 
031022174447 0.917 22.513 38.286 7.798 8.310 0.188 10.909 
031022175947 0.859 22.512 38.285 7.792 8.310 0.214 10.878 
031022181447 0.867 22.508 38.292 7.788 8.312 0.280 10.901 
031022182947 0.909 22.491 38.293 7.793 8.313 0.254 10.909 
031022184447 0.867 22.490 38.282 7.789 8.313 0.255 10.909 
031022185947 0.904 22.477 38.280 7.785 8.313 0.281 10.868 
031022191447 0.880 22.471 38.280 7.786 8.313 0.226 10.898 
031022192947 0.929 22.460 38.284 7.785 8.314 0.217 10.907 
031022194447 0.886 22.441 38.284 7.768 8.314 0.227 10.907 
031022195947 0.907 22.420 38.277 7.774 8.314 0.236 10.877 
031022201447 0.958 22.411 38.285 7.761 8.315 0.274 10.897 
031022202947 0.892 22.393 38.284 7.760 8.316 0.256 10.903 
031022204447 0.944 22.366 38.285 7.773 8.317 0.205 10.907 
031022205947 0.902 22.360 38.293 7.784 8.318 0.225 10.877 
031022211447 0.946 22.369 38.291 7.773 8.318 0.274 10.901 
031022212947 0.899 22.384 38.292 7.774 8.319 0.232 10.908 
031022214447 0.907 22.374 38.292 7.783 8.319 0.247 10.907 
031022215947 0.915 22.366 38.293 7.788 8.319 0.217 10.867 
031022221447 0.896 22.365 38.294 7.787 8.318 0.212 10.897 
031022222947 0.928 22.355 38.302 7.787 8.316 0.268 10.907 
031022224447 0.913 22.335 38.302 7.781 8.316 0.256 10.908 
031022225947 0.940 22.329 38.298 7.777 8.315 0.255 10.876 
031022231447 0.896 22.321 38.304 7.766 8.318 0.238 10.900 
031022232947 0.913 22.316 38.301 7.748 8.319 0.248 10.908 
031022234447 0.912 22.302 38.314 7.714 8.320 0.212 10.906 
031022235947 0.890 22.305 38.313 7.703 8.319 0.217 10.877 
041022001447 0.877 22.298 38.311 7.691 8.320 0.227 10.900 
041022002947 0.902 22.291 38.313 7.678 8.321 0.266 10.906 
041022004447 0.925 22.291 38.306 7.673 8.321 0.274 10.910 
041022005947 0.909 22.287 38.263 7.675 8.320 0.486 10.877 
041022011447 0.921 22.273 38.300 7.687 8.322 0.249 10.900 
041022012947 0.922 22.270 38.306 7.693 8.322 0.223 10.907 
041022014447 0.931 22.248 38.299 7.725 8.324 0.270 10.906 
041022015947 0.926 22.260 38.297 7.744 8.324 0.254 10.876 
041022021447 0.905 22.251 38.288 7.783 8.324 0.399 10.896 
041022022947 0.924 22.250 38.283 7.787 8.325 0.255 10.906 
041022024447 0.895 22.251 38.289 7.804 8.324 0.235 10.906 
041022025947 0.941 22.253 38.299 7.807 8.325 0.265 10.866 
041022031447 0.906 22.251 38.243 7.822 8.325 0.290 10.892 
041022032947 0.897 22.262 38.297 7.819 8.322 0.228 10.905 
041022034447 0.903 22.276 38.294 7.813 8.326 0.294 10.909 
041022035947 0.909 22.280 38.296 7.820 8.326 0.195 10.873 
041022041447 0.932 22.268 38.303 7.837 8.325 0.234 10.894 
041022042947 0.853 22.294 38.291 7.829 8.324 0.208 10.906 
041022044447 0.896 22.305 38.295 7.806 8.324 0.226 10.905 
041022045947 0.930 22.287 38.301 7.803 8.322 0.241 10.876 
041022051447 0.907 22.305 38.296 7.786 8.323 0.210 10.898 
041022052947 0.900 22.285 38.291 7.763 8.323 0.247 10.907 
041022054447 0.900 22.284 38.285 7.722 8.322 0.214 10.906 
041022055947 0.953 22.284 38.298 7.724 8.324 0.202 10.876 
041022061447 0.906 22.265 38.300 7.703 8.321 0.208 10.895 
041022062947 0.929 22.256 38.313 7.702 8.320 0.231 10.906 
041022064447 0.922 22.250 38.317 7.718 8.323 0.297 10.906 
041022065947 0.918 22.242 38.315 7.718 8.322 0.224 10.866 
041022071447 0.903 22.223 38.313 7.727 8.315 0.283 10.892 
041022072947 0.909 22.228 38.323 7.715 8.322 0.302 10.905 
041022074447 0.933 22.211 38.319 7.715 8.321 0.183 10.909 
041022075947 0.931 22.211 38.305 7.722 8.324 0.194 10.875 
041022081447 0.910 22.195 38.307 7.720 8.324 0.205 10.899 
041022082947 0.912 22.202 38.318 7.715 8.318 0.227 10.907 
041022084447 0.906 22.183 38.315 7.715 8.322 0.167 10.910 
041022085947 0.932 22.197 38.323 7.711 8.320 0.140 10.877 
041022091447 0.926 22.205 38.321 7.703 8.321 0.171 10.895 
041022092947 0.924 22.213 38.333 7.707 8.318 0.092 10.906 
041022094447 0.943 22.218 38.331 7.715 8.320 0.071 10.905 
041022095947 0.936 22.227 38.328 7.724 8.315 0.133 10.875 
041022101447 0.951 22.241 38.331 7.732 8.314 0.104 10.899 
041022102947 0.925 22.255 38.328 7.765 8.317 0.108 10.903 
041022104447 0.944 22.266 38.329 7.771 8.317 0.090 10.909 
041022105947 0.943 22.279 38.331 7.787 8.315 0.205 10.867 
041022111447 0.928 22.296 38.338 7.794 8.317 0.165 10.897 
041022112947 0.954 22.294 38.338 7.836 8.312 0.259 10.902 
041022114447 0.940 22.311 38.340 7.846 8.318 0.241 10.909 
041022115947 0.971 22.374 38.347 7.837 8.315 0.065 10.877 
041022121447 0.932 22.365 38.339 7.864 8.314 1.212 10.896 
041022122947 0.946 22.409 38.331 7.883 8.309 1.129 10.905 
041022124447 0.928 22.445 38.331 7.881 8.310 0.496 10.910 
041022125947 0.943 22.464 38.325 7.877 8.313 2.528 10.875 
041022131447 0.955 22.521 38.325 7.905 8.311 10.064 10.896 
041022132947 0.921 22.510 38.340 7.917 8.312 0.487 10.907 
041022134447 0.930 22.511 38.340 7.938 8.313 1.822 10.907 
041022135947 0.954 22.522 38.345 7.938 8.314 8.751 10.877 
041022141447 0.921 22.488 38.347 7.971 8.313 2.325 10.899 
041022142947 0.939 22.480 38.344 7.978 8.312 1.921 10.908 
041022144447 0.929 22.526 38.348 7.975 8.312 5.623 10.909 
041022145947 0.941 22.568 38.350 7.968 8.310 0.085 10.868 
041022151447 0.963 22.542 38.340 7.977 8.310 0.071 10.894 
