SAMBAT Sea Ti  C/T/D/Odo/Fluo/pH GPS : 50195 
V:0,Pression (0/50),m
V:1,Température (-5/35),°C
V:2,Salinité (2/42),g/l
V:3,Oxygène (0/20),mgl
V:4,PH (0/14),pH
V:5,Fluorescence (0/50),µgl
V:6,Tension batterie,V
120123191939 0.997 15.665 36.926 9.432 8.341 0.642 10.720 
120123193438 0.984 15.682 36.925 9.428 8.342 0.477 10.808 
120123194938 1.027 15.667 36.989 9.428 8.342 0.363 10.833 
120123200438 1.035 15.684 37.000 9.429 8.342 0.337 10.799 
120123201938 1.060 15.660 36.922 9.432 8.342 0.344 10.831 
120123203438 0.958 15.659 36.949 9.435 8.342 0.277 10.843 
120123204938 1.026 15.661 36.951 9.431 8.342 0.327 10.849 
120123210438 0.980 15.667 36.904 9.429 8.343 0.365 10.816 
120123211938 1.006 15.653 36.906 9.432 8.343 0.418 10.838 
120123213438 1.031 15.667 36.930 9.424 8.343 0.313 10.848 
120123214938 1.002 15.660 36.919 9.425 8.343 0.391 10.852 
120123220438 1.041 15.642 36.945 9.428 8.343 0.310 10.802 
120123221938 0.967 15.652 36.895 9.424 8.344 0.331 10.833 
120123223438 1.007 15.654 36.898 9.421 8.344 0.398 10.845 
120123224938 1.047 15.634 36.883 9.424 8.344 0.415 10.851 
120123230438 0.968 15.613 36.916 9.429 8.344 0.361 10.817 
120123231938 1.011 15.640 36.864 9.413 8.344 0.384 10.839 
120123233438 1.022 15.657 36.931 9.409 8.344 0.309 10.848 
120123234938 1.063 15.641 36.879 9.410 8.345 0.433 10.852 
130123000438 0.980 15.627 36.930 9.416 8.345 0.390 10.817 
130123001938 1.013 15.649 36.945 9.407 8.345 0.344 10.840 
130123003438 1.014 15.640 36.872 9.404 8.345 0.354 10.848 
130123004938 0.998 15.644 36.832 9.403 8.345 0.371 10.852 
130123010438 1.016 15.653 36.881 9.397 8.345 0.451 10.817 
130123011938 1.004 15.642 36.839 9.398 8.346 0.429 10.839 
130123013438 1.032 15.642 36.882 9.399 8.346 0.499 10.848 
130123014938 0.989 15.656 36.836 9.399 8.346 0.357 10.852 
130123020438 0.995 15.646 36.884 9.403 8.346 0.323 10.803 
130123021938 0.986 15.654 36.895 9.403 8.346 0.310 10.834 
130123023438 1.000 15.650 36.847 9.402 8.347 0.545 10.846 
130123024938 0.955 15.630 36.784 9.409 8.347 0.346 10.851 
130123030438 1.005 15.656 36.849 9.407 8.347 0.441 10.816 
130123031938 1.021 15.649 36.817 9.408 8.347 0.371 10.839 
130123033438 1.005 15.659 36.847 9.406 8.347 0.344 10.848 
130123034938 0.985 15.644 36.808 9.410 8.348 0.413 10.852 
130123040438 0.974 15.643 36.780 9.413 8.348 0.324 10.816 
130123041938 0.978 15.649 36.840 9.412 8.348 0.414 10.839 
130123043438 0.913 15.642 36.837 9.414 8.348 0.380 10.848 
130123044938 0.938 15.646 36.808 9.414 8.348 0.312 10.852 
130123050438 0.958 15.652 36.791 9.413 8.347 0.417 10.816 
130123051938 1.000 15.645 36.798 9.414 8.349 0.421 10.839 
130123053438 0.935 15.653 36.801 9.410 8.349 0.341 10.848 
130123054938 0.931 15.654 36.848 9.407 8.348 0.329 10.852 
130123060438 0.944 15.635 37.323 9.416 8.349 0.341 10.803 
130123061938 1.010 15.642 36.776 9.416 8.349 0.342 10.833 
130123063438 0.997 15.642 36.786 9.415 8.349 0.385 10.846 
130123064938 0.983 15.628 36.718 9.420 8.349 0.325 10.851 
130123070438 0.917 15.647 36.785 9.411 8.349 0.304 10.817 
130123071938 0.954 15.639 36.830 9.414 8.349 0.335 10.839 
130123073438 0.959 15.639 36.789 9.413 8.350 0.358 10.848 
130123074938 0.983 15.620 36.809 9.424 8.350 0.330 10.852 
130123080438 0.982 15.624 36.744 9.425 8.350 0.329 10.803 
130123081938 0.958 15.621 36.757 9.426 8.350 0.416 10.833 
130123083438 0.990 15.635 36.778 9.415 8.350 0.393 10.845 
130123084938 0.856 15.636 36.891 9.414 8.350 0.396 10.851 
130123090438 0.898 15.631 36.705 9.420 8.350 0.431 10.816 
130123091938 0.922 15.633 36.752 9.415 8.350 0.352 10.839 
130123093438 0.986 15.622 36.754 9.419 8.350 0.282 10.848 
130123094938 0.987 15.642 36.744 9.408 8.350 0.322 10.852 
130123100438 1.002 15.621 36.807 9.418 8.350 0.249 10.817 
130123101938 0.937 15.644 36.781 9.407 8.349 0.217 10.840 
130123103438 0.959 15.638 36.750 9.405 8.349 0.197 10.848 
130123104938 1.035 15.639 36.712 9.402 8.349 0.199 10.852 
130123110438 0.957 15.643 36.843 9.399 8.349 0.145 10.802 
130123111938 0.940 15.643 36.775 9.398 8.349 0.164 10.833 
130123113438 0.999 15.641 36.804 9.395 8.349 0.179 10.845 
130123114938 0.989 15.644 36.755 9.393 8.349 0.141 10.851 
130123120438 0.986 15.648 36.730 9.395 8.348 0.111 10.817 
130123121938 1.051 15.653 36.746 9.393 8.347 0.100 10.840 
130123123438 1.065 15.653 36.809 9.396 8.347 0.123 10.848 
130123124938 0.977 15.660 36.789 9.397 8.346 0.070 10.852 
130123130438 1.007 15.662 36.753 9.400 8.346 0.129 10.816 
130123131938 1.024 15.666 36.767 9.409 8.346 0.090 10.840 
130123133438 0.920 15.666 36.858 9.415 8.346 0.122 10.848 
130123134938 0.892 15.664 36.814 9.413 8.345 0.121 10.852 
130123140438 0.875 15.664 36.795 9.418 8.345 0.062 10.803 
130123141938 1.008 15.666 36.776 9.420 8.344 0.103 10.834 
130123143438 0.971 15.662 36.800 9.423 8.344 0.201 10.846 
130123144938 0.914 15.655 36.761 9.431 8.344 0.267 10.851 
130123150438 0.822 15.656 36.731 9.431 8.344 0.279 10.816 
130123151938 0.988 15.649 36.740 9.436 8.344 0.295 10.838 
130123153438 1.028 15.650 36.830 9.434 8.343 0.329 10.848 
130123154938 0.942 15.649 36.744 9.430 8.343 0.191 10.851 
130123160438 0.871 15.645 36.728 9.426 8.343 0.217 10.803 
130123161938 1.040 15.648 36.799 9.428 8.343 0.203 10.834 
130123163438 0.925 15.644 36.763 9.430 8.343 0.217 10.845 
130123164938 0.960 15.639 36.715 9.434 8.343 0.275 10.851 
130123170438 0.995 15.641 36.689 9.432 8.343 0.284 10.817 
130123171938 0.885 15.632 36.720 9.434 8.342 0.384 10.839 
130123173438 0.811 15.633 36.704 9.430 8.343 0.326 10.848 
130123174938 0.957 15.631 36.775 9.427 8.342 0.364 10.852 
130123180438 0.936 15.622 36.775 9.428 8.342 0.375 10.816 
130123181938 0.917 15.629 36.726 9.426 8.342 0.373 10.839 
130123183438 0.943 15.625 36.904 9.431 8.342 0.369 10.848 
130123184938 1.048 15.614 36.796 9.435 8.342 0.471 10.852 
130123190438 1.022 15.618 36.790 9.430 8.342 0.370 10.802 
130123191938 1.014 15.619 36.811 9.426 8.342 0.339 10.833 
