SAMBAT Sea Ti  C/T/D/Odo/Fluo/pH GPS : 50195 
V:0,Pression (0/50),m
V:1,Température (-5/35),°C
V:2,Salinité (2/42),g/l
V:3,Oxygène (0/20),mgl
V:4,PH (0/14),pH
V:5,Fluorescence (0/50),µgl
V:6,Tension batterie,V
130922142615 0.821 26.680 38.464 7.370 8.267 0.135 10.816 
130922144114 0.821 26.689 38.444 7.375 8.267 0.138 10.920 
130922145614 0.853 26.735 38.455 7.375 8.267 0.127 10.906 
130922151114 0.853 26.729 38.466 7.377 8.267 0.117 10.938 
130922152614 0.843 26.753 38.449 7.376 8.265 0.150 10.945 
130922154114 0.863 26.770 38.467 7.372 8.267 0.132 10.947 
130922155614 0.843 26.769 38.469 7.375 8.266 0.166 10.904 
130922161114 0.829 26.783 38.460 7.376 8.266 0.162 10.938 
130922162614 0.826 26.718 38.458 7.392 8.267 0.183 10.946 
130922164114 0.815 26.691 38.463 7.394 8.269 0.185 10.948 
130922165614 0.817 26.703 38.471 7.386 8.269 0.189 10.893 
130922171114 0.828 26.781 38.455 7.373 8.267 0.170 10.937 
130922172614 0.841 26.855 38.462 7.365 8.269 0.225 10.945 
130922174114 0.831 26.826 38.462 7.371 8.271 0.264 10.948 
130922175614 0.836 26.898 38.469 7.363 8.270 0.232 10.912 
130922181114 0.829 26.881 38.470 7.375 8.272 0.259 10.941 
130922182614 0.822 26.757 38.468 7.395 8.273 0.258 10.946 
130922184114 0.834 26.735 38.457 7.404 8.275 0.231 10.949 
130922185614 0.831 26.692 38.458 7.414 8.274 0.273 10.912 
130922191114 0.842 26.654 38.456 7.431 8.276 0.254 10.940 
130922192614 0.813 26.610 38.453 7.447 8.277 0.314 10.946 
130922194114 0.811 26.523 38.452 7.468 8.279 0.261 10.948 
130922195614 0.822 26.511 38.451 7.473 8.279 0.238 10.892 
130922201114 0.833 26.484 38.441 7.476 8.280 0.236 10.936 
130922202614 0.824 26.514 38.441 7.467 8.277 0.219 10.945 
130922204114 0.829 26.514 38.449 7.465 8.279 0.260 10.947 
130922205614 0.846 26.512 38.445 7.462 8.279 0.208 10.910 
130922211114 0.823 26.506 38.449 7.456 8.281 0.163 10.939 
130922212614 0.832 26.504 38.456 7.455 8.281 0.199 10.945 
130922214114 0.827 26.460 38.454 7.459 8.282 0.204 10.947 
130922215614 0.828 26.459 38.464 7.457 8.283 0.252 10.911 
130922221114 0.830 26.465 38.462 7.448 8.283 0.246 10.939 
130922222614 0.823 26.454 38.461 7.442 8.283 0.184 10.946 
130922224114 0.820 26.438 38.461 7.442 8.284 0.191 10.947 
130922225614 0.835 26.430 38.462 7.441 8.283 0.197 10.892 
130922231114 0.824 26.426 38.469 7.442 8.284 0.193 10.935 
130922232614 0.831 26.415 38.469 7.445 8.284 0.162 10.944 
130922234114 0.835 26.408 38.469 7.443 8.284 0.199 10.946 
130922235614 0.828 26.413 38.470 7.439 8.285 0.224 10.911 
140922001114 0.830 26.408 38.468 7.435 8.282 0.168 10.939 
140922002614 0.829 26.399 38.480 7.427 8.284 0.214 10.945 
140922004114 0.839 26.404 38.486 7.425 8.282 0.238 10.947 
140922005614 0.828 26.401 38.491 7.418 8.283 0.153 10.910 
140922011114 0.836 26.413 38.493 7.412 8.280 0.179 10.939 
140922012614 0.832 26.419 38.491 7.400 8.281 0.242 10.945 
140922014114 0.840 26.416 38.486 7.390 8.281 0.205 10.947 
140922015614 0.828 26.430 38.495 7.373 8.279 0.227 10.910 
140922021114 0.812 26.432 38.497 7.362 8.279 0.230 10.939 
140922022614 0.816 26.435 38.498 7.351 8.280 0.197 10.945 
140922024114 0.822 26.438 38.512 7.342 8.280 0.303 10.947 
140922025614 0.814 26.432 38.535 7.334 8.280 0.188 10.888 
140922031114 0.814 26.427 38.500 7.326 8.279 0.254 10.934 
140922032614 0.812 26.426 38.498 7.321 8.280 0.195 10.944 
140922034114 0.814 26.416 38.499 7.318 8.281 0.192 10.946 
140922035614 0.813 26.416 38.501 7.315 8.282 0.179 10.910 
140922041114 0.810 26.402 38.493 7.317 8.283 0.192 10.939 
140922042614 0.809 26.382 38.497 7.321 8.284 0.141 10.945 
140922044114 0.807 26.383 38.498 7.329 8.283 0.190 10.947 
140922045614 0.812 26.383 38.491 7.333 8.285 0.164 10.909 
140922051114 0.806 26.385 38.491 7.339 8.284 0.207 10.939 
140922052614 0.801 26.385 38.490 7.347 8.286 0.143 10.945 
140922054114 0.795 26.383 38.491 7.355 8.284 0.179 10.947 
140922055614 0.807 26.372 38.489 7.361 8.286 0.187 10.903 
140922061114 0.810 26.372 38.480 7.369 8.286 0.163 10.937 
140922062614 0.801 26.366 38.477 7.378 8.287 0.177 10.944 
140922064114 0.792 26.352 38.479 7.386 8.288 0.165 10.946 
140922065614 0.802 26.351 38.478 7.396 8.287 0.183 10.891 
140922071114 0.822 26.344 38.472 7.402 8.287 0.181 10.935 
140922072614 0.808 26.343 38.462 7.406 8.288 0.253 10.944 
140922074114 0.803 26.343 38.476 7.410 8.287 0.183 10.946 
140922075614 0.792 26.335 38.479 7.415 8.287 0.172 10.910 
140922081114 0.791 26.326 38.476 7.420 8.286 0.156 10.938 
140922082614 0.799 26.327 38.475 7.420 8.286 0.128 10.945 
140922084114 0.810 26.316 38.471 7.421 8.286 0.150 10.946 
140922085614 0.807 26.318 38.468 7.424 8.286 0.162 10.909 
140922091114 0.792 26.310 38.480 7.422 8.286 0.138 10.938 
140922092614 0.800 26.308 38.470 7.418 8.285 0.180 10.945 
140922094114 0.814 26.315 38.485 7.414 8.285 0.162 10.946 
140922095614 0.742 26.307 38.488 7.414 8.284 0.182 10.906 
140922101114 0.810 26.304 38.492 7.410 8.284 0.133 10.938 
140922102614 0.885 26.302 38.492 7.405 8.283 0.142 10.944 
140922104114 0.845 26.298 38.497 7.404 8.282 0.223 10.946 
140922105614 0.889 26.296 38.498 7.400 8.281 0.145 10.888 
140922111114 0.880 26.304 38.500 7.397 8.279 0.146 10.933 
140922112614 0.874 26.315 38.494 7.388 8.279 0.098 10.943 
140922114114 0.861 26.327 38.499 7.384 8.279 0.102 10.945 
140922115614 0.817 26.349 38.493 7.382 8.279 0.090 10.907 
140922121114 0.870 26.391 38.489 7.374 8.278 0.078 10.938 
140922122614 0.816 26.421 38.501 7.373 8.276 0.102 10.944 
140922124114 0.820 26.424 38.479 7.378 8.275 0.085 10.946 
140922125614 0.821 26.435 38.478 7.381 8.275 0.103 10.892 
140922131114 0.805 26.529 38.483 7.369 8.274 0.105 10.934 
140922132614 0.825 26.506 38.489 7.379 8.274 0.086 10.944 
140922134114 0.841 26.589 38.488 7.367 8.273 0.109 10.947 
140922135614 0.808 26.619 38.484 7.368 8.272 0.112 10.911 
140922141114 0.790 26.680 38.489 7.363 8.273 0.116 10.940 
140922142614 0.791 26.746 38.494 7.351 8.270 0.159 10.946 
