SAMBAT Sea Ti  C/T/D/Odo/Fluo/pH GPS : 50195 
V:0,Pression (0/50),dba
V:1,Température (-5/35),°C
V:2,Salinité (2/42),g/l
V:3,Oxygène (0/20),mgl
V:4,PH (0/14),pH
V:5,Fluorescence (0/500),ppb
V:6,Tension batterie,V
130523115050 0.814 18.392 38.067 9.998 8.267 1.040 10.768 
130523120549 0.845 18.374 38.087 9.998 8.265 0.812 10.859 
130523122049 0.847 18.437 38.090 9.980 8.268 0.896 10.885 
130523123549 0.792 18.536 38.091 9.957 8.269 0.638 10.894 
130523125049 0.819 18.532 38.090 9.956 8.270 0.736 10.879 
130523130549 0.812 18.575 38.116 9.941 8.271 0.979 10.894 
130523132049 0.831 18.563 38.096 9.947 8.272 1.351 10.899 
130523133549 0.817 18.553 38.097 9.950 8.271 1.359 10.900 
130523135049 0.847 18.515 38.098 9.964 8.269 1.625 10.874 
130523140549 0.826 18.489 38.094 9.971 8.268 1.237 10.892 
130523142049 0.868 18.430 38.091 9.987 8.268 0.903 10.898 
130523143549 0.791 18.396 38.084 9.996 8.267 1.078 10.900 
130523145049 0.751 18.369 38.094 10.000 8.266 1.017 10.881 
130523150549 0.830 18.339 38.084 10.009 8.265 1.283 10.895 
130523152049 0.856 18.344 38.089 10.000 8.264 1.025 10.899 
130523153549 0.864 18.338 38.086 10.004 8.265 1.283 10.901 
130523155049 0.777 18.359 38.078 9.992 8.265 1.442 10.880 
130523160549 0.880 18.336 38.091 9.993 8.265 1.860 10.894 
130523162049 0.868 18.325 38.095 9.998 8.265 1.769 10.899 
130523163549 0.840 18.339 38.076 9.997 8.265 1.230 10.900 
130523165049 0.859 18.313 38.081 10.001 8.265 1.245 10.880 
130523170549 0.857 18.298 38.079 10.000 8.265 0.660 10.894 
130523172049 0.851 18.305 38.094 9.995 8.265 0.979 10.898 
130523173549 0.870 18.286 38.086 9.999 8.265 0.934 10.900 
130523175049 0.916 18.239 38.086 10.004 8.266 1.632 10.872 
130523180549 0.839 18.235 38.088 10.002 8.267 1.503 10.891 
130523182049 0.875 18.215 38.080 10.012 8.267 1.116 10.896 
130523183549 0.784 18.206 38.075 10.011 8.267 1.625 10.899 
130523185049 0.825 18.188 38.092 10.011 8.268 1.632 10.879 
130523190549 0.811 18.174 38.074 10.010 8.268 1.678 10.892 
130523192049 0.848 18.151 38.078 10.011 8.268 1.746 10.897 
130523193549 0.832 18.127 38.068 10.013 8.269 2.019 10.899 
130523195049 0.854 18.115 38.073 10.012 8.269 1.981 10.871 
130523200549 0.848 18.105 38.066 10.012 8.270 1.738 10.889 
130523202049 0.822 18.078 38.074 10.014 8.270 1.883 10.895 
130523203549 0.863 18.041 38.083 10.014 8.271 1.852 10.897 
130523205049 0.849 18.014 38.072 10.017 8.268 2.277 10.878 
130523210549 0.865 17.995 38.073 10.019 8.269 1.731 10.891 
130523212049 0.831 18.000 38.072 10.008 8.269 1.678 10.896 
130523213549 0.839 18.018 38.077 10.002 8.269 2.346 10.897 
130523215049 0.818 18.011 38.074 9.996 8.269 1.738 10.877 
130523220549 0.843 17.999 38.080 9.994 8.270 2.520 10.891 
130523222049 0.831 18.008 38.070 9.987 8.270 1.981 10.896 
130523223549 0.828 17.998 38.083 9.981 8.269 1.845 10.897 
130523225049 0.834 17.996 38.077 9.979 8.270 1.867 10.869 
130523230549 0.822 18.001 38.073 9.970 8.270 1.822 10.888 
130523232049 0.850 18.006 38.064 9.967 8.270 2.004 10.894 
130523233549 0.836 18.003 38.068 9.962 8.270 1.716 10.896 
130523235049 0.856 18.005 38.060 9.962 8.270 1.700 10.876 
140523000549 0.862 18.004 38.060 9.956 8.270 1.640 10.890 
140523002049 0.790 18.017 38.068 9.947 8.270 1.905 10.895 
140523003549 0.837 18.022 38.075 9.942 8.270 1.541 10.896 
140523005049 0.823 18.023 38.062 9.938 8.271 1.655 10.877 
140523010549 0.833 18.018 38.066 9.944 8.271 1.579 10.891 
140523012049 0.814 18.046 38.059 9.933 8.272 1.609 10.895 
140523013549 0.813 18.043 38.071 9.932 8.272 1.640 10.897 
140523015049 0.812 18.022 38.062 9.935 8.272 1.708 10.869 
140523020549 0.830 18.031 38.057 9.935 8.272 1.822 10.888 
140523022049 0.818 18.034 38.057 9.933 8.272 1.473 10.893 
140523023549 0.791 18.028 38.079 9.932 8.272 1.685 10.896 
140523025049 0.815 18.026 38.050 9.932 8.272 1.511 10.876 
140523030549 0.818 18.020 38.066 9.933 8.272 1.275 10.890 
140523032049 0.815 18.016 38.059 9.939 8.272 1.412 10.894 
140523033549 0.837 18.013 38.067 9.943 8.272 1.404 10.896 
140523035049 0.803 18.008 38.059 9.946 8.272 1.959 10.877 
140523040549 0.843 18.010 38.071 9.945 8.272 1.344 10.890 
140523042049 0.825 18.004 38.058 9.947 8.272 1.549 10.895 
140523043549 0.775 18.004 38.068 9.948 8.272 1.769 10.896 
140523045049 0.817 18.003 38.062 9.947 8.272 1.845 10.868 
140523050549 0.794 17.993 38.065 9.950 8.273 1.291 10.887 
140523052049 0.826 18.000 38.063 9.948 8.272 2.072 10.893 
140523053549 0.783 17.984 38.074 9.952 8.272 1.366 10.895 
140523055049 0.829 17.982 38.068 9.953 8.272 1.556 10.877 
140523060549 0.797 17.974 38.067 9.953 8.273 1.587 10.890 
140523062049 0.821 17.977 38.060 9.952 8.272 1.533 10.894 
140523063549 0.815 17.978 38.067 9.950 8.272 1.328 10.896 
140523065049 0.805 17.970 38.061 9.953 8.272 1.830 10.875 
140523070549 0.847 17.973 38.062 9.951 8.272 1.503 10.889 
140523072049 0.806 17.980 38.068 9.947 8.270 0.979 10.894 
140523073549 0.830 17.992 38.064 9.942 8.270 1.032 10.896 
140523075049 0.837 18.004 38.070 9.936 8.269 0.501 10.868 
140523080549 0.817 18.011 38.074 9.935 8.270 0.820 10.887 
140523082049 0.815 18.016 38.066 9.931 8.270 0.941 10.893 
140523083549 0.826 18.018 38.030 9.929 8.270 0.850 10.895 
140523085049 0.809 18.031 38.041 9.923 8.268 0.243 10.876 
140523090549 0.826 18.053 38.032 9.921 8.268 0.767 10.890 
140523092049 0.831 18.095 38.041 9.911 8.267 0.319 10.894 
140523093549 0.829 18.118 38.032 9.912 8.266 0.493 10.896 
140523095049 0.804 18.207 38.017 9.886 8.267 0.843 10.877 
140523100549 0.807 18.162 38.021 9.896 8.266 0.683 10.891 
140523102049 0.806 18.154 38.024 9.899 8.266 0.668 10.895 
140523103549 0.814 18.215 38.024 9.888 8.265 0.752 10.897 
140523105049 0.830 18.221 38.027 9.887 8.265 0.752 10.869 
140523110549 0.781 18.253 38.023 9.880 8.266 0.706 10.888 
140523112049 0.789 18.220 38.022 9.894 8.265 0.531 10.894 
140523113549 0.794 18.173 38.010 9.905 8.262 0.524 10.896 
140523115049 0.852 18.098 38.005 9.928 8.263 0.600 10.877 
