SAMBAT Sea Ti  C/T/D/Odo/Fluo/pH GPS : 50195 
V:0,Pression (0/50),dba
V:1,Température (-5/35),°C
V:2,Salinité (2/42),g/l
V:3,Oxygène (0/20),mgl
V:4,PH (0/14),pH
V:5,Fluorescence (0/500),ppb
V:6,Tension batterie,V
090623125611 0.782 22.616 38.211 8.927 8.252 0.516 10.805 
090623131110 0.778 22.534 38.227 8.940 8.252 0.736 10.903 
090623132610 0.770 22.431 38.201 8.966 8.253 0.509 10.924 
090623134110 0.792 22.345 38.197 8.986 8.254 1.010 10.878 
090623135610 0.745 22.400 38.198 8.974 8.253 0.911 10.921 
090623141110 0.759 22.435 38.199 8.967 8.253 1.275 10.929 
090623142610 0.807 22.381 38.183 8.978 8.253 0.797 10.931 
090623144110 0.787 22.436 38.191 8.968 8.253 0.622 10.859 
090623145610 0.797 22.488 38.197 8.953 8.253 0.850 10.918 
090623151110 0.790 22.525 38.184 8.948 8.253 0.820 10.928 
090623152610 0.788 22.598 38.194 8.927 8.252 0.759 10.931 
090623154110 0.785 22.582 38.196 8.927 8.252 0.979 10.882 
090623155610 0.798 22.338 38.153 8.994 8.252 0.812 10.924 
090623161110 0.773 22.597 38.198 8.927 8.254 0.979 10.931 
090623162610 0.786 22.553 38.205 8.935 8.253 1.215 10.932 
090623164110 0.784 22.439 38.188 8.968 8.253 0.873 10.881 
090623165610 0.781 22.466 38.188 8.951 8.253 1.101 10.924 
090623171110 0.786 22.436 38.158 8.978 8.254 1.093 10.931 
090623172610 0.773 22.597 38.192 8.941 8.254 1.131 10.932 
090623174110 0.781 22.566 38.194 8.940 8.253 0.979 10.863 
090623175610 0.785 22.601 38.189 8.926 8.252 1.776 10.921 
090623181110 0.799 22.595 38.200 8.919 8.253 1.404 10.930 
090623182610 0.788 22.558 38.186 8.935 8.254 1.412 10.932 
090623184110 0.794 22.359 38.230 8.970 8.254 1.374 10.883 
090623185610 0.764 22.490 38.221 8.945 8.255 1.161 10.925 
090623191110 0.785 22.571 38.199 8.927 8.255 1.359 10.931 
090623192610 0.765 22.546 38.136 8.942 8.255 1.366 10.932 
090623194110 0.764 22.417 38.241 8.953 8.255 1.070 10.881 
090623195610 0.792 22.590 38.200 8.936 8.255 1.784 10.924 
090623201110 0.783 22.593 38.201 8.926 8.255 1.199 10.931 
090623202610 0.777 22.648 38.204 8.915 8.255 1.670 10.932 
090623204110 0.787 22.661 38.199 8.912 8.254 1.404 10.878 
090623205610 0.802 22.550 38.195 8.943 8.253 1.351 10.924 
090623211110 0.805 22.392 38.181 8.976 8.255 1.609 10.930 
090623212610 0.800 22.347 38.180 8.986 8.255 1.708 10.932 
090623214110 0.798 22.620 38.192 8.920 8.256 1.002 10.860 
090623215610 0.807 22.474 38.204 8.955 8.253 1.275 10.919 
090623221110 0.806 22.283 38.167 9.004 8.255 1.336 10.929 
090623222610 0.801 22.551 38.198 8.935 8.257 1.336 10.931 
090623224110 0.793 22.359 38.166 8.981 8.256 1.488 10.881 
090623225610 0.800 22.337 38.180 8.984 8.256 1.177 10.923 
090623231110 0.805 22.346 38.187 8.977 8.257 1.374 10.930 
090623232610 0.803 22.449 38.194 8.955 8.258 1.594 10.931 
090623234110 0.824 22.458 38.193 8.951 8.258 1.177 10.881 
090623235610 0.787 22.501 38.198 8.941 8.258 1.503 10.923 
100623001110 0.785 22.493 38.196 8.942 8.257 1.359 10.929 
100623002610 0.798 22.529 38.195 8.938 8.257 1.237 10.931 
100623004110 0.777 22.547 38.194 8.933 8.257 1.579 10.878 
100623005610 0.789 22.563 38.198 8.929 8.258 1.526 10.923 
100623011110 0.794 22.568 38.201 8.926 8.257 1.207 10.930 
100623012610 0.776 22.627 38.202 8.910 8.257 1.328 10.931 
100623014110 0.799 22.624 38.203 8.909 8.257 1.154 10.860 
100623015610 0.800 22.611 38.204 8.908 8.257 1.321 10.919 
100623021110 0.795 22.595 38.201 8.912 8.257 1.086 10.929 
100623022610 0.784 22.569 38.195 8.919 8.256 1.344 10.931 
100623024110 0.785 22.557 38.195 8.921 8.256 1.101 10.880 
100623025610 0.788 22.533 38.193 8.928 8.256 1.048 10.923 
100623031110 0.785 22.505 38.192 8.932 8.256 1.161 10.930 
100623032610 0.794 22.479 38.191 8.935 8.256 1.101 10.931 
100623034110 0.788 22.463 38.192 8.939 8.255 1.101 10.880 
100623035610 0.789 22.439 38.190 8.945 8.256 1.184 10.923 
100623041110 0.789 22.430 38.191 8.944 8.256 1.420 10.929 
100623042610 0.769 22.416 38.190 8.947 8.255 1.025 10.931 
100623044110 0.806 22.403 38.190 8.949 8.255 1.063 10.879 
100623045610 0.786 22.391 38.190 8.950 8.256 1.245 10.922 
100623051110 0.778 22.394 38.189 8.949 8.256 1.025 10.929 
100623052610 0.798 22.395 38.189 8.947 8.256 1.192 10.930 
100623054110 0.786 22.390 38.190 8.946 8.255 1.268 10.858 
100623055610 0.790 22.385 38.189 8.945 8.255 1.146 10.918 
100623061110 0.796 22.387 38.192 8.945 8.255 1.131 10.927 
100623062610 0.788 22.385 38.193 8.944 8.255 1.032 10.930 
100623064110 0.794 22.391 38.193 8.942 8.255 0.903 10.879 
100623065610 0.807 22.395 38.192 8.941 8.255 1.017 10.922 
100623071110 0.787 22.404 38.193 8.938 8.255 1.010 10.929 
100623072610 0.786 22.431 38.193 8.931 8.255 0.425 10.930 
100623074110 0.781 22.453 38.194 8.926 8.254 0.698 10.879 
100623075610 0.757 22.488 38.203 8.917 8.253 0.919 10.922 
100623081110 0.765 22.510 38.202 8.913 8.253 0.463 10.929 
100623082610 0.788 22.527 38.193 8.912 8.253 0.493 10.931 
100623084110 0.779 22.545 38.193 8.907 8.252 0.592 10.859 
100623085610 0.780 22.567 38.206 8.900 8.252 0.433 10.918 
100623091110 0.780 22.601 38.199 8.893 8.251 0.660 10.928 
100623092610 0.782 22.649 38.208 8.880 8.251 0.418 10.931 
100623094110 0.774 22.917 38.180 8.825 8.249 0.433 10.881 
100623095610 0.795 22.923 38.200 8.805 8.249 0.736 10.923 
100623101110 0.800 22.961 38.203 8.797 8.248 0.524 10.930 
100623102610 0.766 22.976 38.203 8.783 8.247 0.213 10.932 
100623104110 0.782 23.022 38.211 8.769 8.246 0.380 10.881 
100623105610 0.779 23.109 38.213 8.747 8.245 0.729 10.924 
100623111110 0.786 23.177 38.219 8.723 8.244 0.433 10.931 
100623112610 0.797 23.064 38.201 8.753 8.244 0.524 10.933 
100623114110 0.774 23.168 38.216 8.720 8.244 0.471 10.862 
100623115610 0.810 23.227 38.225 8.697 8.243 0.402 10.922 
100623121110 0.791 23.368 38.201 8.668 8.242 0.767 10.931 
100623122610 0.776 23.345 38.212 8.662 8.242 0.440 10.933 
100623124110 0.785 23.377 38.199 8.655 8.242 0.744 10.884 
100623125610 0.778 23.356 38.208 8.650 8.241 0.402 10.927 
