SAMBAT Sea Ti  C/T/D/Odo/Fluo/pH GPS : 50195 
V:0,Pression (0/50),dba
V:1,Température (-5/35),°C
V:2,Salinité (2/42),g/l
V:3,Oxygène (0/20),mgl
V:4,PH (0/14),pH
V:5,Fluorescence (0/500),ppb
V:6,Tension batterie,V
120423103608 0.750 15.311 38.192 11.085 8.303 0.524 10.636 
120423105107 0.719 15.259 38.190 11.124 8.299 0.668 10.802 
120423110607 0.884 15.228 38.189 11.145 8.289 0.357 10.834 
120423112107 0.677 15.337 38.195 11.126 8.292 0.668 10.848 
120423113607 0.701 15.273 38.189 11.159 8.276 0.486 10.770 
120423115107 0.874 15.267 38.199 11.161 8.267 0.759 10.836 
120423120607 0.800 15.270 38.203 11.156 8.258 0.372 10.851 
120423122107 0.847 15.256 38.207 11.149 8.255 0.767 10.857 
120423123607 0.759 15.287 38.195 11.135 8.259 0.767 10.676 
120423125107 0.752 15.280 38.204 11.132 8.254 0.797 10.829 
120423130607 0.668 15.336 38.201 11.090 8.256 0.235 10.848 
120423132107 0.832 15.385 38.204 11.063 8.263 0.562 10.856 
120423133607 0.636 15.359 38.196 11.055 8.264 0.752 10.775 
120423135107 0.727 15.336 38.201 11.035 8.262 0.622 10.839 
120423140607 0.772 15.330 38.196 11.017 8.261 0.896 10.853 
120423142107 0.762 15.286 38.197 11.022 8.262 0.888 10.858 
120423143607 0.729 15.309 38.167 11.007 8.265 0.000 10.770 
120423145107 0.708 15.330 38.191 10.996 8.267 0.888 10.838 
120423150607 0.691 15.331 38.188 10.986 8.267 0.706 10.853 
120423152107 0.732 15.323 38.196 10.980 8.265 0.418 10.858 
120423153607 0.861 15.291 38.196 10.980 8.269 0.850 10.671 
120423155107 0.807 15.294 38.195 10.973 8.265 0.706 10.830 
120423160607 0.787 15.313 38.198 10.951 8.265 1.313 10.849 
120423162107 0.781 15.299 38.194 10.947 8.266 1.746 10.856 
120423163607 0.682 15.307 38.195 10.933 8.268 0.759 10.773 
120423165107 0.674 15.312 38.194 10.918 8.275 1.503 10.838 
120423170607 0.727 15.325 38.195 10.912 8.279 1.526 10.852 
120423172107 0.734 15.371 38.196 10.901 8.280 1.905 10.858 
120423173607 0.628 15.391 38.188 10.895 8.285 1.549 10.773 
120423175107 0.805 15.468 38.191 10.873 8.288 2.498 10.839 
120423180607 0.716 15.437 38.183 10.897 8.297 2.437 10.853 
120423182107 0.812 15.376 38.177 10.940 8.297 2.171 10.859 
120423183607 0.652 15.360 38.171 10.967 8.301 2.672 10.679 
120423185107 0.750 15.345 38.180 10.992 8.295 2.391 10.831 
120423190607 0.714 15.359 38.177 11.013 8.298 2.232 10.849 
120423192107 0.706 15.349 38.176 11.037 8.299 2.194 10.857 
120423193607 0.750 15.341 38.186 11.057 8.296 2.065 10.773 
120423195107 0.794 15.374 38.178 11.063 8.298 2.277 10.839 
120423200607 0.731 15.380 38.172 11.080 8.298 1.905 10.852 
120423202107 0.729 15.373 38.182 11.099 8.298 2.186 10.858 
120423203607 0.743 15.355 38.175 11.122 8.297 2.179 10.775 
120423205107 0.728 15.346 38.186 11.136 8.294 3.037 10.839 
120423210607 0.746 15.321 38.180 11.159 8.295 1.997 10.853 
120423212107 0.744 15.288 38.176 11.187 8.289 2.004 10.858 
120423213607 0.675 15.290 38.185 11.193 8.294 1.921 10.678 
120423215107 0.749 15.298 38.185 11.200 8.291 2.171 10.830 
120423220607 0.654 15.297 38.185 11.208 8.292 2.019 10.848 
120423222107 0.773 15.293 38.181 11.219 8.295 2.042 10.856 
120423223607 0.748 15.307 38.181 11.223 8.296 2.452 10.773 
120423225107 0.689 15.308 38.188 11.234 8.300 2.854 10.838 
120423230607 0.793 15.294 38.180 11.256 8.298 1.951 10.852 
120423232107 0.759 15.295 38.185 11.263 8.304 2.247 10.857 
120423233607 0.761 15.312 38.190 11.263 8.307 1.503 10.774 
120423235107 0.700 15.300 38.183 11.279 8.308 1.442 10.839 
130423000607 0.753 15.308 38.177 11.287 8.308 1.890 10.852 
130423002107 0.777 15.262 38.180 11.304 8.304 1.959 10.857 
130423003607 0.741 15.220 38.171 11.305 8.308 2.194 10.772 
130423005107 0.732 15.207 38.114 11.309 8.305 2.255 10.838 
130423010607 0.721 15.183 38.093 11.321 8.307 1.799 10.851 
130423012107 0.693 15.072 38.112 11.346 8.295 2.224 10.857 
130423013607 0.718 15.045 38.146 11.343 8.294 2.186 10.674 
130423015107 0.686 15.043 38.145 11.340 8.297 2.308 10.828 
130423020607 0.728 15.051 38.140 11.336 8.298 2.080 10.846 
130423022107 0.794 15.035 38.126 11.336 8.298 2.072 10.853 
130423023607 0.756 14.996 38.126 11.334 8.291 2.513 10.772 
130423025107 0.693 15.115 38.160 11.281 8.279 2.490 10.836 
130423030607 0.735 15.121 38.161 11.265 8.280 2.361 10.849 
130423032107 0.713 15.120 38.161 11.251 8.281 2.323 10.855 
130423033607 0.721 15.136 38.160 11.239 8.281 2.391 10.771 
130423035107 0.754 15.145 38.159 11.229 8.281 2.171 10.836 
130423040607 0.701 15.144 38.148 11.218 8.282 2.437 10.850 
130423042107 0.724 15.145 38.161 11.209 8.281 2.255 10.855 
130423043607 0.689 15.152 38.169 11.196 8.280 2.293 10.771 
130423045107 0.733 15.149 38.165 11.184 8.282 2.300 10.836 
130423050607 0.719 15.140 38.168 11.174 8.284 2.566 10.850 
130423052107 0.712 15.141 38.164 11.161 8.283 2.498 10.855 
130423053607 0.546 15.111 38.143 11.148 8.283 2.498 10.673 
130423055107 0.556 15.089 38.153 11.132 8.276 2.361 10.827 
130423060607 0.795 15.082 38.161 11.124 8.274 2.816 10.846 
130423062107 0.626 15.092 38.157 11.097 8.278 2.460 10.853 
130423063607 0.679 15.086 38.154 11.084 8.277 2.179 10.771 
130423065107 0.710 15.081 38.154 11.073 8.275 2.042 10.836 
130423070607 0.605 15.071 38.160 11.063 8.275 2.414 10.849 
130423072107 0.565 15.061 38.159 11.049 8.273 2.133 10.855 
130423073607 0.631 15.054 38.155 11.037 8.272 1.867 10.772 
130423075107 0.749 15.052 38.163 11.027 8.269 1.359 10.836 
130423080607 0.720 15.059 38.160 11.009 8.268 1.017 10.849 
130423082107 0.645 15.061 38.164 10.993 8.268 0.736 10.855 
130423083607 0.733 15.051 38.164 10.982 8.266 0.531 10.767 
130423085107 0.765 15.050 38.160 10.974 8.265 0.175 10.835 
130423090607 0.714 15.045 38.168 10.968 8.263 0.994 10.849 
130423092107 0.536 15.047 38.164 10.962 8.262 0.000 10.855 
130423093607 0.751 15.047 38.166 10.951 8.264 0.251 10.674 
130423095107 0.331 15.048 38.160 10.941 8.260 0.342 10.826 
130423100607 0.744 15.047 38.169 10.933 8.259 0.630 10.845 
130423102107 0.760 15.047 38.162 10.926 8.258 0.448 10.853 
130423103607 0.620 15.041 38.173 10.923 8.258 0.767 10.772 
