SAMBAT Sea Ti  C/T/D/Odo/Fluo/pH GPS : 50195 
V:0,Pression (0/50),dba
V:1,Température (-5/35),°C
V:2,Salinité (2/42),g/l
V:3,Oxygène (0/20),mgl
V:4,PH (0/14),pH
V:5,Fluorescence (0/500),ppb
V:6,Tension batterie,V
270323095643 0.806 14.809 38.146 10.708 8.228 0.949 10.718 
270323101142 0.538 14.816 38.143 10.707 8.227 1.268 10.797 
270323102642 0.809 14.824 38.148 10.702 8.226 1.086 10.825 
270323104142 0.621 14.813 38.146 10.709 8.225 0.736 10.797 
270323105642 0.800 14.820 38.144 10.707 8.225 1.594 10.826 
270323111142 0.684 14.830 38.147 10.704 8.225 1.564 10.838 
270323112642 0.788 14.847 38.150 10.698 8.224 0.812 10.844 
270323114142 0.883 14.854 38.150 10.696 8.223 1.207 10.810 
270323115642 0.766 14.900 38.144 10.678 8.224 4.380 10.834 
270323121142 0.757 14.907 38.146 10.675 8.224 0.903 10.843 
270323122642 0.765 14.929 38.142 10.675 8.224 0.767 10.848 
270323124142 0.769 14.943 38.148 10.674 8.224 0.964 10.812 
270323125642 0.688 14.946 38.153 10.676 8.223 1.131 10.836 
270323131142 0.634 14.981 38.146 10.663 8.224 0.547 10.845 
270323132642 0.856 14.981 38.135 10.665 8.228 0.820 10.849 
270323134142 0.779 14.981 38.127 10.673 8.229 0.615 10.805 
270323135642 0.831 14.987 38.130 10.670 8.229 1.070 10.833 
270323141142 0.760 15.009 38.127 10.671 8.231 0.493 10.844 
270323142642 0.797 15.036 38.129 10.671 8.233 0.455 10.849 
270323144142 0.726 15.023 38.128 10.681 8.234 0.789 10.813 
270323145642 0.721 15.025 38.127 10.688 8.236 0.721 10.837 
270323151142 0.608 15.017 38.130 10.695 8.237 0.676 10.846 
270323152642 0.738 15.008 38.129 10.702 8.236 0.949 10.850 
270323154142 0.783 14.997 38.131 10.715 8.236 0.721 10.812 
270323155642 0.812 14.985 38.128 10.726 8.236 1.161 10.837 
270323161142 0.823 14.980 38.128 10.740 8.237 1.108 10.846 
270323162642 0.807 14.968 38.129 10.757 8.237 1.048 10.850 
270323164142 0.806 14.956 38.128 10.773 8.237 1.351 10.805 
270323165642 0.894 14.939 38.131 10.783 8.237 8.244 10.833 
270323171142 0.750 14.928 38.132 10.795 8.238 1.366 10.844 
270323172642 0.717 14.920 38.131 10.807 8.238 1.905 10.849 
270323174142 0.779 14.905 38.134 10.818 8.239 2.103 10.804 
270323175642 0.763 14.895 38.132 10.829 8.239 2.444 10.832 
270323181142 0.747 14.893 38.132 10.837 8.240 2.164 10.844 
270323182642 0.762 14.883 38.130 10.848 8.240 2.391 10.848 
270323184142 0.757 14.880 38.133 10.854 8.241 2.262 10.812 
270323185642 0.814 14.855 38.124 10.877 8.241 3.378 10.836 
270323191142 0.809 14.842 38.136 10.886 8.240 2.209 10.845 
270323192642 0.776 14.835 38.131 10.896 8.241 2.444 10.849 
270323194142 0.737 14.827 38.130 10.905 8.239 2.391 10.804 
270323195642 0.745 14.826 38.134 10.908 8.240 2.406 10.832 
270323201142 0.814 14.814 38.135 10.918 8.239 2.695 10.843 
270323202642 0.727 14.811 38.129 10.923 8.239 2.619 10.848 
270323204142 0.878 14.815 38.137 10.921 8.238 2.391 10.811 
270323205642 0.739 14.804 38.136 10.925 8.238 2.566 10.835 
270323211142 0.737 14.792 38.137 10.925 8.238 2.604 10.844 
270323212642 0.814 14.788 38.139 10.926 8.237 2.923 10.848 
270323214142 0.767 14.775 38.138 10.925 8.236 2.703 10.812 
270323215642 0.814 14.763 38.139 10.922 8.236 2.384 10.835 
270323221142 0.858 14.765 38.141 10.914 8.235 3.302 10.844 
270323222642 0.907 14.748 38.139 10.919 8.234 2.854 10.848 
270323224142 0.608 14.748 38.142 10.910 8.234 3.150 10.803 
270323225642 0.487 14.730 38.144 10.907 8.232 3.477 10.831 
270323231142 0.700 14.727 38.146 10.899 8.232 3.439 10.842 
270323232642 0.849 14.721 38.142 10.892 8.231 3.788 10.847 
270323234142 0.719 14.715 38.145 10.884 8.231 3.576 10.810 
270323235642 0.770 14.692 38.144 10.877 8.231 3.796 10.834 
280323001142 0.794 14.704 38.145 10.866 8.231 3.598 10.844 
280323002642 0.609 14.690 38.146 10.857 8.230 3.393 10.848 
280323004142 0.826 14.698 38.145 10.846 8.231 4.312 10.810 
280323005642 0.593 14.688 38.149 10.835 8.230 3.735 10.834 
280323011142 0.781 14.667 38.146 10.829 8.231 4.069 10.843 
280323012642 0.863 14.676 38.146 10.814 8.231 3.545 10.847 
280323014142 0.803 14.683 38.145 10.799 8.231 3.826 10.802 
280323015642 0.836 14.667 38.146 10.790 8.231 3.378 10.830 
280323021142 0.797 14.657 38.145 10.780 8.231 4.919 10.841 
280323022642 0.950 14.666 38.148 10.766 8.231 3.674 10.846 
280323024142 0.908 14.655 38.147 10.758 8.232 3.446 10.810 
280323025642 0.841 14.657 38.144 10.749 8.232 3.522 10.833 
280323031142 0.911 14.619 38.146 10.755 8.233 4.441 10.843 
280323032642 0.826 14.650 38.146 10.733 8.233 3.697 10.847 
280323034142 0.822 14.657 38.143 10.719 8.233 3.803 10.810 
280323035642 0.970 14.624 38.148 10.727 8.234 3.515 10.833 
280323041142 0.788 14.648 38.147 10.710 8.234 4.304 10.842 
280323042642 0.867 14.614 38.149 10.713 8.234 3.917 10.847 
280323044142 0.828 14.616 38.148 10.705 8.236 3.758 10.802 
280323045642 0.849 14.643 38.147 10.692 8.236 3.363 10.830 
280323051142 0.725 14.665 38.143 10.675 8.236 3.932 10.840 
280323052642 0.919 14.655 38.145 10.679 8.236 3.173 10.846 
280323054142 0.946 14.663 38.150 10.669 8.236 3.492 10.801 
280323055642 0.936 14.612 38.151 10.684 8.236 3.355 10.829 
280323061142 0.875 14.660 38.148 10.664 8.237 4.456 10.840 
280323062642 0.905 14.641 38.150 10.673 8.236 3.363 10.845 
280323064142 0.926 14.656 38.149 10.661 8.236 3.477 10.809 
280323065642 0.885 14.617 38.149 10.674 8.236 3.302 10.833 
280323071142 0.876 14.655 38.150 10.658 8.235 3.241 10.842 
280323072642 0.957 14.645 38.147 10.666 8.235 2.816 10.846 
280323074142 0.912 14.648 38.148 10.663 8.232 1.860 10.802 
280323075642 0.878 14.668 38.148 10.655 8.231 1.670 10.829 
280323081142 0.891 14.681 38.148 10.653 8.229 1.192 10.841 
280323082642 0.881 14.686 38.151 10.651 8.228 1.192 10.846 
280323084142 0.920 14.694 38.146 10.652 8.227 1.382 10.809 
280323085642 0.915 14.694 38.146 10.652 8.227 1.936 10.833 
280323091142 0.879 14.718 38.152 10.646 8.226 1.313 10.843 
280323092642 0.942 14.709 38.147 10.650 8.226 1.518 10.847 
280323094142 0.943 14.736 38.152 10.643 8.226 1.344 10.809 
280323095642 0.930 14.750 38.144 10.638 8.226 1.222 10.833 
