SAMBAT Sea Ti  C/T/D/Odo/Fluo/pH GPS : 50195 
V:0,Pression (0/50),m
V:1,Température (-5/35),°C
V:2,Salinité (2/42),g/l
V:3,Oxygène (0/20),mgl
V:4,PH (0/14),pH
V:5,Fluorescence (0/50),µgl
V:6,Tension batterie,V
151222181153 0.755 16.806 35.561 8.764 8.341 0.632 10.731 
151222182652 0.755 16.806 35.594 8.761 8.341 0.619 10.820 
151222184152 0.709 16.807 35.598 8.764 8.342 0.571 10.846 
151222185652 0.742 16.797 35.594 8.788 8.341 0.595 10.777 
151222191152 0.747 16.807 35.616 8.790 8.342 0.474 10.836 
151222192652 0.746 16.806 35.599 8.795 8.342 0.586 10.853 
151222194152 0.761 16.802 35.611 8.805 8.342 0.522 10.860 
151222195652 0.748 16.812 35.606 8.806 8.342 0.559 10.805 
151222201152 0.743 16.802 35.588 8.822 8.342 0.640 10.844 
151222202652 0.769 16.812 35.595 8.829 8.343 0.487 10.857 
151222204152 0.760 16.797 35.597 8.842 8.342 0.576 10.863 
151222205652 0.711 16.799 35.592 8.850 8.344 0.530 10.806 
151222211152 0.772 16.802 35.594 8.855 8.344 0.514 10.845 
151222212652 0.678 16.798 35.570 8.866 8.344 0.487 10.858 
151222214152 0.807 16.796 36.085 8.881 8.344 0.495 10.863 
151222215652 0.822 16.793 35.549 8.911 8.343 0.403 10.779 
151222221152 0.735 16.783 35.585 8.917 8.343 0.465 10.838 
151222222652 0.803 16.785 35.589 8.923 8.343 0.485 10.855 
151222224152 0.764 16.778 35.590 8.927 8.343 0.446 10.862 
151222225652 0.753 16.768 35.593 8.926 8.343 0.409 10.804 
151222231152 0.869 16.767 35.592 8.928 8.343 0.441 10.845 
151222232652 0.793 16.782 35.613 8.925 8.343 0.521 10.858 
151222234152 0.726 16.780 35.600 8.920 8.343 0.445 10.863 
151222235652 0.818 16.770 35.600 8.917 8.343 0.487 10.803 
161222001152 0.751 16.774 35.590 8.915 8.343 0.447 10.845 
161222002652 0.832 16.754 35.519 8.914 8.344 0.524 10.857 
161222004152 0.817 16.757 35.549 8.910 8.344 0.413 10.863 
161222005652 0.800 16.758 35.548 8.906 8.344 0.379 10.782 
161222011152 0.679 16.761 35.558 8.899 8.344 0.403 10.839 
161222012652 0.790 16.728 35.509 8.906 8.344 0.324 10.855 
161222014152 0.725 16.719 35.534 8.906 8.344 0.410 10.861 
161222015652 0.837 16.727 35.521 8.902 8.344 0.470 10.803 
161222021152 0.795 16.727 35.536 8.904 8.344 0.480 10.844 
161222022652 0.703 16.730 35.537 8.901 8.343 0.765 10.857 
161222024152 0.746 16.760 35.554 8.890 8.343 0.452 10.863 
161222025652 0.653 16.734 35.539 8.896 8.344 0.330 10.806 
161222031152 0.761 16.639 35.502 8.914 8.345 0.539 10.845 
161222032652 0.744 16.599 35.406 8.920 8.344 0.440 10.857 
161222034152 0.790 16.612 35.402 8.911 8.344 0.369 10.863 
161222035652 0.783 16.609 35.409 8.905 8.343 0.418 10.781 
161222041152 0.725 16.610 35.339 8.893 8.343 0.403 10.838 
161222042652 0.786 16.610 35.906 8.889 8.344 0.417 10.854 
161222044152 0.767 16.646 35.916 8.877 8.344 0.458 10.861 
161222045652 0.768 16.605 35.937 8.880 8.344 0.359 10.805 
161222051152 0.764 16.599 35.458 8.875 8.344 0.444 10.844 
161222052652 0.780 16.651 35.526 8.861 8.344 0.393 10.857 
161222054152 0.785 16.702 35.560 8.850 8.344 0.397 10.862 
161222055652 0.757 16.709 35.566 8.847 8.344 0.454 10.803 
161222061152 0.808 16.714 35.583 8.838 8.344 0.371 10.844 
161222062652 0.705 16.763 35.576 8.834 8.344 0.485 10.857 
161222064152 0.811 16.744 35.579 8.843 8.344 0.433 10.862 
161222065652 0.803 16.739 35.568 8.842 8.344 0.373 10.782 
161222071152 0.769 16.735 35.931 8.843 8.345 0.509 10.838 
161222072652 0.752 16.747 35.587 8.844 8.345 0.354 10.854 
161222074152 0.729 16.748 35.909 8.848 8.345 0.480 10.861 
161222075652 0.797 16.749 35.938 8.853 8.345 0.552 10.805 
161222081152 0.796 16.748 35.569 8.852 8.344 0.448 10.845 
161222082652 0.798 16.753 35.539 8.856 8.345 0.529 10.857 
161222084152 0.758 16.750 35.557 8.865 8.345 0.493 10.863 
161222085652 0.851 16.750 36.012 8.870 8.345 0.562 10.805 
161222091152 0.788 16.747 35.541 8.872 8.345 0.394 10.845 
161222092652 0.784 16.762 35.562 8.877 8.345 0.374 10.857 
161222094152 0.741 16.743 35.585 8.882 8.345 0.361 10.863 
161222095652 0.845 16.746 36.043 8.882 8.345 0.486 10.781 
161222101152 0.807 16.749 35.596 8.883 8.345 0.503 10.838 
161222102652 0.733 16.736 35.577 8.881 8.345 0.434 10.854 
161222104152 0.851 16.738 35.587 8.880 8.345 0.430 10.861 
161222105652 0.802 16.756 35.575 8.879 8.346 0.423 10.805 
161222111152 0.788 16.758 35.577 8.873 8.345 0.407 10.845 
161222112652 0.874 16.754 35.577 8.870 8.345 0.322 10.857 
161222114152 0.800 16.744 35.577 8.869 8.345 0.285 10.862 
161222115652 0.804 16.752 35.614 8.859 8.345 0.308 10.800 
161222121152 0.809 16.744 35.603 8.858 8.344 0.262 10.844 
161222122652 0.770 16.762 35.589 8.858 8.344 0.241 10.857 
161222124152 0.805 16.770 35.585 8.857 8.344 0.269 10.863 
161222125652 0.774 16.764 35.578 8.856 8.344 0.218 10.782 
161222131152 0.741 16.784 35.572 8.854 8.342 0.261 10.838 
161222132652 0.809 16.774 35.568 8.858 8.345 0.341 10.855 
161222134152 0.786 16.779 35.568 8.858 8.344 0.399 10.861 
161222135652 0.760 16.771 35.558 8.867 8.344 0.279 10.801 
161222141152 0.675 16.774 35.560 8.867 8.344 0.444 10.844 
161222142652 0.803 16.728 35.510 8.879 8.345 0.456 10.857 
161222144152 0.815 16.749 35.525 8.879 8.345 0.451 10.862 
161222145652 0.792 16.751 35.534 8.880 8.344 0.406 10.801 
161222151152 0.766 16.743 35.529 8.880 8.344 0.405 10.844 
161222152652 0.826 16.717 35.565 8.889 8.344 0.312 10.852 
161222154152 0.826 16.740 35.561 8.879 8.344 0.392 10.861 
161222155652 0.822 16.735 35.548 8.876 8.344 0.361 10.782 
161222161152 0.824 16.723 35.527 8.879 8.343 0.236 10.838 
161222162652 0.821 16.728 35.522 8.881 8.343 0.297 10.855 
161222164152 0.757 16.726 35.535 8.882 8.343 0.384 10.861 
161222165652 0.782 16.699 35.518 8.887 8.343 0.487 10.802 
161222171152 0.796 16.711 35.514 8.886 8.342 0.430 10.844 
161222172652 0.790 16.717 35.512 8.880 8.342 0.539 10.857 
161222174152 0.771 16.707 35.510 8.883 8.342 0.596 10.862 
161222175652 0.827 16.704 35.506 8.884 8.341 0.465 10.781 
161222181152 0.785 16.700 35.500 8.880 8.341 0.501 10.838 
