SAMBAT Sea Ti  C/T/D/Odo/Fluo/pH GPS : 50195 
V:0,Pression (0/50),dba
V:1,Température (-5/35),°C
V:2,Salinité (2/42),g/l
V:3,Oxygène (0/20),mgl
V:4,PH (0/14),pH
V:5,Fluorescence (0/500),ppb
V:6,Tension batterie,V
220523121232 0.803 19.098 37.694 9.660 8.262 0.486 10.779 
220523122731 0.805 18.882 37.706 9.710 8.262 0.607 10.870 
220523124231 0.853 18.961 37.742 9.701 8.262 0.812 10.847 
220523125731 0.829 19.016 37.746 9.681 8.261 1.002 10.888 
220523131231 0.763 18.983 37.705 9.684 8.261 0.607 10.900 
220523132731 0.821 19.014 37.687 9.683 8.260 0.752 10.904 
220523134231 0.759 18.893 37.708 9.716 8.261 0.455 10.867 
220523135731 0.836 19.019 37.728 9.686 8.260 0.349 10.896 
220523141231 0.815 19.183 37.753 9.636 8.258 0.463 10.903 
220523142731 0.721 19.122 37.771 9.658 8.258 0.721 10.907 
220523144231 0.799 19.149 37.727 9.653 8.258 0.972 10.868 
220523145731 0.819 19.079 37.722 9.663 8.258 0.258 10.897 
220523151231 0.813 19.047 37.711 9.673 8.258 0.964 10.905 
220523152731 0.731 19.031 37.723 9.674 8.258 0.600 10.907 
220523154231 0.760 18.948 37.704 9.698 8.258 0.934 10.855 
220523155731 0.838 18.953 37.745 9.699 8.258 0.691 10.892 
220523161231 0.836 19.045 37.749 9.676 8.258 0.843 10.903 
220523162731 0.817 19.029 37.774 9.677 8.258 1.154 10.906 
220523164231 0.823 19.096 37.769 9.656 8.258 1.480 10.868 
220523165731 0.833 19.131 37.369 9.651 8.258 1.124 10.897 
220523171231 0.821 19.115 37.274 9.658 8.258 1.366 10.905 
220523172731 0.848 19.089 37.299 9.667 8.258 2.103 10.907 
220523174231 0.788 19.059 37.304 9.678 8.258 2.088 10.867 
220523175731 0.778 19.079 37.704 9.673 8.258 1.981 10.897 
220523181231 0.863 19.083 37.670 9.675 8.259 2.581 10.905 
220523182731 0.801 19.059 37.695 9.685 8.259 2.687 10.907 
220523184231 0.818 18.978 37.686 9.708 8.260 2.695 10.855 
220523185731 0.820 18.970 37.710 9.717 8.261 2.171 10.893 
220523191231 0.848 19.039 37.701 9.699 8.260 2.665 10.903 
220523192731 0.843 18.997 37.763 9.712 8.261 2.376 10.906 
220523194231 0.827 18.858 37.969 9.749 8.262 2.277 10.867 
220523195731 0.833 19.113 37.629 9.680 8.262 2.391 10.896 
220523201231 0.823 19.201 37.800 9.653 8.262 2.338 10.904 
220523202731 0.776 19.354 37.808 9.619 8.260 2.832 10.907 
220523204231 0.793 19.336 37.522 9.619 8.260 2.232 10.868 
220523205731 0.809 18.849 37.543 9.750 8.262 2.171 10.897 
220523211231 0.816 19.229 37.512 9.647 8.262 2.665 10.904 
220523212731 0.801 18.959 37.557 9.709 8.263 2.353 10.907 
220523214231 0.868 19.144 37.481 9.679 8.263 2.475 10.852 
220523215731 0.804 19.045 37.503 9.703 8.263 1.966 10.892 
220523221231 0.808 19.158 37.491 9.675 8.263 2.019 10.903 
220523222731 0.788 19.017 37.491 9.707 8.264 2.460 10.905 
220523224231 0.817 19.045 37.498 9.700 8.264 2.368 10.867 
220523225731 0.812 19.133 37.496 9.675 8.265 2.543 10.896 
220523231231 0.831 19.082 37.490 9.690 8.267 2.308 10.904 
220523232731 0.818 19.144 37.209 9.682 8.268 2.740 10.907 
220523234231 0.843 19.060 37.490 9.711 8.272 2.012 10.867 
220523235731 0.833 18.822 37.485 9.780 8.270 2.475 10.896 
230523001231 0.824 18.753 37.500 9.799 8.270 2.551 10.903 
230523002731 0.863 18.679 37.527 9.814 8.270 1.883 10.905 
230523004231 0.828 18.616 37.506 9.833 8.269 2.581 10.853 
230523005731 0.841 18.605 37.514 9.835 8.268 2.232 10.890 
230523011231 0.795 18.580 37.501 9.835 8.269 1.951 10.900 
230523012731 0.844 18.567 37.503 9.835 8.269 2.513 10.903 
230523014231 0.819 18.546 37.485 9.842 8.270 2.346 10.864 
230523015731 0.867 18.556 37.495 9.830 8.270 2.331 10.892 
230523021231 0.846 18.578 37.492 9.823 8.270 2.171 10.901 
230523022731 0.819 18.564 37.497 9.823 8.270 2.239 10.903 
230523024231 0.815 18.547 37.501 9.827 8.270 2.072 10.862 
230523025731 0.831 18.528 37.499 9.832 8.270 2.012 10.892 
230523031231 0.823 18.530 37.482 9.829 8.271 1.966 10.900 
230523032731 0.805 18.483 37.420 9.833 8.272 1.974 10.903 
230523034231 0.828 18.484 37.422 9.830 8.272 2.589 10.847 
230523035731 0.813 18.483 37.453 9.826 8.273 2.164 10.886 
230523041231 0.814 18.514 37.846 9.820 8.273 2.270 10.897 
230523042731 0.837 18.515 37.521 9.815 8.273 2.536 10.901 
230523044231 0.829 18.541 37.552 9.804 8.273 2.657 10.862 
230523045731 0.829 18.538 37.566 9.803 8.273 2.703 10.891 
230523051231 0.823 18.516 37.852 9.803 8.273 2.452 10.899 
230523052731 0.827 18.512 37.901 9.800 8.274 2.141 10.902 
230523054231 0.830 18.545 37.896 9.784 8.274 2.627 10.862 
230523055731 0.837 18.535 37.897 9.777 8.274 2.536 10.891 
230523061231 0.812 18.531 37.895 9.773 8.273 2.080 10.899 
230523062731 0.814 18.550 37.886 9.761 8.273 2.270 10.901 
230523064231 0.815 18.554 37.888 9.754 8.273 2.232 10.847 
230523065731 0.830 18.557 37.888 9.751 8.272 1.511 10.885 
230523071231 0.819 18.567 37.895 9.749 8.272 1.640 10.896 
230523072731 0.833 18.550 37.879 9.752 8.272 1.298 10.901 
230523074231 0.815 18.564 37.887 9.749 8.272 1.093 10.862 
230523075731 0.837 18.565 37.874 9.750 8.272 1.488 10.891 
230523081231 0.831 18.578 37.848 9.746 8.272 0.934 10.899 
230523082731 0.813 18.575 37.841 9.750 8.271 1.161 10.901 
230523084231 0.830 18.594 37.845 9.747 8.271 0.676 10.862 
230523085731 0.848 18.621 37.863 9.741 8.271 0.820 10.891 
230523091231 0.815 18.663 37.861 9.728 8.270 0.994 10.899 
230523092731 0.817 18.794 37.841 9.703 8.270 1.002 10.902 
230523094231 0.838 18.849 37.831 9.699 8.269 1.215 10.847 
230523095731 0.779 18.956 37.915 9.650 8.268 0.888 10.887 
230523101231 0.831 19.044 37.893 9.643 8.267 1.017 10.899 
230523102731 0.840 19.060 37.854 9.651 8.267 0.357 10.903 
230523104231 0.826 19.400 37.835 9.561 8.265 0.721 10.864 
230523105731 0.830 19.299 37.852 9.569 8.265 0.941 10.894 
230523111231 0.824 19.184 37.827 9.600 8.265 0.865 10.902 
230523112731 0.835 19.333 37.771 9.568 8.263 1.139 10.905 
230523114231 0.835 19.416 37.842 9.538 8.261 0.858 10.866 
230523115731 0.836 19.516 37.830 9.512 8.260 0.774 10.896 
230523121231 0.825 19.536 37.850 9.510 8.260 0.433 10.904 
