SAMBAT Sea Ti  C/T/D/Odo/Fluo/pH GPS : 50195 
V:0,Pression (0/50),m
V:1,Température (-5/35),°C
V:2,Salinité (2/42),g/l
V:3,Oxygène (0/20),mgl
V:4,PH (0/14),pH
V:5,Fluorescence (0/50),µgl
V:6,Tension batterie,V
191022155310 0.923 21.994 38.383 8.000 8.320 0.164 10.770 
191022160809 0.955 22.023 38.433 8.005 8.321 0.131 10.867 
191022162309 0.946 21.985 38.401 8.027 8.324 0.146 10.893 
191022163809 0.947 21.946 38.410 8.059 8.325 0.165 10.902 
191022165309 0.931 21.925 38.409 8.081 8.324 0.133 10.865 
191022170809 0.936 21.916 38.388 8.095 8.318 0.156 10.882 
191022172309 0.928 21.880 38.395 8.108 8.317 0.174 10.899 
191022173809 0.936 21.856 38.395 8.127 8.325 0.190 10.906 
191022175309 0.934 21.832 38.410 8.131 8.322 0.193 10.866 
191022180809 0.950 21.796 38.416 8.142 8.311 0.347 10.890 
191022182309 0.940 21.786 38.412 8.147 8.322 0.343 10.903 
191022183809 0.929 21.779 38.409 8.141 8.325 1.268 10.907 
191022185309 0.938 21.767 38.406 8.133 8.321 1.181 10.866 
191022190809 0.934 21.748 38.408 8.132 8.325 1.200 10.889 
191022192309 0.933 21.749 38.407 8.126 8.326 0.186 10.902 
191022193809 0.933 21.746 38.410 8.131 8.327 0.350 10.907 
191022195309 0.929 21.733 38.447 8.135 8.321 0.263 10.866 
191022200809 0.948 21.731 38.450 8.136 8.322 0.231 10.882 
191022202309 0.922 21.733 38.450 8.138 8.313 0.201 10.899 
191022203809 0.951 21.717 38.416 8.144 8.328 0.201 10.905 
191022205309 0.939 21.706 38.451 8.155 8.324 0.269 10.865 
191022210809 0.926 21.691 38.452 8.161 8.315 0.210 10.889 
191022212309 0.935 21.698 38.455 8.158 8.317 0.189 10.902 
191022213809 0.937 21.702 38.418 8.137 8.327 0.307 10.907 
191022215309 0.947 21.698 38.413 8.126 8.322 0.170 10.865 
191022220809 0.935 21.691 38.415 8.117 8.322 0.179 10.888 
191022222309 0.944 21.685 38.413 8.123 8.313 0.215 10.902 
191022223809 0.918 21.670 38.415 8.126 8.327 0.218 10.906 
191022225309 0.920 21.666 38.414 8.132 8.328 0.247 10.865 
191022230809 0.940 21.651 38.450 8.141 8.329 0.178 10.881 
191022232309 0.932 21.634 38.452 8.135 8.328 0.164 10.899 
191022233809 0.932 21.630 38.449 8.123 8.332 0.277 10.905 
191022235309 0.937 21.609 38.441 8.128 8.327 0.285 10.865 
201022000809 0.956 21.607 38.412 8.151 8.329 0.179 10.888 
201022002309 0.954 21.605 38.407 8.161 8.319 0.261 10.901 
201022003809 0.929 21.589 38.407 8.166 8.318 0.219 10.906 
201022005309 0.939 21.590 38.404 8.160 8.330 0.239 10.865 
201022010809 0.941 21.576 38.407 8.155 8.329 0.250 10.888 
201022012309 0.928 21.562 38.406 8.151 8.332 2.723 10.901 
201022013809 0.935 21.560 38.423 8.143 8.334 0.200 10.906 
201022015309 0.931 21.558 38.425 8.145 8.331 0.353 10.865 
201022020809 0.925 21.551 38.411 8.152 8.326 0.209 10.881 
201022022309 0.940 21.548 38.409 8.149 8.331 0.269 10.898 
201022023809 0.931 21.531 38.412 8.155 8.333 0.220 10.904 
201022025309 0.910 21.535 38.411 8.154 8.333 0.254 10.864 
201022030809 0.927 21.521 38.413 8.150 8.323 0.239 10.888 
201022032309 0.923 21.515 38.418 8.145 8.329 0.367 10.901 
201022033809 0.937 21.526 38.412 8.143 8.335 1.190 10.905 
201022035309 0.911 21.526 38.408 8.148 8.334 0.280 10.864 
201022040809 0.910 21.521 38.409 8.155 8.330 0.214 10.880 
201022042309 0.907 21.498 38.414 8.162 8.332 0.212 10.897 
201022043809 0.955 21.511 38.417 8.166 8.337 0.232 10.904 
201022045309 0.924 21.505 38.414 8.175 8.327 0.268 10.864 
201022050809 0.907 21.510 38.412 8.167 8.336 0.262 10.888 
201022052309 0.938 21.500 38.414 8.166 8.331 0.295 10.901 
201022053809 0.921 21.483 38.418 8.160 8.327 0.242 10.905 
201022055309 0.939 21.488 38.412 8.158 8.332 0.280 10.864 
201022060809 0.932 21.487 38.410 8.149 8.320 0.527 10.887 
201022062309 0.935 21.477 38.409 8.144 8.335 0.997 10.900 
201022063809 0.922 21.478 38.410 8.149 8.330 0.317 10.905 
201022065309 0.926 21.472 38.412 8.149 8.330 2.097 10.863 
201022070809 0.934 21.457 38.413 8.141 8.319 1.110 10.879 
201022072309 0.929 21.457 38.412 8.126 8.316 1.845 10.897 
201022073809 0.935 21.454 38.408 8.111 8.327 1.132 10.903 
201022075309 0.926 21.434 38.411 8.088 8.324 0.428 10.863 
201022080809 0.921 21.428 38.415 8.070 8.317 0.416 10.887 
201022082309 0.947 21.425 38.410 8.058 8.324 0.498 10.900 
201022083809 0.936 21.419 38.416 8.041 8.326 0.349 10.905 
201022085309 0.930 21.403 38.416 8.017 8.321 0.293 10.864 
201022090809 0.937 21.424 38.418 7.980 8.316 0.260 10.887 
201022092309 0.943 21.431 38.416 7.949 8.318 0.227 10.900 
201022093809 0.928 21.434 38.413 7.933 8.318 0.180 10.905 
201022095309 0.930 21.452 38.414 7.912 8.320 0.149 10.864 
201022100809 0.943 21.461 38.415 7.904 8.319 0.192 10.886 
201022102309 0.946 21.476 38.413 7.899 8.319 0.149 10.900 
201022103809 0.938 21.481 38.416 7.896 8.318 0.104 10.905 
201022105309 0.938 21.506 38.418 7.885 8.318 0.138 10.864 
201022110809 0.934 21.508 38.419 7.887 8.318 0.092 10.880 
201022112309 0.950 21.526 38.417 7.897 8.321 0.088 10.897 
201022113809 0.950 21.543 38.414 7.914 8.322 0.125 10.904 
201022115309 0.963 21.562 38.409 7.928 8.325 0.115 10.863 
201022120809 0.948 21.594 38.415 7.945 8.323 0.112 10.888 
201022122309 0.961 21.625 38.417 7.961 8.324 0.168 10.901 
201022123809 0.939 21.722 38.423 7.959 8.317 0.109 10.906 
201022125309 0.898 21.676 38.428 8.003 8.323 0.122 10.865 
201022130809 0.955 21.715 38.422 8.034 8.322 0.119 10.888 
201022132309 0.987 21.730 38.404 8.070 8.322 0.127 10.901 
201022133809 0.916 21.831 38.406 8.081 8.318 0.169 10.906 
201022135309 0.972 21.936 38.428 8.084 8.319 0.160 10.866 
201022140809 0.899 21.917 38.429 8.105 8.322 0.539 10.882 
201022142309 0.966 21.993 38.427 8.109 8.320 1.404 10.899 
201022143809 0.961 21.985 38.402 8.126 8.322 0.853 10.906 
201022145309 0.970 22.040 38.424 8.134 8.322 0.164 10.866 
201022150809 0.990 22.057 38.417 8.163 8.322 0.208 10.891 
201022152309 0.884 21.975 38.402 8.187 8.323 0.392 10.903 
201022153809 0.946 22.049 38.426 8.182 8.320 0.306 10.908 
201022155309 0.936 21.946 38.417 8.201 8.323 0.174 10.867 
