SAMBAT Sea Ti  C/T/D/Odo/Fluo/pH GPS : 50195 
V:0,Pression (0/50),m
V:1,Température (-5/35),°C
V:2,Salinité (2/42),g/l
V:3,Oxygène (0/20),mgl
V:4,PH (0/14),pH
V:5,Fluorescence (0/50),µgl
V:6,Tension batterie,V
200123193928 0.859 14.913 36.901 9.356 8.339 0.394 10.716 
200123195427 0.849 14.898 36.900 9.364 8.339 0.439 10.761 
200123200927 0.898 14.880 36.900 9.365 8.339 0.410 10.805 
200123202427 0.865 14.916 36.917 9.369 8.339 0.491 10.828 
200123203927 0.816 14.909 36.899 9.371 8.339 0.457 10.837 
200123205427 0.867 14.912 36.979 9.378 8.339 0.401 10.786 
200123210927 0.903 14.851 36.862 9.394 8.340 0.389 10.819 
200123212427 0.846 14.903 36.891 9.372 8.339 0.549 10.834 
200123213927 0.913 14.893 36.901 9.378 8.339 0.479 10.841 
200123215427 0.879 14.888 36.945 9.376 8.339 0.453 10.784 
200123220927 0.902 14.876 36.943 9.373 8.340 0.530 10.812 
200123222427 0.839 14.874 36.923 9.368 8.340 0.385 10.832 
200123223927 0.907 14.896 36.891 9.366 8.340 0.536 10.840 
200123225427 0.909 14.903 36.893 9.363 8.339 0.398 10.784 
200123230927 0.894 14.870 36.909 9.368 8.340 0.403 10.819 
200123232427 0.873 14.909 36.895 9.362 8.339 0.448 10.836 
200123233927 0.842 14.902 36.924 9.363 8.339 0.424 10.842 
200123235427 0.895 14.904 36.890 9.364 8.339 0.427 10.784 
210123000927 0.868 14.882 36.885 9.362 8.339 0.318 10.820 
210123002427 0.848 14.886 36.879 9.357 8.339 0.384 10.836 
210123003927 0.895 14.905 36.830 9.345 8.339 0.401 10.842 
210123005427 0.975 14.873 36.851 9.339 8.339 0.414 10.784 
210123010927 0.865 14.853 36.864 9.350 8.340 0.434 10.812 
210123012427 0.798 14.883 36.866 9.334 8.340 0.426 10.832 
210123013927 0.881 14.873 36.901 9.331 8.340 0.391 10.841 
210123015427 0.908 14.905 36.875 9.320 8.339 0.348 10.788 
210123020927 0.857 14.874 36.848 9.329 8.340 0.369 10.820 
210123022427 0.857 14.887 36.890 9.327 8.340 0.354 10.836 
210123023927 0.882 14.896 36.887 9.321 8.339 0.292 10.842 
210123025427 0.871 14.901 36.908 9.331 8.340 0.389 10.784 
210123030927 0.798 14.875 36.863 9.339 8.341 0.444 10.819 
210123032427 0.935 14.860 36.877 9.345 8.341 0.372 10.836 
210123033927 0.795 14.892 36.880 9.332 8.341 0.364 10.842 
210123035427 0.858 14.897 37.186 9.330 8.341 0.489 10.784 
210123040927 0.843 14.862 37.075 9.338 8.341 0.423 10.813 
210123042427 0.847 14.865 37.176 9.340 8.342 0.351 10.833 
210123043927 0.837 14.879 36.990 9.325 8.342 0.403 10.841 
210123045427 0.897 14.835 36.935 9.334 8.342 0.460 10.784 
210123050927 0.899 14.826 36.869 9.337 8.343 0.404 10.819 
210123052427 0.923 14.838 36.890 9.334 8.343 0.309 10.831 
210123053927 0.791 14.857 36.890 9.331 8.343 0.290 10.841 
210123055427 0.955 14.863 36.863 9.329 8.342 0.358 10.784 
210123060927 0.782 14.850 36.891 9.333 8.344 0.346 10.818 
210123062427 0.769 14.819 36.909 9.336 8.344 0.300 10.835 
210123063927 0.897 14.853 36.905 9.327 8.344 0.326 10.842 
210123065427 0.908 14.853 36.840 9.329 8.343 0.304 10.784 
210123070927 0.797 14.875 36.905 9.314 8.343 0.415 10.812 
210123072427 0.795 14.833 36.903 9.329 8.344 0.351 10.832 
210123073927 0.824 14.856 36.887 9.324 8.343 0.277 10.840 
210123075427 0.845 14.842 36.863 9.335 8.343 0.371 10.784 
210123080927 0.878 14.850 36.854 9.334 8.344 0.376 10.819 
210123082427 0.847 14.868 36.894 9.324 8.343 0.388 10.835 
210123083927 0.855 14.858 36.847 9.330 8.344 0.307 10.842 
210123085427 0.849 14.833 36.855 9.333 8.344 0.305 10.788 
210123090927 0.854 14.851 36.909 9.325 8.344 0.302 10.815 
210123092427 0.917 14.844 36.903 9.329 8.344 0.307 10.834 
210123093927 0.894 14.866 36.856 9.324 8.344 0.395 10.842 
210123095427 0.861 14.830 36.870 9.329 8.344 0.334 10.784 
210123100927 0.940 14.863 36.929 9.321 8.344 0.296 10.812 
210123102427 0.870 14.842 36.915 9.318 8.344 0.351 10.832 
210123103927 0.892 14.863 36.912 9.314 8.344 0.392 10.840 
210123105427 0.873 14.846 36.968 9.314 8.344 0.273 10.784 
210123110927 0.860 14.877 36.886 9.303 8.344 0.213 10.819 
210123112427 0.857 14.879 36.889 9.302 8.344 0.195 10.835 
210123113927 0.860 14.889 36.912 9.303 8.343 0.157 10.842 
210123115427 0.938 14.884 36.919 9.313 8.343 0.209 10.785 
210123120927 0.846 14.875 36.931 9.317 8.343 0.135 10.820 
210123122427 0.891 14.892 36.917 9.314 8.342 0.106 10.836 
210123123927 0.909 14.894 36.928 9.314 8.342 0.135 10.842 
210123125427 0.933 14.902 36.980 9.330 8.342 0.111 10.784 
210123130927 0.883 14.902 36.883 9.333 8.342 0.164 10.812 
210123132427 0.920 14.901 36.877 9.333 8.342 0.186 10.832 
210123133927 0.880 14.901 36.868 9.328 8.342 0.248 10.841 
210123135427 0.846 14.872 36.954 9.340 8.341 0.313 10.784 
210123140927 0.899 14.898 36.932 9.333 8.342 0.273 10.819 
210123142427 0.822 14.871 36.955 9.336 8.342 0.233 10.836 
210123143927 0.900 14.874 36.947 9.334 8.342 0.184 10.842 
210123145427 0.826 14.881 36.945 9.326 8.341 0.171 10.788 
210123150927 0.817 14.893 36.966 9.322 8.340 0.228 10.812 
210123152427 0.915 14.889 37.037 9.324 8.341 0.302 10.833 
210123153927 0.851 14.882 36.946 9.327 8.341 0.276 10.840 
210123155427 0.836 14.885 36.917 9.327 8.339 0.274 10.784 
210123160927 0.842 14.885 36.892 9.324 8.341 0.311 10.812 
210123162427 0.834 14.855 36.914 9.340 8.340 0.354 10.832 
210123163927 0.917 14.872 36.920 9.335 8.340 0.352 10.840 
210123165427 0.850 14.871 36.926 9.339 8.340 0.445 10.787 
210123170927 0.919 14.865 36.921 9.350 8.341 0.377 10.816 
210123172427 0.881 14.866 36.910 9.351 8.341 0.378 10.835 
210123173927 0.902 14.850 36.864 9.355 8.341 0.396 10.842 
210123175427 0.874 14.833 36.883 9.364 8.341 0.429 10.785 
210123180927 0.875 14.852 36.910 9.356 8.340 0.441 10.820 
210123182427 0.866 14.857 36.916 9.353 8.340 0.493 10.836 
210123183927 0.901 14.841 36.903 9.356 8.341 0.393 10.842 
210123185427 0.902 14.841 36.911 9.360 8.339 0.449 10.784 
210123190927 0.825 14.846 36.931 9.360 8.340 0.481 10.808 
210123192427 0.821 14.853 36.925 9.356 8.340 0.531 10.831 
210123193927 0.930 14.841 36.887 9.360 8.340 0.362 10.840 
