SAMBAT Sea Ti  C/T/D/Odo/Fluo/pH GPS : 50195 
V:0,Pression (0/50),m
V:1,Température (-5/35),°C
V:2,Salinité (2/42),g/l
V:3,Oxygène (0/20),mgl
V:4,PH (0/14),pH
V:5,Fluorescence (0/50),µgl
V:6,Tension batterie,V
041022151714 0.921 22.547 38.336 7.975 8.309 5.692 10.774 
041022153213 0.935 22.608 38.342 7.953 8.309 0.277 10.873 
041022154713 0.969 22.603 38.337 7.947 8.310 5.327 10.897 
041022160213 0.931 22.593 38.330 7.944 8.308 4.194 10.881 
041022161713 0.926 22.580 38.345 7.931 8.309 0.164 10.902 
041022163213 0.903 22.571 38.337 7.934 8.309 3.494 10.908 
041022164713 0.938 22.578 38.343 7.925 8.308 14.478 10.911 
041022170213 0.951 22.582 38.340 7.918 8.308 0.617 10.884 
041022171713 0.956 22.582 38.343 7.908 8.309 1.197 10.903 
041022173213 0.967 22.576 38.341 7.893 8.309 0.623 10.909 
041022174713 0.956 22.582 38.339 7.879 8.310 0.259 10.912 
041022180213 0.948 22.576 38.331 7.868 8.310 0.647 10.885 
041022181713 0.947 22.564 38.335 7.860 8.310 0.159 10.904 
041022183213 0.980 22.488 38.334 7.867 8.306 0.212 10.910 
041022184713 0.915 22.484 38.327 7.863 8.311 0.249 10.912 
041022190213 0.931 22.493 38.333 7.852 8.310 0.233 10.885 
041022191713 0.950 22.493 38.329 7.847 8.310 0.368 10.904 
041022193213 0.952 22.493 38.328 7.844 8.314 0.469 10.909 
041022194713 0.956 22.485 38.332 7.850 8.315 0.250 10.912 
041022200213 0.955 22.462 38.324 7.867 8.315 0.259 10.878 
041022201713 0.939 22.423 38.319 7.878 8.315 0.224 10.901 
041022203213 0.967 22.415 38.325 7.878 8.313 0.252 10.909 
041022204713 0.960 22.374 38.321 7.881 8.313 0.222 10.912 
041022210213 0.969 22.350 38.324 7.882 8.314 0.224 10.885 
041022211713 0.970 22.329 38.341 7.879 8.315 0.284 10.903 
041022213213 0.954 22.332 38.328 7.869 8.304 0.252 10.909 
041022214713 0.989 22.296 38.337 7.866 8.318 0.218 10.911 
041022220213 0.983 22.291 38.340 7.850 8.317 0.273 10.883 
041022221713 0.983 22.250 38.328 7.840 8.318 0.252 10.902 
041022223213 0.985 22.236 38.323 7.826 8.321 0.255 10.909 
041022224713 0.968 22.193 38.304 7.825 8.326 0.239 10.911 
041022230213 0.985 22.192 38.287 7.831 8.327 0.172 10.882 
041022231713 0.985 22.170 38.315 7.832 8.323 0.226 10.902 
041022233213 0.956 22.167 38.329 7.828 8.323 0.225 10.908 
041022234713 0.982 22.182 38.346 7.816 8.320 0.310 10.910 
051022000213 0.947 22.181 38.350 7.804 8.317 0.208 10.883 
051022001713 0.964 22.174 38.354 7.793 8.320 0.265 10.902 
051022003213 0.964 22.140 38.354 7.785 8.320 0.230 10.908 
051022004713 0.959 22.191 38.362 7.758 8.320 0.247 10.910 
051022010213 0.986 22.205 38.367 7.744 8.320 0.276 10.882 
051022011713 0.990 22.179 38.362 7.726 8.319 0.285 10.901 
051022013213 0.982 22.137 38.362 7.708 8.319 0.262 10.908 
051022014713 0.994 22.132 38.351 7.694 8.316 0.376 10.910 
051022020213 0.985 22.127 38.353 7.681 8.319 0.277 10.883 
051022021713 0.970 22.128 38.356 7.669 8.318 0.683 10.901 
051022023213 0.978 22.139 38.362 7.662 8.320 0.348 10.907 
051022024713 0.982 22.162 38.366 7.656 8.322 0.221 10.910 
051022030213 0.969 22.164 38.366 7.656 8.318 0.239 10.882 
051022031713 0.980 22.158 38.374 7.654 8.320 0.248 10.901 
051022033213 0.985 22.164 38.374 7.635 8.321 0.184 10.907 
051022034713 0.978 22.158 38.367 7.629 8.313 0.173 10.910 
051022040213 0.958 22.153 38.366 7.615 8.314 0.203 10.882 
051022041713 0.968 22.151 38.386 7.598 8.319 0.202 10.901 
051022043213 0.978 22.139 38.383 7.578 8.308 0.191 10.907 
051022044713 0.975 22.134 38.382 7.565 8.316 0.404 10.910 
051022050213 0.977 22.126 38.380 7.545 8.310 0.268 10.882 
051022051713 0.968 22.109 38.366 7.522 8.317 0.283 10.901 
051022053213 0.953 22.095 38.358 7.498 8.310 0.522 10.907 
051022054713 0.972 22.087 38.355 7.484 8.320 0.193 10.910 
051022060213 0.961 22.070 38.348 7.477 8.318 0.217 10.882 
051022061713 0.973 22.068 38.346 7.466 8.315 1.181 10.901 
051022063213 0.960 22.059 38.350 7.470 8.320 0.206 10.907 
051022064713 0.979 22.060 38.340 7.477 8.321 0.200 10.909 
051022070213 0.976 22.059 38.362 7.492 8.320 0.261 10.881 
051022071713 0.974 22.052 38.357 7.498 8.315 0.303 10.900 
051022073213 0.975 22.069 38.364 7.504 8.321 0.199 10.907 
051022074713 0.955 22.084 38.354 7.523 8.323 0.236 10.909 
051022080213 0.982 22.070 38.359 7.545 8.319 0.201 10.882 
051022081713 0.975 22.087 38.361 7.550 8.322 0.240 10.901 
051022083213 0.964 22.090 38.360 7.571 8.323 0.235 10.907 
051022084713 0.968 22.094 38.367 7.583 8.320 0.160 10.909 
051022090213 0.974 22.104 38.370 7.596 8.321 0.123 10.882 
051022091713 0.982 22.112 38.363 7.601 8.320 0.110 10.901 
051022093213 0.973 22.128 38.375 7.611 8.320 0.102 10.907 
051022094713 0.980 22.141 38.392 7.630 8.314 0.084 10.910 
051022100213 0.989 22.154 38.382 7.641 8.315 0.050 10.882 
051022101713 0.984 22.164 38.389 7.644 8.315 0.076 10.901 
051022103213 0.979 22.170 38.394 7.667 8.313 0.082 10.907 
051022104713 0.958 22.178 38.390 7.701 8.315 0.071 10.910 
051022110213 0.976 22.214 38.399 7.719 8.316 0.032 10.875 
051022111713 0.991 22.220 38.403 7.750 8.314 0.697 10.899 
051022113213 1.002 22.225 38.398 7.781 8.319 0.048 10.907 
051022114713 0.988 22.253 38.397 7.819 8.319 0.133 10.910 
051022120213 0.960 22.294 38.400 7.839 8.316 0.141 10.882 
051022121713 0.960 22.300 38.400 7.868 8.318 0.203 10.901 
051022123213 0.980 22.321 38.398 7.891 8.315 0.094 10.908 
051022124713 0.993 22.359 38.393 7.918 8.315 0.022 10.911 
051022130213 0.997 22.391 38.390 7.928 8.315 0.104 10.883 
051022131713 1.003 22.442 38.398 7.929 8.310 1.722 10.902 
051022133213 0.970 22.450 38.409 7.941 8.313 0.064 10.908 
051022134713 0.995 22.464 38.408 7.957 8.313 0.163 10.911 
051022140213 0.983 22.472 38.401 7.959 8.311 1.613 10.883 
051022141713 1.009 22.481 38.397 7.952 8.312 0.028 10.903 
051022143213 0.978 22.530 38.401 7.941 8.311 0.053 10.909 
051022144713 0.987 22.571 38.400 7.929 8.309 0.024 10.912 
051022150213 0.985 22.636 38.405 7.924 8.309 0.080 10.885 
051022151713 0.982 22.653 38.394 7.915 8.306 0.108 10.904 
