SAMBAT Sea Ti  C/T/D/Odo/Fluo/pH GPS : 50195 
V:0,Pression (0/50),m
V:1,Température (-5/35),°C
V:2,Salinité (2/42),g/l
V:3,Oxygène (0/20),mgl
V:4,PH (0/14),pH
V:5,Fluorescence (0/50),µgl
V:6,Tension batterie,V
301022161919 0.919 21.846 38.379 8.482 8.322 0.157 10.775 
301022163418 0.960 21.846 38.370 8.484 8.323 0.181 10.871 
301022164918 0.917 21.749 38.367 8.507 8.325 0.155 10.896 
301022170418 0.917 21.823 38.385 8.487 8.325 0.228 10.869 
301022171918 0.952 21.813 38.366 8.491 8.325 0.222 10.895 
301022173418 0.946 21.787 38.375 8.496 8.325 0.198 10.905 
301022174918 0.958 21.762 38.382 8.504 8.326 0.190 10.908 
301022180418 0.915 21.757 38.374 8.507 8.327 0.225 10.883 
301022181918 0.912 21.744 38.357 8.511 8.327 0.204 10.901 
301022183418 0.943 21.723 38.365 8.514 8.327 0.248 10.907 
301022184918 0.967 21.703 38.379 8.517 8.328 0.236 10.910 
301022190418 0.962 21.698 38.362 8.516 8.328 0.291 10.882 
301022191918 0.957 21.700 38.360 8.511 8.329 0.213 10.901 
301022193418 0.963 21.691 38.363 8.515 8.329 0.276 10.907 
301022194918 0.937 21.679 38.361 8.511 8.329 0.287 10.909 
301022200418 0.966 21.686 38.356 8.511 8.329 0.199 10.880 
301022201918 0.945 21.688 38.365 8.508 8.330 0.291 10.900 
301022203418 0.966 21.659 38.384 8.509 8.330 0.249 10.907 
301022204918 0.942 21.677 38.383 8.504 8.330 0.283 10.910 
301022210418 0.955 21.676 38.381 8.501 8.331 0.224 10.871 
301022211918 0.955 21.656 38.366 8.500 8.331 0.233 10.897 
301022213418 0.954 21.670 38.358 8.495 8.331 0.294 10.905 
301022214918 0.967 21.665 38.385 8.499 8.332 0.286 10.909 
301022220418 0.951 21.650 38.370 8.500 8.332 0.217 10.883 
301022221918 0.960 21.649 38.365 8.498 8.333 0.234 10.901 
301022223418 0.949 21.652 38.351 8.496 8.334 0.229 10.907 
301022224918 0.955 21.647 38.310 8.496 8.333 0.225 10.909 
301022230418 0.969 21.650 38.360 8.495 8.334 0.242 10.881 
301022231918 0.954 21.636 38.345 8.495 8.334 0.165 10.900 
301022233418 0.961 21.639 38.342 8.495 8.335 0.242 10.907 
301022234918 0.966 21.611 38.338 8.498 8.335 0.223 10.909 
311022000418 0.947 21.636 38.321 8.491 8.335 0.231 10.876 
311022001918 0.974 21.630 38.307 8.489 8.335 0.339 10.898 
311022003418 0.968 21.635 38.341 8.488 8.335 0.213 10.906 
311022004918 0.951 21.631 38.335 8.488 8.335 0.233 10.909 
311022010418 0.951 21.633 38.344 8.485 8.336 0.244 10.882 
311022011918 0.966 21.638 38.290 8.488 8.336 0.236 10.900 
311022013418 0.959 21.641 38.307 8.488 8.336 0.221 10.907 
311022014918 0.957 21.634 38.243 8.490 8.336 0.279 10.909 
311022020418 0.946 21.634 38.308 8.487 8.337 0.206 10.881 
311022021918 0.955 21.626 38.315 8.489 8.337 0.205 10.900 
311022023418 0.959 21.626 38.315 8.494 8.337 0.243 10.907 
311022024918 0.968 21.599 38.325 8.498 8.337 0.282 10.909 
311022030418 0.953 21.624 38.284 8.494 8.337 0.211 10.871 
311022031918 0.964 21.624 38.298 8.494 8.337 0.187 10.896 
311022033418 0.966 21.618 38.302 8.496 8.339 0.258 10.905 
311022034918 0.955 21.613 38.301 8.493 8.337 0.283 10.908 
311022040418 0.958 21.600 38.299 8.497 8.338 0.193 10.882 
311022041918 0.965 21.587 38.292 8.495 8.338 0.233 10.900 
311022043418 0.942 21.598 38.297 8.494 8.339 0.277 10.906 
311022044918 0.953 21.588 38.295 8.493 8.339 0.177 10.909 
311022050418 0.942 21.562 38.295 8.490 8.340 0.260 10.881 
311022051918 0.939 21.590 38.295 8.482 8.339 0.220 10.900 
311022053418 0.957 21.588 38.291 8.479 8.339 0.234 10.906 
311022054918 0.944 21.585 38.296 8.478 8.339 0.195 10.909 
311022060418 0.939 21.577 38.268 8.476 8.339 0.211 10.882 
311022061918 0.947 21.581 38.350 8.473 8.339 0.188 10.900 
311022063418 0.956 21.561 38.293 8.478 8.339 0.191 10.906 
311022064918 0.950 21.573 38.281 8.476 8.339 0.230 10.909 
311022070418 0.951 21.577 38.285 8.468 8.340 0.282 10.871 
311022071918 0.958 21.552 38.279 8.473 8.339 0.244 10.896 
311022073418 0.967 21.558 38.349 8.478 8.340 0.235 10.904 
311022074918 0.959 21.564 38.343 8.479 8.339 0.246 10.908 
311022080418 0.960 21.564 38.284 8.478 8.339 0.201 10.881 
311022081918 0.970 21.560 38.338 8.478 8.339 0.222 10.900 
311022083418 0.955 21.558 38.347 8.477 8.339 0.272 10.906 
311022084918 0.953 21.538 38.348 8.481 8.339 0.260 10.909 
311022090418 0.959 21.542 38.354 8.474 8.338 0.180 10.881 
311022091918 0.964 21.541 38.339 8.470 8.337 0.150 10.900 
311022093418 0.943 21.540 38.345 8.474 8.337 0.169 10.906 
311022094918 0.947 21.542 38.324 8.471 8.337 0.150 10.909 
311022100418 0.974 21.538 38.332 8.466 8.336 0.148 10.876 
311022101918 0.947 21.543 38.334 8.461 8.335 0.076 10.898 
311022103418 0.969 21.547 38.337 8.460 8.334 0.116 10.905 
311022104918 0.973 21.556 38.306 8.453 8.334 0.068 10.908 
311022110418 0.962 21.567 38.312 8.455 8.333 0.074 10.881 
311022111918 0.958 21.571 38.305 8.457 8.332 0.103 10.900 
311022113418 0.955 21.572 38.285 8.461 8.333 0.114 10.906 
311022114918 0.961 21.589 38.312 8.458 8.331 0.055 10.909 
311022120418 0.949 21.593 38.259 8.458 8.331 0.061 10.881 
311022121918 0.973 21.599 38.323 8.461 8.330 0.078 10.900 
311022123418 0.962 21.602 38.306 8.462 8.329 0.048 10.906 
311022124918 0.951 21.611 38.313 8.465 8.328 0.049 10.909 
311022130418 0.951 21.645 38.318 8.458 8.327 0.056 10.871 
311022131918 0.952 21.671 38.240 8.457 8.328 0.077 10.896 
311022133418 0.958 21.667 38.318 8.462 8.327 0.064 10.905 
311022134918 0.938 21.670 38.289 8.463 8.326 0.044 10.909 
311022140418 0.955 21.674 38.309 8.465 8.325 0.087 10.882 
311022141918 0.955 21.682 38.277 8.470 8.325 0.147 10.900 
311022143418 0.953 21.686 38.299 8.476 8.325 0.091 10.907 
311022144918 0.954 21.690 38.297 8.477 8.325 0.088 10.909 
311022150418 0.955 21.703 38.299 8.479 8.325 0.118 10.882 
311022151918 0.965 21.746 38.299 8.474 8.324 0.096 10.901 
311022153418 0.949 21.733 38.301 8.482 8.323 0.087 10.907 
311022154918 0.968 21.720 38.300 8.484 8.324 0.143 10.910 
311022160418 0.949 21.706 38.289 8.490 8.324 0.158 10.872 
311022161918 0.955 21.708 38.227 8.491 8.324 0.125 10.897 
