SAMBAT Sea Ti  C/T/D/Odo/Fluo/pH GPS : 50195 
V:0,Pression (0/50),m
V:1,Température (-5/35),°C
V:2,Salinité (2/42),g/l
V:3,Oxygène (0/20),mgl
V:4,PH (0/14),pH
V:5,Fluorescence (0/50),µgl
V:6,Tension batterie,V
121022153605 0.920 21.763 38.417 8.097 8.323 0.243 10.771 
121022155104 0.940 21.759 38.418 8.086 8.323 0.275 10.834 
121022160604 0.913 21.752 38.422 8.079 8.325 0.265 10.877 
121022162104 0.923 21.763 38.417 8.075 8.325 0.341 10.895 
121022163604 0.924 21.762 38.419 8.065 8.321 0.344 10.902 
121022165104 0.924 21.762 38.413 8.052 8.325 0.334 10.857 
121022170604 0.912 21.753 38.417 8.058 8.322 0.728 10.876 
121022172104 0.907 21.749 38.414 8.054 8.322 0.715 10.896 
121022173604 0.925 21.749 38.413 8.047 8.321 0.266 10.903 
121022175104 0.936 21.742 38.415 8.046 8.323 0.314 10.858 
121022180604 0.918 21.741 38.415 8.038 8.321 0.314 10.886 
121022182104 0.924 21.741 38.411 8.031 8.320 0.283 10.900 
121022183604 0.923 21.738 38.413 8.019 8.325 0.413 10.905 
121022185104 0.879 21.738 38.414 8.015 8.327 0.913 10.858 
121022190604 0.883 21.733 38.416 8.008 8.318 0.449 10.886 
121022192104 0.923 21.738 38.414 8.001 8.325 0.682 10.900 
121022193604 0.936 21.738 38.413 7.996 8.326 1.169 10.905 
121022195104 0.936 21.738 38.417 8.005 8.327 0.350 10.860 
121022200604 0.928 21.734 38.417 8.014 8.329 1.620 10.877 
121022202104 0.940 21.734 38.417 8.025 8.329 0.279 10.897 
121022203604 0.927 21.731 38.415 8.035 8.329 0.685 10.904 
121022205104 0.916 21.732 38.422 8.042 8.327 0.283 10.858 
121022210604 0.930 21.734 38.420 8.057 8.329 0.307 10.886 
121022212104 0.933 21.726 38.418 8.069 8.330 0.281 10.900 
121022213604 0.935 21.728 38.419 8.076 8.331 0.312 10.905 
121022215104 0.944 21.722 38.423 8.096 8.329 0.304 10.859 
121022220604 0.937 21.720 38.421 8.101 8.330 0.273 10.886 
121022222104 0.942 21.713 38.418 8.099 8.331 0.260 10.900 
121022223604 0.962 21.708 38.423 8.099 8.332 0.275 10.905 
121022225104 0.943 21.713 38.416 8.102 8.331 0.297 10.859 
121022230604 0.933 21.706 38.423 8.105 8.332 0.240 10.877 
121022232104 0.904 21.701 38.423 8.103 8.332 0.369 10.896 
121022233604 0.935 21.691 38.423 8.106 8.333 0.261 10.904 
121022235104 0.942 21.696 38.424 8.104 8.332 0.276 10.858 
131022000604 0.926 21.691 38.421 8.109 8.332 0.285 10.886 
131022002104 0.916 21.692 38.417 8.105 8.332 0.252 10.900 
131022003604 0.941 21.685 38.415 8.102 8.331 0.287 10.905 
131022005104 0.932 21.686 38.422 8.104 8.331 0.284 10.859 
131022010604 0.903 21.682 38.427 8.099 8.331 0.272 10.885 
131022012104 0.933 21.676 38.425 8.086 8.331 0.248 10.900 
131022013604 0.936 21.679 38.422 8.076 8.332 0.294 10.905 
131022015104 0.937 21.675 38.426 8.078 8.332 0.849 10.858 
131022020604 0.925 21.672 38.431 8.077 8.325 0.291 10.876 
131022022104 0.923 21.659 38.424 8.080 8.332 0.305 10.896 
131022023604 0.929 21.661 38.423 8.076 8.331 0.384 10.903 
131022025104 0.932 21.661 38.425 8.079 8.333 0.308 10.858 
131022030604 0.931 21.661 38.427 8.089 8.325 0.245 10.885 
131022032104 0.917 21.649 38.427 8.103 8.324 0.372 10.900 
131022033604 0.937 21.638 38.427 8.110 8.333 0.249 10.905 
131022035104 0.935 21.649 38.422 8.116 8.333 0.264 10.858 
131022040604 0.931 21.640 38.421 8.127 8.334 0.320 10.876 
131022042104 0.935 21.644 38.422 8.133 8.334 0.259 10.896 
131022043604 0.908 21.641 38.420 8.132 8.325 0.248 10.903 
131022045104 0.914 21.616 38.427 8.133 8.332 0.333 10.858 
131022050604 0.899 21.630 38.420 8.127 8.332 0.336 10.885 
131022052104 0.921 21.634 38.420 8.126 8.334 0.282 10.899 
131022053604 0.929 21.634 38.421 8.124 8.334 0.289 10.905 
131022055104 0.934 21.623 38.415 8.118 8.334 2.126 10.857 
131022060604 0.936 21.629 38.418 8.114 8.329 0.208 10.885 
131022062104 0.927 21.628 38.422 8.113 8.334 0.271 10.899 
131022063604 0.914 21.619 38.420 8.106 8.332 0.277 10.905 
131022065104 0.929 21.618 38.423 8.101 8.332 2.655 10.857 
131022070604 0.926 21.619 38.421 8.096 8.331 1.188 10.875 
131022072104 0.922 21.609 38.425 8.092 8.334 0.377 10.896 
131022073604 0.940 21.614 38.423 8.090 8.336 0.215 10.903 
131022075104 0.907 21.614 38.423 8.085 8.335 0.289 10.856 
131022080604 0.944 21.608 38.414 8.084 8.334 0.347 10.885 
131022082104 0.920 21.600 38.414 8.079 8.333 0.338 10.899 
131022083604 0.954 21.599 38.426 8.073 8.331 0.253 10.905 
131022085104 0.936 21.604 38.425 8.070 8.334 0.284 10.857 
131022090604 0.936 21.604 38.423 8.073 8.332 0.206 10.885 
131022092104 0.924 21.607 38.416 8.069 8.332 0.139 10.899 
131022093604 0.944 21.613 38.413 8.072 8.333 0.157 10.905 
131022095104 0.963 21.619 38.412 8.084 8.333 0.200 10.858 
131022100604 0.948 21.626 38.419 8.097 8.333 0.159 10.875 
131022102104 0.912 21.635 38.415 8.099 8.332 0.142 10.896 
131022103604 0.929 21.638 38.422 8.107 8.332 0.240 10.903 
131022105104 0.931 21.676 38.414 8.101 8.327 0.081 10.857 
131022110604 0.921 21.676 38.417 8.101 8.327 0.330 10.885 
131022112104 0.932 21.680 38.413 8.090 8.325 0.125 10.900 
131022113604 0.926 21.744 38.413 8.078 8.325 0.273 10.905 
131022115104 0.944 21.758 38.416 8.076 8.326 0.082 10.858 
131022120604 0.935 21.777 38.404 8.065 8.324 0.088 10.886 
131022122104 0.932 21.959 38.415 8.018 8.322 0.085 10.901 
131022123604 0.954 21.812 38.414 8.044 8.325 0.119 10.905 
131022125104 0.899 21.885 38.429 8.033 8.324 0.061 10.859 
131022130604 0.900 21.836 38.421 8.052 8.325 0.213 10.877 
131022132104 0.918 21.890 38.414 8.060 8.325 0.200 10.898 
131022133604 0.926 21.871 38.407 8.079 8.325 0.540 10.905 
131022135104 0.923 21.860 38.410 8.108 8.327 0.767 10.860 
131022140604 0.927 21.982 38.450 8.108 8.327 0.215 10.886 
131022142104 0.938 22.022 38.424 8.119 8.325 0.273 10.901 
131022143604 0.837 22.121 38.436 8.127 8.323 0.071 10.907 
131022145104 0.922 21.956 38.418 8.197 8.328 0.050 10.860 
131022150604 0.943 21.922 38.424 8.225 8.328 0.083 10.888 
131022152104 0.958 21.905 38.424 8.240 8.327 0.066 10.902 
131022153604 0.963 21.890 38.425 8.249 8.327 0.107 10.907 
