SAMBAT Sea Ti  C/T/D/Odo/Fluo/pH GPS : 50195 
V:0,Pression (0/50),m
V:1,Température (-5/35),°C
V:2,Salinité (2/42),g/l
V:3,Oxygène (0/20),mgl
V:4,PH (0/14),pH
V:5,Fluorescence (0/50),µgl
V:6,Tension batterie,V
051222174728 0.917 17.321 35.814 8.727 8.335 0.393 10.738 
051222180227 0.957 17.314 35.814 8.749 8.336 0.312 10.813 
051222181727 0.936 17.309 35.819 8.772 8.336 0.414 10.846 
051222183227 0.957 17.319 35.822 8.789 8.337 0.309 10.860 
051222184727 0.941 17.318 35.822 8.804 8.337 0.403 10.865 
051222190227 0.932 17.307 35.816 8.819 8.338 0.334 10.833 
051222191727 0.892 17.306 35.816 8.830 8.339 0.264 10.856 
051222193227 0.940 17.300 35.796 8.850 8.338 0.355 10.865 
051222194727 0.960 17.295 35.811 8.859 8.337 0.347 10.869 
051222200227 0.923 17.284 35.804 8.876 8.337 0.322 10.816 
051222201727 0.935 17.271 35.796 8.884 8.337 0.432 10.851 
051222203227 0.981 17.274 35.780 8.879 8.338 0.355 10.862 
051222204727 0.911 17.267 35.782 8.880 8.338 0.355 10.868 
051222210227 0.942 17.261 35.761 8.880 8.338 0.325 10.834 
051222211727 0.954 17.206 35.738 8.883 8.338 0.334 10.856 
051222213227 0.970 17.225 35.746 8.881 8.339 0.453 10.865 
051222214727 0.986 17.232 35.756 8.877 8.338 0.448 10.869 
051222220227 0.954 17.229 35.751 8.883 8.339 0.336 10.834 
051222221727 0.899 17.231 35.759 8.879 8.338 0.311 10.857 
051222223227 0.975 17.238 35.749 8.872 8.338 0.349 10.865 
051222224727 0.940 17.238 35.758 8.873 8.338 0.358 10.869 
051222230227 0.954 17.233 35.772 8.873 8.338 0.289 10.816 
051222231727 0.939 17.231 35.761 8.873 8.338 0.331 10.851 
051222233227 0.938 17.240 35.764 8.868 8.338 0.369 10.862 
051222234727 0.932 17.235 36.169 8.856 8.338 0.366 10.863 
061222000227 0.900 17.227 35.756 8.860 8.339 0.322 10.834 
061222001727 0.959 17.238 35.796 8.852 8.337 0.416 10.857 
061222003227 0.913 17.240 35.795 8.855 8.337 0.276 10.865 
061222004727 0.908 17.242 35.773 8.851 8.338 0.342 10.869 
061222010227 0.877 17.236 36.318 8.851 8.338 0.358 10.834 
061222011727 0.920 17.240 35.786 8.851 8.339 0.333 10.857 
061222013227 0.964 17.240 35.791 8.846 8.338 0.367 10.865 
061222014727 0.905 17.237 35.807 8.846 8.337 0.397 10.869 
061222020227 0.984 17.234 35.776 8.845 8.337 0.304 10.834 
061222021727 0.917 17.233 36.217 8.846 8.339 0.315 10.857 
061222023227 0.950 17.224 35.837 8.844 8.338 0.293 10.865 
061222024727 0.952 17.233 35.774 8.847 8.339 0.382 10.869 
061222030227 0.915 17.220 35.784 8.845 8.339 0.336 10.820 
061222031727 0.914 17.224 35.773 8.846 8.340 0.327 10.851 
061222033227 0.943 17.214 35.746 8.843 8.339 0.286 10.862 
061222034727 0.978 17.218 35.755 8.837 8.339 0.378 10.868 
061222040227 0.901 17.226 35.764 8.829 8.339 0.437 10.834 
061222041727 0.883 17.226 35.753 8.827 8.339 0.326 10.856 
061222043227 0.949 17.232 35.741 8.822 8.339 0.255 10.865 
061222044727 0.895 17.234 35.758 8.813 8.340 0.311 10.869 
061222050227 0.963 17.225 35.755 8.804 8.340 0.452 10.818 
061222051727 0.903 17.234 35.751 8.797 8.339 0.352 10.851 
061222053227 0.926 17.217 35.748 8.792 8.339 0.336 10.862 
061222054727 0.918 17.229 35.744 8.791 8.339 0.335 10.867 
061222060227 0.945 17.230 35.754 8.793 8.339 0.368 10.830 
061222061727 0.911 17.221 35.756 8.789 8.339 0.364 10.855 
061222063227 0.938 17.212 35.755 8.789 8.340 0.314 10.864 
061222064727 0.931 17.212 35.750 8.788 8.340 0.371 10.864 
061222070227 0.912 17.209 35.749 8.791 8.341 0.343 10.827 
061222071727 0.953 17.226 35.748 8.791 8.340 0.383 10.854 
061222073227 0.925 17.212 35.771 8.792 8.340 0.312 10.864 
061222074727 0.939 17.221 35.759 8.796 8.339 0.406 10.868 
061222080227 0.915 17.202 35.769 8.795 8.341 0.486 10.820 
061222081727 0.889 17.197 35.775 8.802 8.341 0.389 10.851 
061222083227 0.914 17.213 35.777 8.793 8.340 0.501 10.862 
061222084727 0.929 17.219 35.772 8.791 8.341 0.423 10.867 
061222090227 0.934 17.202 35.789 8.784 8.340 0.386 10.832 
061222091727 0.874 17.211 35.782 8.782 8.342 0.317 10.855 
061222093227 0.897 17.224 35.833 8.775 8.341 0.317 10.864 
061222094727 0.932 17.215 35.781 8.771 8.339 0.374 10.868 
061222100227 0.906 17.220 35.763 8.770 8.341 0.320 10.820 
061222101727 0.931 17.224 35.770 8.762 8.341 0.307 10.851 
061222103227 0.941 17.222 35.763 8.764 8.341 0.273 10.858 
061222104727 0.938 17.213 35.755 8.757 8.340 0.328 10.866 
061222110227 0.908 17.219 35.759 8.752 8.340 0.296 10.833 
061222111727 0.921 17.219 35.771 8.752 8.339 0.298 10.856 
061222113227 0.922 17.203 35.747 8.755 8.341 0.243 10.865 
061222114727 0.946 17.225 35.774 8.753 8.340 0.171 10.868 
061222120227 0.905 17.245 35.742 8.743 8.338 0.232 10.833 
061222121727 0.929 17.355 35.763 8.712 8.340 0.122 10.856 
061222123227 0.914 17.404 35.746 8.688 8.341 0.115 10.865 
061222124727 0.933 17.440 35.780 8.670 8.340 0.126 10.869 
061222130227 0.939 17.460 35.745 8.653 8.339 0.194 10.818 
061222131727 0.889 17.433 35.732 8.653 8.338 0.160 10.851 
061222133227 0.898 17.438 35.791 8.646 8.337 0.144 10.863 
061222134727 0.886 17.446 35.769 8.636 8.339 0.111 10.868 
061222140227 0.912 17.474 35.772 8.613 8.337 0.103 10.832 
061222141727 0.892 17.467 35.767 8.614 8.336 0.095 10.857 
061222143227 0.917 17.488 35.811 8.604 8.337 0.070 10.866 
061222144727 0.891 17.477 35.821 8.600 8.336 0.089 10.870 
061222150227 0.902 17.456 35.800 8.595 8.334 0.080 10.833 
061222151727 0.877 17.521 35.801 8.582 8.336 0.086 10.857 
061222153227 0.911 17.434 35.776 8.594 8.334 0.169 10.866 
061222154727 0.903 17.394 35.782 8.594 8.334 0.197 10.870 
061222160227 0.900 17.376 35.776 8.598 8.336 0.208 10.833 
061222161727 0.900 17.345 35.788 8.604 8.335 0.312 10.857 
061222163227 0.906 17.329 35.782 8.608 8.333 0.232 10.866 
061222164727 0.888 17.309 35.776 8.607 8.334 0.287 10.870 
061222170227 0.896 17.288 35.760 8.610 8.333 0.315 10.819 
061222171727 0.875 17.264 35.755 8.611 8.332 0.439 10.851 
061222173227 0.921 17.247 35.759 8.607 8.333 0.435 10.863 
061222174727 0.911 17.232 35.776 8.618 8.332 0.361 10.868 
