SAMBAT Sea Ti  C/T/D/Odo/Fluo/pH GPS : 50195 
V:0,Pression (0/50),m
V:1,Température (-5/35),°C
V:2,Salinité (2/42),g/l
V:3,Oxygène (0/20),mgl
V:4,PH (0/14),pH
V:5,Fluorescence (0/50),µgl
V:6,Tension batterie,V
041122163114 0.777 21.654 37.739 8.416 8.319 0.168 10.774 
041122164613 0.797 21.645 37.771 8.419 8.320 0.206 10.870 
041122170113 0.574 21.636 37.776 8.428 8.321 0.214 10.862 
041122171613 0.620 21.624 37.789 8.430 8.321 0.238 10.892 
041122173113 0.842 21.585 37.792 8.430 8.320 0.258 10.903 
041122174613 0.884 21.582 37.779 8.432 8.320 0.255 10.907 
041122180113 0.779 21.592 37.789 8.430 8.320 0.272 10.873 
041122181613 0.733 21.530 37.764 8.443 8.320 0.297 10.897 
041122183113 0.636 21.548 37.784 8.430 8.321 0.275 10.905 
041122184613 0.791 21.582 37.805 8.411 8.321 0.312 10.908 
041122190113 0.705 21.623 37.752 8.399 8.322 0.264 10.862 
041122191613 0.729 21.635 37.777 8.387 8.322 0.236 10.894 
041122193113 0.831 21.602 37.778 8.387 8.322 0.232 10.904 
041122194613 0.796 21.600 37.764 8.383 8.321 0.288 10.908 
041122200113 0.744 21.446 37.752 8.417 8.324 0.242 10.873 
041122201613 0.763 21.470 37.667 8.399 8.325 0.240 10.897 
041122203113 0.770 21.489 38.081 8.395 8.327 0.258 10.905 
041122204613 0.797 21.477 37.769 8.388 8.327 0.259 10.908 
041122210113 0.631 21.494 37.785 8.387 8.327 0.248 10.862 
041122211613 0.805 21.488 37.775 8.385 8.328 0.232 10.894 
041122213113 0.678 21.503 37.788 8.379 8.329 0.249 10.903 
041122214613 0.786 21.503 37.766 8.379 8.330 0.255 10.907 
041122220113 0.611 21.495 37.785 8.376 8.330 0.245 10.873 
041122221613 0.836 21.505 37.763 8.375 8.330 0.306 10.897 
041122223113 0.693 21.501 37.792 8.380 8.331 0.229 10.905 
041122224613 0.704 21.492 37.796 8.379 8.331 0.296 10.908 
041122230113 0.671 21.506 37.796 8.374 8.332 0.253 10.871 
041122231613 0.753 21.495 37.784 8.376 8.331 0.247 10.896 
041122233113 0.632 21.490 37.748 8.375 8.332 0.339 10.905 
041122234613 0.628 21.485 37.783 8.373 8.332 0.358 10.908 
051122000113 0.689 21.478 37.803 8.372 8.333 0.245 10.872 
051122001613 0.731 21.488 37.805 8.367 8.333 0.256 10.897 
051122003113 0.779 21.474 37.787 8.365 8.333 0.294 10.905 
051122004613 0.771 21.473 37.800 8.368 8.334 0.307 10.908 
051122010113 0.702 21.481 37.788 8.361 8.335 0.288 10.862 
051122011613 0.817 21.484 37.789 8.364 8.335 0.279 10.893 
051122013113 0.780 21.493 37.782 8.359 8.334 0.228 10.903 
051122014613 0.735 21.492 37.784 8.357 8.335 0.277 10.907 
051122020113 0.852 21.506 37.771 8.355 8.336 0.283 10.873 
051122021613 0.689 21.506 37.780 8.357 8.337 0.242 10.897 
051122023113 0.752 21.488 37.790 8.356 8.337 0.310 10.905 
051122024613 0.802 21.516 37.746 8.355 8.337 0.249 10.908 
051122030113 0.765 21.513 37.767 8.350 8.338 0.314 10.862 
051122031613 0.842 21.504 37.779 8.348 8.337 0.264 10.893 
051122033113 0.773 21.498 37.789 8.347 8.338 0.284 10.903 
051122034613 0.858 21.498 37.788 8.345 8.338 0.260 10.907 
051122040113 0.769 21.487 37.783 8.345 8.338 0.283 10.865 
051122041613 0.735 21.477 37.777 8.345 8.339 0.393 10.894 
051122043113 0.838 21.417 37.722 8.363 8.340 0.248 10.904 
051122044613 0.892 21.429 37.755 8.360 8.338 0.295 10.907 
051122050113 0.762 21.408 37.771 8.361 8.340 0.313 10.872 
051122051613 0.850 21.431 38.037 8.352 8.341 0.329 10.896 
051122053113 0.791 21.455 37.773 8.344 8.339 0.270 10.904 
051122054613 0.790 21.425 37.792 8.348 8.340 0.303 10.907 
051122060113 0.787 21.463 38.074 8.339 8.339 0.228 10.870 
051122061613 0.808 21.425 37.790 8.350 8.339 0.254 10.896 
051122063113 0.843 21.426 37.815 8.346 8.339 0.228 10.904 
051122064613 0.770 21.428 37.788 8.348 8.339 0.223 10.907 
051122070113 0.840 21.431 37.753 8.338 8.339 0.307 10.873 
051122071613 0.831 21.430 37.773 8.333 8.340 0.290 10.896 
051122073113 0.786 21.438 37.775 8.331 8.339 0.239 10.905 
051122074613 0.840 21.447 37.746 8.327 8.338 0.243 10.908 
051122080113 0.820 21.401 37.756 8.334 8.339 0.282 10.873 
051122081613 0.745 21.341 37.739 8.345 8.339 0.314 10.896 
051122083113 0.745 21.391 37.751 8.327 8.340 0.263 10.904 
051122084613 0.811 21.430 37.769 8.317 8.339 0.261 10.908 
051122090113 0.878 21.407 37.779 8.317 8.339 0.288 10.862 
051122091613 0.766 21.439 37.781 8.311 8.338 0.267 10.893 
051122093113 0.732 21.428 37.781 8.314 8.339 0.238 10.903 
051122094613 0.790 21.406 37.755 8.323 8.338 0.268 10.907 
051122100113 0.845 21.435 37.745 8.315 8.337 0.254 10.873 
051122101613 0.826 21.423 37.774 8.316 8.337 0.184 10.896 
051122103113 0.848 21.430 37.776 8.316 8.337 0.207 10.904 
051122104613 0.835 21.441 37.771 8.323 8.337 0.177 10.908 
051122110113 0.837 21.444 37.771 8.327 8.334 0.104 10.872 
051122111613 0.805 21.454 37.760 8.324 8.332 0.132 10.896 
051122113113 0.838 21.454 37.749 8.326 8.332 0.136 10.904 
051122114613 0.834 21.447 37.768 8.329 8.332 0.122 10.908 
051122120113 0.924 21.458 37.771 8.328 8.331 0.114 10.861 
051122121613 0.811 21.471 37.775 8.327 8.330 0.098 10.893 
051122123113 0.905 21.485 37.780 8.330 8.328 0.101 10.903 
051122124613 0.785 21.505 37.755 8.335 8.328 0.119 10.907 
051122130113 0.825 21.503 37.768 8.338 8.327 0.143 10.871 
051122131613 0.860 21.529 37.778 8.332 8.325 0.082 10.896 
051122133113 0.861 21.519 37.776 8.337 8.325 0.171 10.905 
051122134613 0.812 21.590 37.776 8.323 8.324 0.088 10.908 
051122140113 0.822 21.567 37.750 8.332 8.324 0.099 10.867 
051122141613 0.832 21.532 37.769 8.347 8.325 0.092 10.895 
051122143113 0.812 21.518 37.742 8.357 8.325 0.114 10.904 
051122144613 0.701 21.505 37.759 8.364 8.324 0.109 10.908 
051122150113 0.816 21.489 37.787 8.365 8.323 0.116 10.873 
051122151613 0.901 21.483 37.807 8.368 8.323 0.159 10.897 
051122153113 0.848 21.479 37.780 8.369 8.322 0.120 10.904 
051122154613 0.862 21.461 37.772 8.372 8.323 0.218 10.908 
051122160113 0.919 21.462 37.797 8.371 8.322 0.174 10.871 
051122161613 0.808 21.461 37.779 8.375 8.322 0.181 10.896 
051122163113 0.764 21.451 37.746 8.374 8.322 0.281 10.904 
