SAMBAT Sea Ti  C/T/D/Odo/Fluo/pH GPS : 50195 
V:0,Pression (0/50),m
V:1,Température (-5/35),°C
V:2,Salinité (2/42),g/l
V:3,Oxygène (0/20),mgl
V:4,PH (0/14),pH
V:5,Fluorescence (0/50),µgl
V:6,Tension batterie,V
221122171531 0.669 20.027 36.494 8.233 8.330 0.334 10.759 
221122173030 0.808 20.013 36.490 8.234 8.330 0.342 10.853 
221122174530 0.788 20.018 36.482 8.232 8.330 0.440 10.878 
221122180030 0.681 20.017 36.479 8.227 8.329 0.380 10.834 
221122181530 0.706 20.009 36.485 8.228 8.330 0.316 10.874 
221122183030 0.778 20.016 36.471 8.230 8.330 0.384 10.886 
221122184530 0.724 19.997 36.491 8.239 8.330 0.368 10.892 
221122190030 0.741 20.000 36.450 8.232 8.330 0.380 10.854 
221122191530 0.816 20.002 36.457 8.229 8.330 0.310 10.881 
221122193030 0.610 19.997 36.445 8.224 8.331 0.313 10.890 
221122194530 0.703 19.982 36.454 8.227 8.331 0.367 10.894 
221122200030 0.696 19.993 36.466 8.224 8.330 0.357 10.855 
221122201530 0.741 19.975 36.452 8.225 8.332 0.296 10.881 
221122203030 0.653 19.960 36.457 8.230 8.333 0.309 10.890 
221122204530 0.685 19.957 36.483 8.230 8.333 0.342 10.894 
221122210030 0.662 19.968 36.481 8.225 8.333 0.290 10.837 
221122211530 0.849 19.965 36.488 8.219 8.332 0.404 10.875 
221122213030 0.627 19.974 36.484 8.216 8.334 0.308 10.888 
221122214530 0.776 19.971 36.468 8.218 8.333 0.343 10.893 
221122220030 0.766 19.973 36.477 8.217 8.333 0.311 10.853 
221122221530 0.824 19.960 36.488 8.213 8.334 0.323 10.881 
221122223030 0.689 19.959 36.473 8.207 8.332 0.312 10.890 
221122224530 0.735 19.947 36.477 8.207 8.333 0.283 10.894 
221122230030 0.913 19.951 36.480 8.203 8.334 0.264 10.853 
221122231530 0.706 19.947 36.486 8.200 8.334 0.358 10.881 
221122233030 0.823 19.960 36.487 8.195 8.333 0.379 10.890 
221122234530 0.725 19.935 36.494 8.201 8.334 0.306 10.894 
231122000030 0.820 19.938 36.508 8.200 8.334 0.325 10.855 
231122001530 0.801 19.913 36.492 8.201 8.333 0.362 10.881 
231122003030 0.825 19.942 36.500 8.194 8.334 0.286 10.890 
231122004530 0.796 19.933 36.476 8.197 8.334 0.331 10.894 
231122010030 0.815 19.926 36.446 8.199 8.334 0.313 10.838 
231122011530 0.716 19.939 36.480 8.194 8.334 0.338 10.875 
231122013030 0.799 19.944 36.468 8.191 8.334 0.344 10.888 
231122014530 0.797 19.912 36.458 8.193 8.335 0.308 10.893 
231122020030 0.740 19.903 36.456 8.197 8.334 0.396 10.855 
231122021530 0.753 19.922 36.462 8.188 8.335 0.263 10.881 
231122023030 0.805 19.930 36.469 8.182 8.336 0.321 10.890 
231122024530 0.771 19.909 36.445 8.185 8.336 0.273 10.894 
231122030030 0.644 19.920 36.463 8.184 8.336 0.347 10.854 
231122031530 0.817 19.910 36.460 8.186 8.336 0.367 10.881 
231122033030 0.725 19.909 36.451 8.183 8.337 0.240 10.890 
231122034530 0.676 19.904 36.452 8.183 8.336 0.291 10.894 
231122040030 0.825 19.882 36.464 8.187 8.335 0.288 10.836 
231122041530 0.811 19.900 36.439 8.185 8.335 0.309 10.875 
231122043030 0.837 19.903 36.432 8.181 8.335 0.263 10.887 
231122044530 0.742 19.903 36.430 8.174 8.336 0.321 10.892 
231122050030 0.623 19.890 36.439 8.177 8.335 0.255 10.846 
231122051530 0.813 19.850 36.449 8.179 8.336 0.292 10.878 
231122053030 0.776 19.898 36.436 8.163 8.337 0.356 10.888 
231122054530 0.852 19.906 36.418 8.160 8.335 0.254 10.893 
231122060030 0.852 19.869 36.427 8.169 8.336 0.313 10.854 
231122061530 0.758 19.845 36.432 8.172 8.337 0.310 10.880 
231122063030 0.864 19.854 36.423 8.171 8.336 0.346 10.889 
231122064530 0.809 19.881 36.422 8.162 8.334 0.260 10.893 
231122070030 0.740 19.864 36.413 8.164 8.335 0.344 10.846 
231122071530 0.714 19.878 36.384 8.165 8.336 0.235 10.878 
231122073030 0.801 19.896 36.435 8.161 8.335 0.305 10.888 
231122074530 0.721 19.890 36.413 8.166 8.335 0.290 10.892 
231122080030 0.675 19.851 36.429 8.175 8.336 0.227 10.837 
231122081530 0.787 19.864 36.416 8.171 8.336 0.268 10.874 
231122083030 0.768 19.854 36.426 8.174 8.336 0.338 10.887 
231122084530 0.770 19.872 36.389 8.167 8.335 0.400 10.892 
231122090030 0.809 19.873 36.410 8.169 8.335 0.341 10.855 
231122091530 0.813 19.868 36.416 8.171 8.336 0.272 10.881 
231122093030 0.722 19.865 36.407 8.171 8.336 0.356 10.890 
231122094530 0.752 19.867 36.634 8.170 8.336 0.267 10.893 
231122100030 0.760 19.865 37.013 8.172 8.334 0.267 10.854 
231122101530 0.678 19.869 36.998 8.173 8.336 0.290 10.880 
231122103030 0.710 19.868 36.994 8.168 8.335 0.266 10.889 
231122104530 0.835 19.861 36.420 8.168 8.334 0.240 10.893 
231122110030 0.916 19.852 36.409 8.169 8.333 0.276 10.837 
231122111530 0.758 19.853 36.417 8.169 8.334 0.262 10.875 
231122113030 0.797 19.867 36.378 8.164 8.333 0.191 10.887 
231122114530 0.722 19.863 36.386 8.163 8.332 0.203 10.892 
231122120030 0.803 19.852 36.404 8.159 8.332 0.169 10.853 
231122121530 0.716 19.848 36.418 8.162 8.331 0.180 10.880 
231122123030 0.822 19.859 36.400 8.159 8.331 0.193 10.889 
231122124530 0.897 19.865 36.409 8.159 8.332 0.182 10.893 
231122130030 0.744 19.861 36.413 8.165 8.331 0.265 10.853 
231122131530 0.836 19.853 36.417 8.167 8.332 0.263 10.880 
231122133030 0.793 19.848 36.412 8.170 8.331 0.241 10.889 
231122134530 0.841 19.848 36.417 8.172 8.331 0.253 10.893 
231122140030 0.839 19.842 36.374 8.175 8.332 0.318 10.836 
231122141530 0.774 19.843 36.397 8.177 8.329 0.321 10.874 
231122143030 0.662 19.845 36.399 8.183 8.330 0.306 10.887 
231122144530 0.965 19.844 36.401 8.186 8.330 0.348 10.892 
231122150030 0.875 19.838 36.409 8.186 8.330 0.408 10.854 
231122151530 0.807 19.848 36.414 8.183 8.330 0.324 10.880 
231122153030 0.868 19.835 36.411 8.185 8.330 0.374 10.889 
231122154530 0.804 19.822 36.763 8.185 8.330 0.406 10.893 
231122160030 0.783 19.823 36.437 8.186 8.330 0.375 10.853 
231122161530 0.722 19.829 36.406 8.186 8.329 0.309 10.880 
231122163030 0.780 19.822 36.414 8.190 8.329 0.419 10.889 
231122164530 0.727 19.828 36.399 8.188 8.329 0.352 10.893 
231122170030 0.785 19.836 36.361 8.185 8.329 0.351 10.837 
231122171530 0.759 19.845 36.395 8.178 8.329 0.385 10.874 
