SAMBAT Sea Ti  C/T/D/Odo/Fluo/pH GPS : 50195 
V:0,Pression (0/50),m
V:1,Température (-5/35),°C
V:2,Salinité (2/42),g/l
V:3,Oxygène (0/20),mgl
V:4,PH (0/14),pH
V:5,Fluorescence (0/50),µgl
V:6,Tension batterie,V
281022161436 0.967 22.036 38.525 8.418 8.324 0.131 10.773 
281022162935 0.968 22.025 38.520 8.419 8.324 0.116 10.871 
281022164435 0.984 22.027 38.527 8.413 8.325 0.135 10.895 
281022165935 0.989 22.049 38.542 8.409 8.325 0.172 10.850 
281022171435 1.003 22.040 38.546 8.415 8.325 0.132 10.891 
281022172935 0.990 22.022 38.552 8.418 8.325 0.170 10.903 
281022174435 0.979 21.988 38.532 8.424 8.326 0.195 10.909 
281022175935 1.003 21.979 38.648 8.426 8.327 0.217 10.869 
281022181435 0.970 21.941 38.517 8.442 8.327 0.192 10.898 
281022182935 0.993 21.914 38.635 8.445 8.328 0.198 10.906 
281022184435 0.983 21.877 38.477 8.455 8.328 0.201 10.910 
281022185935 0.981 21.853 38.442 8.468 8.329 0.256 10.852 
281022191435 0.970 21.826 38.520 8.475 8.329 0.251 10.892 
281022192935 0.939 21.808 38.528 8.479 8.330 0.151 10.904 
281022194435 0.998 21.794 38.498 8.480 8.330 0.183 10.909 
281022195935 0.982 21.782 38.505 8.479 8.331 0.193 10.870 
281022201435 1.010 21.757 38.492 8.483 8.331 0.244 10.897 
281022202935 0.969 21.758 38.467 8.483 8.332 0.187 10.906 
281022204435 0.978 21.758 38.507 8.485 8.331 0.224 10.909 
281022205935 0.974 21.746 38.457 8.488 8.332 0.293 10.868 
281022211435 0.981 21.727 38.635 8.487 8.333 0.180 10.896 
281022212935 1.001 21.722 38.487 8.487 8.332 0.201 10.905 
281022214435 0.983 21.725 38.506 8.487 8.333 0.192 10.909 
281022215935 0.959 21.697 38.475 8.491 8.333 0.199 10.852 
281022221435 0.976 21.682 38.496 8.491 8.334 0.182 10.892 
281022222935 0.984 21.672 38.492 8.494 8.334 0.173 10.903 
281022224435 0.971 21.677 38.490 8.498 8.334 0.276 10.908 
281022225935 0.997 21.645 38.475 8.497 8.334 0.236 10.869 
281022231435 0.996 21.645 38.477 8.499 8.335 0.258 10.896 
281022232935 0.986 21.640 38.489 8.499 8.335 0.215 10.905 
281022234435 0.992 21.631 38.494 8.501 8.335 0.295 10.909 
281022235935 0.987 21.615 38.461 8.499 8.336 0.229 10.865 
291022001435 1.005 21.625 38.527 8.494 8.337 0.261 10.895 
291022002935 0.989 21.619 38.468 8.492 8.337 0.178 10.905 
291022004435 0.983 21.607 38.461 8.498 8.337 0.247 10.908 
291022005935 1.008 21.621 38.496 8.492 8.337 0.246 10.851 
291022011435 0.965 21.616 38.511 8.490 8.337 0.232 10.891 
291022012935 0.974 21.610 38.520 8.495 8.337 0.279 10.903 
291022014435 0.987 21.616 38.525 8.487 8.338 0.231 10.907 
291022015935 1.008 21.613 38.532 8.486 8.337 0.239 10.867 
291022021435 0.980 21.616 38.528 8.484 8.338 0.222 10.896 
291022022935 1.003 21.599 38.524 8.493 8.338 0.265 10.905 
291022024435 0.974 21.605 38.440 8.489 8.338 0.226 10.908 
291022025935 0.954 21.604 38.439 8.490 8.338 0.233 10.867 
291022031435 1.003 21.623 38.440 8.483 8.338 0.189 10.896 
291022032935 0.950 21.616 38.443 8.483 8.339 0.199 10.905 
291022034435 0.981 21.618 38.447 8.481 8.338 0.217 10.908 
291022035935 0.986 21.621 38.439 8.479 8.339 0.276 10.851 
291022041435 0.989 21.620 38.438 8.483 8.339 0.220 10.891 
291022042935 0.990 21.618 38.435 8.484 8.339 0.226 10.903 
291022044435 0.973 21.623 38.440 8.485 8.339 0.226 10.907 
291022045935 0.963 21.607 38.434 8.481 8.339 0.203 10.868 
291022051435 0.966 21.618 38.442 8.485 8.339 0.247 10.896 
291022052935 0.978 21.615 38.436 8.482 8.339 0.228 10.905 
291022054435 0.974 21.633 38.438 8.483 8.339 0.225 10.908 
291022055935 0.964 21.616 38.424 8.487 8.339 0.222 10.869 
291022061435 0.957 21.625 38.430 8.491 8.339 0.187 10.896 
291022062935 0.984 21.628 38.432 8.489 8.339 0.213 10.905 
291022064435 0.976 21.625 38.430 8.489 8.339 0.242 10.908 
291022065935 0.973 21.625 38.427 8.490 8.339 0.200 10.851 
291022071435 0.964 21.628 38.420 8.495 8.339 0.215 10.891 
291022072935 0.954 21.620 38.428 8.495 8.339 0.250 10.903 
291022074435 0.968 21.618 38.417 8.494 8.339 0.262 10.907 
291022075935 0.979 21.616 38.418 8.499 8.339 0.227 10.868 
291022081435 0.981 21.620 38.460 8.500 8.339 0.246 10.896 
291022082935 0.968 21.631 38.504 8.502 8.339 0.222 10.905 
291022084435 0.982 21.626 38.439 8.501 8.338 0.238 10.908 
291022085935 0.979 21.614 38.501 8.507 8.339 0.247 10.868 
291022091435 0.980 21.621 38.510 8.502 8.337 0.213 10.896 
291022092935 0.979 21.625 38.508 8.504 8.337 0.167 10.905 
291022094435 0.984 21.620 38.509 8.499 8.337 0.126 10.908 
291022095935 0.980 21.623 38.445 8.503 8.336 0.117 10.865 
291022101435 0.979 21.630 38.497 8.499 8.335 0.080 10.895 
291022102935 0.970 21.633 38.500 8.497 8.334 0.091 10.905 
291022104435 0.988 21.642 38.596 8.491 8.333 0.095 10.908 
291022105935 0.981 21.654 38.507 8.485 8.332 0.103 10.851 
291022111435 0.987 21.670 38.510 8.484 8.332 0.078 10.891 
291022112935 0.970 21.677 38.509 8.482 8.330 0.050 10.903 
291022114435 0.964 21.679 38.437 8.487 8.330 0.061 10.908 
291022115935 0.983 21.691 38.455 8.479 8.328 0.090 10.868 
291022121435 0.979 21.705 38.489 8.482 8.328 0.057 10.896 
291022122935 0.970 21.718 38.504 8.482 8.327 0.035 10.905 
291022124435 0.970 21.727 38.506 8.479 8.327 0.080 10.909 
291022125935 0.942 21.758 38.494 8.474 8.326 0.074 10.868 
291022131435 1.029 21.794 38.491 8.467 8.325 0.052 10.897 
291022132935 1.000 21.834 38.472 8.464 8.325 0.030 10.906 
291022134435 0.986 21.925 38.483 8.447 8.323 0.075 10.909 
291022135935 0.962 21.936 38.456 8.447 8.323 0.032 10.869 
291022141435 0.913 21.877 38.470 8.457 8.323 0.067 10.897 
291022142935 0.926 21.837 38.471 8.475 8.323 0.041 10.906 
291022144435 0.970 21.818 38.602 8.478 8.323 0.058 10.910 
291022145935 0.908 21.816 38.493 8.477 8.323 0.062 10.853 
291022151435 0.937 21.814 38.489 8.482 8.322 0.082 10.892 
291022152935 0.867 21.809 38.473 8.485 8.322 0.087 10.904 
291022154435 0.937 21.809 38.486 8.485 8.322 0.099 10.909 
291022155935 0.968 21.799 38.518 8.482 8.322 0.132 10.869 
291022161435 1.019 21.798 38.500 8.482 8.322 0.102 10.897 
