SAMBAT Sea Ti  C/T/D/Odo/Fluo/pH GPS : 50195 
V:0,Pression (0/50),m
V:1,Température (-5/35),°C
V:2,Salinité (2/42),g/l
V:3,Oxygène (0/20),mgl
V:4,PH (0/14),pH
V:5,Fluorescence (0/50),µgl
V:6,Tension batterie,V
191222182123 1.099 16.582 35.433 8.807 8.331 0.702 10.730 
191222183622 1.090 16.579 35.426 8.810 8.332 0.697 10.818 
191222185122 1.074 16.575 35.473 8.812 8.332 0.528 10.844 
191222190622 1.086 16.571 35.403 8.815 8.332 0.615 10.823 
191222192122 1.072 16.560 35.422 8.816 8.333 0.600 10.846 
191222193622 1.062 16.567 35.421 8.820 8.333 0.493 10.855 
191222195122 1.090 16.563 35.407 8.826 8.333 0.514 10.860 
191222200622 1.088 16.565 35.410 8.827 8.333 0.564 10.834 
191222202122 1.088 16.570 35.413 8.829 8.333 0.586 10.851 
191222203622 1.109 16.554 35.423 8.836 8.334 0.537 10.858 
191222205122 1.089 16.545 35.405 8.847 8.334 0.562 10.862 
191222210622 1.095 16.554 35.409 8.860 8.334 0.703 10.830 
191222212122 1.095 16.558 35.403 8.869 8.334 0.570 10.851 
191222213622 1.084 16.548 35.405 8.868 8.334 0.621 10.859 
191222215122 1.088 16.538 35.399 8.873 8.334 0.580 10.862 
191222220622 1.102 16.545 35.390 8.875 8.335 0.539 10.833 
191222222122 1.098 16.544 35.391 8.881 8.335 0.619 10.852 
191222223622 1.100 16.545 35.367 8.879 8.335 0.549 10.859 
191222225122 1.074 16.548 35.624 8.878 8.334 0.532 10.862 
191222230622 1.077 16.534 35.736 8.877 8.336 0.544 10.826 
191222232122 1.068 16.541 35.879 8.870 8.335 0.520 10.849 
191222233622 1.093 16.549 35.890 8.861 8.336 0.413 10.857 
191222235122 1.102 16.546 35.853 8.859 8.335 0.504 10.862 
201222000622 1.075 16.545 35.794 8.855 8.335 0.577 10.833 
201222002122 1.074 16.533 35.795 8.853 8.335 0.468 10.851 
201222003622 1.078 16.536 35.353 8.849 8.336 0.493 10.859 
201222005122 1.071 16.546 35.783 8.841 8.336 0.486 10.862 
201222010622 1.096 16.552 35.874 8.842 8.336 0.492 10.834 
201222012122 1.104 16.547 35.413 8.845 8.336 0.502 10.852 
201222013622 1.091 16.541 35.398 8.843 8.337 0.542 10.859 
201222015122 1.083 16.545 35.350 8.847 8.337 0.485 10.862 
201222020622 1.066 16.535 35.336 8.851 8.337 0.483 10.826 
201222022122 1.083 16.534 35.308 8.852 8.337 0.445 10.849 
201222023622 1.088 16.512 35.344 8.856 8.338 0.537 10.857 
201222025122 1.075 16.509 35.397 8.858 8.338 0.533 10.861 
201222030622 1.082 16.505 35.376 8.860 8.338 0.483 10.834 
201222032122 1.088 16.524 35.362 8.862 8.338 0.489 10.852 
201222033622 1.093 16.526 35.353 8.860 8.338 0.488 10.859 
201222035122 1.090 16.529 35.384 8.859 8.337 0.508 10.862 
201222040622 1.085 16.520 35.395 8.861 8.338 0.401 10.829 
201222042122 1.071 16.514 35.373 8.865 8.339 0.452 10.851 
201222043622 1.092 16.511 35.359 8.864 8.339 0.521 10.858 
201222045122 1.064 16.511 35.754 8.867 8.339 0.542 10.862 
201222050622 1.047 16.510 35.353 8.865 8.339 0.646 10.826 
201222052122 1.067 16.509 35.344 8.864 8.339 0.491 10.848 
201222053622 1.092 16.501 35.340 8.865 8.340 0.451 10.857 
201222055122 1.056 16.494 35.348 8.863 8.340 0.509 10.861 
201222060622 1.062 16.508 35.352 8.865 8.339 0.488 10.834 
201222062122 1.052 16.509 35.352 8.868 8.340 0.478 10.851 
201222063622 1.073 16.515 35.345 8.867 8.340 0.426 10.858 
201222065122 1.061 16.521 35.322 8.867 8.341 0.451 10.862 
201222070622 1.040 16.509 35.354 8.869 8.340 0.539 10.834 
201222072122 1.078 16.529 35.336 8.865 8.340 0.456 10.852 
201222073622 1.072 16.524 35.336 8.869 8.341 0.482 10.859 
201222075122 1.063 16.529 35.294 8.866 8.340 0.374 10.862 
201222080622 1.069 16.529 35.409 8.864 8.340 0.494 10.832 
201222082122 1.035 16.526 35.420 8.871 8.341 0.549 10.851 
201222083622 1.044 16.524 35.791 8.875 8.341 0.625 10.858 
201222085122 1.042 16.521 35.819 8.876 8.342 0.528 10.862 
201222090622 1.048 16.528 35.441 8.880 8.342 0.424 10.829 
201222092122 1.036 16.533 35.448 8.880 8.341 0.464 10.851 
201222093622 1.073 16.533 35.408 8.886 8.342 0.390 10.858 
201222095122 1.072 16.535 35.433 8.892 8.341 0.363 10.862 
201222100622 1.076 16.534 35.441 8.896 8.341 0.251 10.834 
201222102122 1.062 16.540 35.446 8.897 8.341 0.225 10.852 
201222103622 1.085 16.539 35.915 8.903 8.341 0.205 10.859 
201222105122 1.064 16.539 35.803 8.908 8.340 0.152 10.862 
201222110622 1.069 16.537 35.858 8.913 8.340 0.180 10.826 
201222112122 1.056 16.541 35.459 8.913 8.340 0.151 10.849 
201222113622 1.068 16.545 35.433 8.916 8.341 0.157 10.857 
201222115122 1.066 16.554 35.424 8.918 8.339 0.152 10.862 
201222120622 1.068 16.562 35.416 8.913 8.339 0.157 10.830 
201222122122 1.061 16.563 35.419 8.910 8.339 0.130 10.851 
201222123622 1.044 16.570 35.415 8.903 8.339 0.153 10.859 
201222125122 1.055 16.585 35.409 8.890 8.338 0.139 10.862 
201222130622 1.054 16.591 35.406 8.886 8.338 0.080 10.834 
201222132122 1.054 16.587 35.399 8.886 8.339 0.118 10.852 
201222133622 1.058 16.611 35.396 8.872 8.336 0.141 10.859 
201222135122 1.040 16.604 35.397 8.872 8.338 0.094 10.862 
201222140622 1.044 16.652 35.872 8.867 8.337 0.143 10.827 
201222142122 1.063 16.668 35.711 8.864 8.336 0.117 10.849 
201222143622 1.068 16.613 35.787 8.875 8.337 0.135 10.858 
201222145122 1.060 16.655 35.410 8.871 8.336 0.139 10.862 
201222150622 1.014 16.679 35.820 8.869 8.336 0.161 10.835 
201222152122 1.022 16.668 35.432 8.880 8.335 0.183 10.853 
201222153622 1.018 16.677 35.423 8.884 8.336 0.182 10.860 
201222155122 1.049 16.654 35.459 8.894 8.337 0.206 10.863 
201222160622 1.050 16.652 35.425 8.901 8.337 0.241 10.835 
201222162122 1.046 16.640 35.422 8.908 8.336 0.378 10.853 
201222163622 1.079 16.649 35.756 8.908 8.335 0.356 10.860 
201222165122 1.016 16.628 35.687 8.918 8.336 0.427 10.863 
201222170622 1.039 16.613 35.822 8.923 8.336 0.476 10.827 
201222172122 1.013 16.600 35.356 8.931 8.336 0.516 10.849 
201222173622 1.029 16.597 35.726 8.938 8.337 0.431 10.858 
201222175122 1.040 16.587 35.342 8.940 8.337 0.474 10.862 
201222180622 1.054 16.582 35.805 8.940 8.337 0.490 10.835 
201222182122 1.006 16.561 35.797 8.941 8.336 0.426 10.852 
