SAMBAT Sea Ti  C/T/D/Odo/Fluo/pH GPS : 50195 
V:0,Pression (0/50),m
V:1,Température (-5/35),°C
V:2,Salinité (2/42),g/l
V:3,Oxygène (0/20),mgl
V:4,PH (0/14),pH
V:5,Fluorescence (0/50),µgl
V:6,Tension batterie,V
151122165800 0.851 20.766 37.233 8.146 8.327 0.354 10.760 
151122171259 0.828 20.763 37.243 8.148 8.331 0.393 10.857 
151122172759 0.854 20.768 37.231 8.154 8.329 0.442 10.884 
151122174259 0.849 20.765 37.252 8.163 8.330 0.407 10.894 
151122175759 0.849 20.768 37.249 8.164 8.327 0.380 10.832 
151122181259 0.839 20.779 37.250 8.170 8.325 0.380 10.879 
151122182759 0.842 20.765 37.216 8.173 8.327 0.386 10.893 
151122184259 0.856 20.771 37.230 8.178 8.326 0.419 10.899 
151122185759 0.857 20.766 37.246 8.178 8.328 0.455 10.851 
151122191259 0.868 20.758 37.240 8.177 8.327 0.365 10.885 
151122192759 0.830 20.766 37.236 8.175 8.327 0.389 10.896 
151122194259 0.880 20.772 37.240 8.176 8.328 0.307 10.900 
151122195759 0.861 20.766 37.234 8.176 8.329 0.413 10.836 
151122201259 0.849 20.755 37.233 8.178 8.330 0.323 10.881 
151122202759 0.839 20.761 37.230 8.182 8.330 0.435 10.894 
151122204259 0.845 20.760 37.233 8.186 8.329 0.379 10.899 
151122205759 0.875 20.761 37.226 8.197 8.330 0.366 10.852 
151122211259 0.847 20.762 37.223 8.202 8.330 0.305 10.886 
151122212759 0.834 20.755 37.226 8.210 8.330 0.261 10.896 
151122214259 0.831 20.758 37.222 8.219 8.331 0.285 10.901 
151122215759 0.857 20.754 37.228 8.226 8.331 0.355 10.850 
151122221259 0.833 20.753 37.225 8.228 8.331 0.374 10.885 
151122222759 0.844 20.749 37.216 8.232 8.331 0.316 10.896 
151122224259 0.822 20.749 37.216 8.234 8.330 0.334 10.901 
151122225759 0.873 20.743 37.212 8.236 8.331 0.357 10.834 
151122231259 0.808 20.737 37.205 8.237 8.330 0.301 10.880 
151122232759 0.827 20.731 37.201 8.232 8.332 0.303 10.894 
151122234259 0.782 20.728 37.195 8.234 8.330 0.369 10.899 
151122235759 0.812 20.707 37.173 8.233 8.331 0.264 10.833 
161122001259 0.816 20.708 37.196 8.229 8.332 0.342 10.880 
161122002759 0.795 20.659 37.151 8.223 8.331 0.283 10.894 
161122004259 0.836 20.656 37.168 8.218 8.331 0.302 10.899 
161122005759 0.824 20.658 37.180 8.216 8.333 0.331 10.854 
161122011259 0.878 20.627 37.160 8.211 8.332 0.288 10.886 
161122012759 0.771 20.686 37.189 8.214 8.333 0.301 10.896 
161122014259 0.810 20.653 37.185 8.214 8.332 0.280 10.900 
161122015759 0.847 20.624 37.180 8.208 8.330 0.362 10.854 
161122021259 0.757 20.599 37.211 8.194 8.329 0.350 10.886 
161122022759 0.799 20.600 37.201 8.176 8.329 0.376 10.896 
161122024259 0.827 20.603 37.199 8.161 8.330 0.410 10.900 
161122025759 0.818 20.580 37.194 8.152 8.328 0.451 10.833 
161122031259 0.803 20.581 37.212 8.137 8.327 0.371 10.879 
161122032759 0.745 20.593 37.191 8.120 8.329 0.326 10.893 
161122034259 0.785 20.662 37.177 8.113 8.330 0.425 10.899 
161122035759 0.825 20.649 37.183 8.101 8.329 0.317 10.853 
161122041259 0.833 20.649 37.188 8.092 8.328 0.446 10.886 
161122042759 0.790 20.651 37.194 8.090 8.330 0.329 10.896 
161122044259 0.782 20.685 37.174 8.102 8.331 0.283 10.900 
161122045759 0.784 20.683 37.181 8.113 8.331 0.331 10.855 
161122051259 0.795 20.690 37.184 8.125 8.330 0.329 10.886 
161122052759 0.788 20.703 37.186 8.134 8.331 0.332 10.896 
161122054259 0.786 20.708 37.201 8.147 8.330 0.316 10.900 
161122055759 0.784 20.712 37.194 8.163 8.333 0.273 10.852 
161122061259 0.769 20.701 37.187 8.170 8.332 0.256 10.886 
161122062759 0.777 20.716 37.188 8.178 8.332 0.333 10.896 
161122064259 0.753 20.704 37.170 8.188 8.333 0.330 10.900 
161122065759 0.777 20.704 37.186 8.196 8.333 0.250 10.834 
161122071259 0.795 20.678 37.177 8.199 8.332 0.302 10.880 
161122072759 0.767 20.671 37.468 8.204 8.333 0.368 10.894 
161122074259 0.800 20.678 37.721 8.200 8.332 0.293 10.899 
161122075759 0.777 20.692 37.559 8.201 8.331 0.372 10.853 
161122081259 0.780 20.680 37.212 8.205 8.332 0.398 10.886 
161122082759 0.748 20.699 37.204 8.204 8.332 0.398 10.896 
161122084259 0.765 20.695 37.206 8.206 8.332 0.286 10.900 
161122085759 0.844 20.690 37.201 8.205 8.330 0.389 10.854 
161122091259 0.804 20.684 37.190 8.207 8.332 0.396 10.886 
161122092759 0.846 20.679 37.175 8.214 8.326 0.235 10.896 
161122094259 0.780 20.667 37.159 8.216 8.332 0.295 10.900 
161122095759 0.877 20.658 37.136 8.218 8.333 0.305 10.845 
161122101259 0.776 20.643 37.130 8.226 8.333 0.400 10.883 
161122102759 0.877 20.644 37.135 8.229 8.333 0.280 10.895 
161122104259 0.744 20.613 37.113 8.231 8.332 0.288 10.900 
161122105759 0.756 20.600 37.074 8.231 8.326 0.290 10.853 
161122111259 0.742 20.603 37.074 8.226 8.332 0.254 10.886 
161122112759 0.680 20.600 37.068 8.224 8.331 0.223 10.896 
161122114259 0.719 20.614 37.093 8.219 8.331 0.148 10.900 
161122115759 0.704 20.626 37.078 8.214 8.330 0.282 10.852 
161122121259 0.694 20.637 37.106 8.212 8.330 0.222 10.885 
161122122759 0.779 20.647 37.095 8.212 8.328 0.169 10.896 
161122124259 0.706 20.654 37.113 8.211 8.328 0.110 10.900 
161122125759 0.757 20.659 37.104 8.213 8.329 0.271 10.833 
161122131259 0.702 20.647 37.087 8.213 8.328 0.100 10.880 
161122132759 0.718 20.651 37.078 8.216 8.325 0.096 10.893 
161122134259 0.757 20.663 37.105 8.223 8.326 0.140 10.899 
161122135759 0.803 20.670 37.104 8.227 8.325 0.114 10.853 
161122141259 0.818 20.710 37.112 8.232 8.326 0.129 10.886 
161122142759 0.795 20.716 37.115 8.237 8.327 0.111 10.896 
161122144259 0.694 20.723 37.096 8.240 8.325 0.201 10.900 
161122145759 0.696 20.727 37.116 8.242 8.326 0.187 10.853 
161122151259 0.762 20.735 37.110 8.245 8.325 0.180 10.886 
161122152759 0.764 20.727 37.126 8.244 8.326 0.244 10.896 
161122154259 0.836 20.709 37.123 8.249 8.326 0.343 10.900 
161122155759 0.805 20.705 37.122 8.251 8.327 0.312 10.833 
161122161259 0.742 20.697 37.123 8.254 8.326 0.414 10.880 
161122162759 0.715 20.716 37.122 8.257 8.326 0.225 10.894 
161122164259 0.760 20.714 37.119 8.257 8.325 0.256 10.899 
161122165759 0.717 20.716 37.130 8.260 8.324 0.312 10.853 
