SAMBAT Sea Ti  C/T/D/Odo/Fluo/pH GPS : 50195 
V:0,Pression (0/50),m
V:1,Température (-5/35),°C
V:2,Salinité (2/42),g/l
V:3,Oxygène (0/20),mgl
V:4,PH (0/14),pH
V:5,Fluorescence (0/50),µgl
V:6,Tension batterie,V
250822132805 0.831 26.688 38.228 7.717 8.266 0.100 10.817 
250822134304 0.821 26.770 38.179 7.707 8.265 0.060 10.923 
250822135804 0.819 26.876 38.239 7.682 8.263 0.055 10.921 
250822141304 0.846 27.169 38.237 7.620 8.262 0.077 10.943 
250822142804 0.797 27.168 38.268 7.611 8.261 0.100 10.948 
250822144304 0.808 27.161 38.271 7.608 8.260 0.073 10.950 
250822145804 0.834 27.114 38.257 7.612 8.260 0.047 10.927 
250822151304 0.804 27.078 38.250 7.613 8.260 0.096 10.946 
250822152804 0.794 27.046 38.268 7.615 8.260 0.034 10.949 
250822154304 0.831 26.967 38.251 7.620 8.261 0.077 10.951 
250822155804 0.808 26.935 38.263 7.619 8.261 0.049 10.927 
250822161304 0.822 26.905 38.299 7.624 8.260 0.076 10.945 
250822162804 0.810 26.919 38.311 7.622 8.260 0.083 10.950 
250822164304 0.869 26.919 38.309 7.626 8.260 0.043 10.951 
250822165804 0.795 26.919 38.316 7.633 8.261 0.091 10.913 
250822171304 0.810 26.911 38.273 7.640 8.261 0.102 10.942 
250822172804 0.837 26.917 38.266 7.641 8.261 0.096 10.949 
250822174304 0.842 26.922 38.270 7.641 8.262 0.116 10.950 
250822175804 0.829 26.927 38.267 7.642 8.261 0.119 10.927 
250822181304 0.818 26.925 38.272 7.643 8.260 0.108 10.945 
250822182804 0.823 26.924 38.276 7.642 8.262 0.136 10.949 
250822184304 0.798 26.970 38.273 7.629 8.262 0.147 10.951 
250822185804 0.815 27.036 38.274 7.616 8.262 0.164 10.923 
250822191304 0.828 27.054 38.229 7.605 8.262 0.155 10.945 
250822192804 0.786 27.012 38.263 7.605 8.262 0.145 10.950 
250822194304 0.798 26.999 38.258 7.598 8.263 0.170 10.951 
250822195804 0.804 26.967 38.808 7.598 8.263 0.187 10.914 
250822201304 0.812 26.927 38.266 7.599 8.265 0.188 10.943 
250822202804 0.795 26.895 38.274 7.599 8.265 0.185 10.949 
250822204304 0.799 26.829 38.273 7.611 8.265 0.219 10.951 
250822205804 0.818 26.788 38.263 7.614 8.268 0.230 10.927 
250822211304 0.800 26.748 38.252 7.617 8.270 0.447 10.945 
250822212804 0.829 26.673 38.267 7.631 8.273 0.233 10.949 
250822214304 0.820 26.588 38.261 7.646 8.270 0.396 10.950 
250822215804 0.818 26.577 38.247 7.640 8.269 0.193 10.912 
250822221304 0.817 26.556 38.249 7.636 8.267 0.197 10.941 
250822222804 0.823 26.544 38.261 7.633 8.269 0.220 10.948 
250822224304 0.816 26.534 38.266 7.631 8.271 0.186 10.949 
250822225804 0.829 26.503 38.270 7.632 8.271 0.189 10.926 
250822231304 0.826 26.506 38.268 7.625 8.272 0.341 10.944 
250822232804 0.815 26.515 38.272 7.621 8.270 0.202 10.948 
250822234304 0.821 26.501 38.209 7.615 8.272 0.214 10.949 
250822235804 0.813 26.506 38.281 7.607 8.273 0.235 10.925 
260822001304 0.849 26.499 38.288 7.610 8.272 0.203 10.943 
260822002804 0.811 26.512 38.300 7.611 8.273 0.279 10.948 
260822004304 0.822 26.501 38.309 7.614 8.271 0.350 10.949 
260822005804 0.821 26.515 38.305 7.613 8.271 0.177 10.911 
260822011304 0.831 26.511 38.305 7.609 8.270 0.186 10.940 
260822012804 0.815 26.533 38.302 7.602 8.271 0.215 10.947 
260822014304 0.809 26.542 38.323 7.599 8.271 0.192 10.949 
260822015804 0.811 26.566 38.280 7.589 8.271 0.159 10.925 
260822021304 0.809 26.578 38.318 7.581 8.271 0.230 10.944 
260822022804 0.834 26.588 38.304 7.577 8.271 0.169 10.948 
260822024304 0.809 26.596 38.323 7.569 8.271 0.179 10.949 
260822025804 0.833 26.597 38.313 7.569 8.271 0.170 10.927 
260822031304 0.814 26.600 38.312 7.571 8.272 0.177 10.944 
260822032804 0.823 26.616 38.317 7.571 8.272 0.163 10.948 
260822034304 0.812 26.610 38.318 7.579 8.273 0.135 10.949 
260822035804 0.810 26.600 38.307 7.589 8.274 0.164 10.923 
260822041304 0.789 26.564 38.315 7.600 8.275 0.174 10.944 
260822042804 0.815 26.537 38.316 7.609 8.277 0.132 10.948 
260822044304 0.812 26.526 38.306 7.615 8.276 0.171 10.949 
260822045804 0.795 26.515 38.305 7.622 8.276 0.162 10.912 
260822051304 0.815 26.488 38.318 7.629 8.277 0.169 10.941 
260822052804 0.814 26.465 38.307 7.643 8.278 0.147 10.947 
260822054304 0.816 26.426 38.317 7.655 8.279 0.150 10.949 
260822055804 0.831 26.437 38.312 7.657 8.278 0.156 10.925 
260822061304 0.819 26.408 38.303 7.655 8.278 0.146 10.943 
260822062804 0.798 26.399 38.298 7.654 8.278 0.167 10.947 
260822064304 0.812 26.385 38.305 7.653 8.279 0.168 10.949 
260822065804 0.793 26.374 38.284 7.657 8.277 0.143 10.924 
260822071304 0.813 26.360 38.306 7.666 8.279 0.129 10.943 
260822072804 0.836 26.376 38.315 7.668 8.281 0.141 10.947 
260822074304 0.826 26.423 38.316 7.663 8.279 0.122 10.948 
260822075804 0.819 26.448 38.326 7.656 8.279 0.142 10.910 
260822081304 0.808 26.457 38.309 7.650 8.278 0.135 10.940 
260822082804 0.816 26.460 38.304 7.650 8.277 0.114 10.946 
260822084304 0.819 26.460 38.301 7.655 8.275 0.122 10.948 
260822085804 0.803 26.476 38.290 7.649 8.274 0.094 10.923 
260822091304 0.824 26.484 38.288 7.651 8.274 0.102 10.942 
260822092804 0.828 26.507 38.285 7.652 8.272 0.082 10.947 
260822094304 0.822 26.517 38.259 7.649 8.272 0.082 10.949 
260822095804 0.833 26.520 38.298 7.644 8.272 0.065 10.924 
260822101304 0.798 26.526 38.294 7.648 8.272 0.057 10.943 
260822102804 0.829 26.537 38.216 7.652 8.271 0.048 10.948 
260822104304 0.802 26.553 38.305 7.654 8.270 0.083 10.949 
260822105804 0.797 26.558 38.309 7.655 8.270 0.063 10.911 
260822111304 0.775 26.583 38.301 7.655 8.269 0.064 10.940 
260822112804 0.830 26.600 38.303 7.662 8.269 0.062 10.947 
260822114304 0.799 26.593 38.301 7.671 8.268 0.060 10.949 
260822115804 0.820 26.597 38.295 7.675 8.268 0.061 10.925 
260822121304 0.788 26.605 38.295 7.684 8.267 0.061 10.944 
260822122804 0.780 26.618 38.311 7.686 8.266 0.062 10.948 
260822124304 0.817 26.653 38.308 7.683 8.266 0.060 10.949 
260822125804 0.795 26.697 38.302 7.679 8.265 0.092 10.926 
260822131304 0.799 26.735 38.288 7.681 8.264 0.076 10.944 
260822132804 0.816 26.796 38.314 7.671 8.263 0.057 10.949 
260822133505 0.815 26.757 38.305 7.677 8.263 0.079 10.781 
260822135005 0.837 26.820 38.274 7.670 8.263 0.073 10.891 
260822140505 0.845 26.895 38.270 7.663 8.262 0.086 10.926 
260822142005 0.794 26.925 38.297 7.647 8.261 0.080 10.940 
260822143505 0.822 26.967 38.297 7.635 8.261 0.089 10.945 
260822145005 0.777 27.111 38.297 7.602 8.261 0.108 10.918 
260822150505 0.834 26.959 38.270 7.629 8.262 0.056 10.931 
260822152005 0.788 27.062 38.266 7.603 8.261 0.083 10.945 
260822153505 0.804 27.095 38.265 7.593 8.262 0.124 10.948 
260822155005 0.762 27.148 38.305 7.577 8.261 0.090 10.920 
260822160505 0.789 27.151 38.309 7.573 8.261 0.092 10.939 
260822162005 0.753 27.057 38.307 7.587 8.261 0.081 10.948 
260822163505 0.763 26.953 38.278 7.609 8.262 0.060 10.950 
260822165005 0.777 27.057 38.283 7.590 8.261 0.073 10.920 
260822170505 0.789 26.991 38.268 7.598 8.262 0.074 10.939 
260822172005 0.806 27.208 38.263 7.557 8.260 0.124 10.948 
260822173505 0.780 27.229 38.305 7.548 8.260 0.133 10.950 
260822175005 0.764 27.293 38.298 7.529 8.259 0.118 10.921 
260822180505 0.769 27.293 38.301 7.525 8.260 0.141 10.934 
260822182005 0.786 27.298 38.304 7.518 8.262 0.140 10.947 
260822183505 0.810 27.254 38.302 7.525 8.262 0.123 10.951 
260822185005 0.797 27.228 38.298 7.528 8.262 0.153 10.922 
260822190505 0.796 27.179 38.300 7.527 8.263 0.129 10.941 
260822192005 0.809 27.085 38.300 7.536 8.266 0.143 10.949 
260822193505 0.736 27.049 38.302 7.545 8.266 0.156 10.951 
260822195005 0.778 26.998 38.298 7.550 8.268 0.127 10.921 
260822200505 0.794 26.969 38.293 7.557 8.268 0.126 10.940 
260822202005 0.795 26.949 38.295 7.561 8.269 0.131 10.948 
260822203505 0.768 26.943 38.299 7.561 8.268 0.199 10.950 
260822205005 0.772 26.930 38.306 7.564 8.270 0.131 10.921 
260822210505 0.786 26.913 38.303 7.568 8.270 0.222 10.933 
260822212005 0.765 26.872 38.305 7.571 8.270 0.180 10.946 
260822213505 0.767 26.861 38.285 7.575 8.270 0.195 10.950 
260822215005 0.779 26.753 38.301 7.588 8.271 0.192 10.921 
260822220505 0.795 26.710 38.283 7.591 8.273 0.188 10.939 
260822222005 0.789 26.667 38.277 7.597 8.274 0.141 10.948 
260822223505 0.786 26.643 38.282 7.595 8.274 0.159 10.949 
260822225005 0.771 26.627 38.275 7.596 8.275 0.212 10.919 
260822230505 0.806 26.604 38.295 7.597 8.277 0.167 10.938 
260822232005 0.794 26.611 38.352 7.598 8.279 0.150 10.947 
260822233505 0.777 26.613 38.329 7.598 8.279 0.172 10.949 
260822235005 0.790 26.615 38.339 7.597 8.280 0.156 10.919 
270822000505 0.793 26.597 38.335 7.600 8.276 0.392 10.931 
270822002005 0.786 26.596 38.319 7.603 8.281 0.145 10.945 
270822003505 0.805 26.616 38.310 7.598 8.282 0.273 10.948 
270822005005 0.795 26.610 38.307 7.601 8.282 0.155 10.919 
270822010505 0.779 26.616 38.310 7.603 8.282 0.263 10.937 
270822012005 0.807 26.623 38.305 7.602 8.282 0.277 10.946 
270822013505 0.798 26.630 38.315 7.601 8.283 0.337 10.949 
270822015005 0.772 26.642 38.318 7.591 8.283 0.151 10.920 
270822020505 0.808 26.664 38.314 7.587 8.283 0.114 10.932 
270822022005 0.794 26.665 38.331 7.589 8.284 0.117 10.945 
270822023505 0.796 26.669 38.304 7.585 8.284 0.308 10.948 
270822025005 0.794 26.686 38.297 7.583 8.283 0.186 10.920 
270822030505 0.800 26.697 38.313 7.579 8.284 0.142 10.938 
270822032005 0.778 26.691 38.214 7.582 8.284 0.146 10.946 
270822033505 0.769 26.675 38.324 7.586 8.284 0.163 10.949 
270822035005 0.794 26.681 38.325 7.589 8.284 0.143 10.919 
270822040505 0.797 26.665 38.329 7.591 8.284 0.159 10.938 
270822042005 0.794 26.649 38.328 7.601 8.284 0.178 10.947 
270822043505 0.768 26.651 38.324 7.601 8.284 0.191 10.949 
270822045005 0.797 26.638 38.320 7.600 8.284 0.207 10.920 
270822050505 0.800 26.643 38.318 7.605 8.285 0.184 10.932 
270822052005 0.786 26.627 38.319 7.607 8.286 0.109 10.945 
270822053505 0.804 26.616 38.316 7.613 8.286 0.194 10.948 
270822055005 0.807 26.630 38.316 7.612 8.286 0.165 10.925 
270822060505 0.787 26.629 38.316 7.612 8.286 0.125 10.939 
270822062005 0.762 26.624 38.316 7.612 8.286 0.186 10.947 
270822063505 0.813 26.621 38.322 7.613 8.286 0.127 10.949 
270822065005 0.773 26.624 38.325 7.611 8.284 0.183 10.922 
270822070505 0.774 26.613 38.319 7.612 8.284 0.173 10.939 
270822072005 0.799 26.613 38.327 7.615 8.284 0.182 10.947 
270822073505 0.788 26.616 38.380 7.613 8.285 0.114 10.949 
270822075005 0.793 26.605 38.379 7.613 8.284 0.174 10.919 
270822080505 0.751 26.608 38.371 7.612 8.283 0.138 10.932 
270822082005 0.799 26.613 38.373 7.608 8.284 0.124 10.945 
270822083505 0.817 26.613 38.376 7.609 8.283 0.104 10.948 
270822085005 0.790 26.615 38.374 7.611 8.282 0.121 10.919 
270822090505 0.811 26.624 38.370 7.613 8.281 0.079 10.938 
270822092005 0.769 26.634 38.378 7.614 8.280 0.090 10.946 
270822093505 0.788 26.642 38.373 7.620 8.280 0.088 10.949 
270822095005 0.778 26.653 38.375 7.621 8.279 0.079 10.919 
270822100505 0.788 26.661 38.382 7.628 8.278 0.078 10.938 
270822102005 0.804 26.673 38.379 7.630 8.276 0.040 10.947 
270822103505 0.777 26.683 38.374 7.635 8.276 0.045 10.949 
270822105005 0.804 26.721 38.375 7.637 8.276 0.065 10.920 
270822110505 0.769 26.732 38.370 7.637 8.276 0.055 10.933 
270822112005 0.783 26.781 38.365 7.634 8.274 0.048 10.946 
270822113505 0.766 26.762 38.382 7.646 8.275 0.025 10.949 
270822115005 0.779 26.780 38.392 7.648 8.275 0.066 10.920 
270822120505 0.809 26.762 38.399 7.654 8.276 0.044 10.939 
270822122005 0.781 26.805 38.397 7.650 8.275 0.060 10.948 
270822123505 0.779 26.853 38.392 7.640 8.274 0.061 10.950 
270822125005 0.780 26.909 38.396 7.630 8.274 0.075 10.921 
270822130505 0.806 26.908 38.407 7.635 8.274 0.041 10.939 
270822132005 0.791 26.913 38.410 7.634 8.273 0.054 10.948 
270822133505 0.793 27.007 38.326 7.623 8.272 0.085 10.950 
270822134318 0.769 27.212 38.374 7.577 8.269 0.078 10.781 
270822135818 0.795 27.114 38.345 7.571 8.266 0.076 10.894 
270822141318 0.782 27.189 38.359 7.546 8.268 0.143 10.931 
270822142818 0.768 27.375 38.364 7.510 8.268 0.114 10.942 
270822144318 0.802 27.411 38.347 7.495 8.268 0.187 10.947 
270822145818 0.786 27.368 38.341 7.484 8.268 0.123 10.927 
270822151318 0.807 27.485 38.339 7.449 8.266 0.147 10.946 
270822152818 0.782 27.414 38.345 7.451 8.267 0.114 10.949 
270822154318 0.767 27.561 38.352 7.417 8.265 0.142 10.951 
270822155818 0.798 27.563 38.350 7.407 8.265 0.111 10.929 
270822161318 0.803 27.623 38.347 7.396 8.264 0.096 10.947 
270822162818 0.794 27.661 38.343 7.392 8.263 0.140 10.952 
270822164318 0.783 27.868 38.363 7.391 8.261 0.181 10.953 
270822165818 0.750 27.779 38.382 7.391 8.262 0.166 10.919 
270822171318 0.770 27.853 38.342 7.385 8.260 0.137 10.946 
270822172818 0.760 27.875 38.372 7.386 8.259 0.213 10.952 
270822174318 0.746 27.892 38.354 7.385 8.262 0.165 10.954 
270822175818 0.797 27.961 38.374 7.368 8.262 0.173 10.933 
270822181318 0.769 27.841 38.314 7.379 8.262 0.173 10.950 
270822182818 0.777 27.779 38.346 7.377 8.265 0.197 10.954 
270822184318 0.786 27.998 38.391 7.349 8.261 0.363 10.955 
270822185818 0.781 27.918 38.345 7.372 8.263 0.387 10.933 
270822191318 0.759 27.657 38.333 7.377 8.265 0.238 10.951 
270822192818 0.767 27.756 38.341 7.376 8.265 0.291 10.954 
270822194318 0.784 27.821 38.352 7.381 8.266 0.250 10.955 
270822195818 0.787 27.452 38.314 7.409 8.268 0.208 10.921 
270822201318 0.766 27.368 38.325 7.413 8.270 0.195 10.948 
270822202818 0.746 27.682 38.340 7.372 8.268 0.194 10.953 
270822204318 0.782 27.699 38.351 7.368 8.267 0.204 10.954 
270822205818 0.768 27.401 38.362 7.389 8.270 0.193 10.933 
270822211318 0.797 27.382 38.337 7.403 8.272 0.247 10.950 
270822212818 0.806 27.512 38.365 7.372 8.272 0.230 10.953 
270822214318 0.805 27.269 38.331 7.414 8.272 0.387 10.954 
270822215818 0.780 27.372 38.355 7.385 8.273 0.219 10.931 
270822221318 0.803 27.323 38.338 7.390 8.273 0.424 10.949 
270822222818 0.802 27.260 38.328 7.400 8.274 0.253 10.952 
270822224318 0.814 27.114 38.322 7.425 8.276 0.260 10.953 
270822225818 0.763 26.990 38.307 7.451 8.277 0.192 10.918 
270822231318 0.822 26.954 38.308 7.460 8.278 0.289 10.945 
270822232818 0.783 26.945 38.313 7.460 8.278 0.179 10.950 
270822234318 0.799 26.922 38.319 7.461 8.279 0.198 10.952 
270822235818 0.816 26.908 38.322 7.461 8.279 0.180 10.928 
280822001318 0.782 26.897 38.321 7.468 8.279 0.160 10.946 
280822002818 0.850 26.879 38.317 7.475 8.280 0.166 10.951 
280822004318 0.839 26.858 38.313 7.485 8.280 0.204 10.951 
280822005818 0.811 26.855 38.322 7.495 8.281 0.160 10.918 
280822011318 0.795 26.824 38.317 7.505 8.282 0.172 10.944 
280822012818 0.794 26.818 38.320 7.507 8.282 0.184 10.949 
280822014318 0.803 26.788 38.304 7.512 8.282 0.152 10.951 
280822015818 0.795 26.788 38.310 7.516 8.283 0.172 10.929 
280822021318 0.826 26.794 38.315 7.520 8.282 0.187 10.946 
280822022818 0.809 26.770 38.308 7.522 8.284 0.223 10.950 
280822024318 0.796 26.769 38.306 7.525 8.284 0.171 10.951 
280822025818 0.811 26.751 38.300 7.532 8.284 0.232 10.927 
280822031318 0.794 26.753 38.297 7.535 8.285 0.181 10.946 
280822032818 0.799 26.737 38.293 7.538 8.285 0.184 10.950 
280822034318 0.799 26.727 38.293 7.544 8.286 0.144 10.951 
280822035818 0.769 26.738 38.295 7.542 8.286 0.147 10.927 
280822041318 0.812 26.729 38.293 7.542 8.285 0.178 10.945 
280822042818 0.811 26.730 38.296 7.542 8.286 0.165 10.949 
280822044318 0.784 26.730 38.296 7.545 8.286 0.157 10.951 
280822045818 0.803 26.743 38.305 7.545 8.284 0.150 10.915 
280822051318 0.806 26.794 38.310 7.532 8.282 0.160 10.943 
280822052818 0.811 26.828 38.318 7.524 8.282 0.170 10.949 
280822054318 0.820 26.860 38.327 7.514 8.281 0.182 10.950 
280822055818 0.794 26.922 38.330 7.497 8.282 0.152 10.929 
280822061318 0.795 26.922 38.356 7.494 8.282 0.122 10.946 
280822062818 0.799 26.933 38.355 7.489 8.281 0.182 10.950 
280822064318 0.796 26.946 38.349 7.486 8.281 0.188 10.951 
280822065818 0.806 26.924 38.351 7.489 8.280 0.185 10.929 
280822071318 0.826 26.887 38.347 7.489 8.280 0.128 10.946 
280822072818 0.816 26.861 38.335 7.500 8.280 0.137 10.950 
280822074318 0.811 26.858 38.331 7.505 8.280 0.168 10.951 
280822075818 0.811 26.861 38.346 7.508 8.281 0.162 10.916 
280822081318 0.810 26.871 38.370 7.511 8.279 0.131 10.944 
280822082818 0.808 26.881 38.296 7.513 8.279 0.147 10.949 
280822084318 0.820 26.881 38.314 7.516 8.277 0.138 10.951 
280822085818 0.789 26.876 38.316 7.523 8.278 0.165 10.929 
280822091318 0.821 26.892 38.313 7.528 8.277 0.112 10.946 
280822092818 0.820 26.901 38.310 7.535 8.276 0.078 10.950 
280822094318 0.826 26.913 38.290 7.544 8.274 0.115 10.951 
280822095818 0.819 26.921 38.369 7.549 8.273 0.100 10.928 
280822101318 0.812 26.941 38.293 7.549 8.273 0.087 10.946 
280822102818 0.822 26.975 38.291 7.542 8.273 0.077 10.951 
280822104318 0.824 27.006 38.296 7.542 8.272 0.077 10.952 
280822105818 0.801 27.014 38.291 7.548 8.272 0.057 10.917 
280822111318 0.822 27.057 38.332 7.543 8.271 0.083 10.944 
280822112818 0.822 27.078 38.300 7.547 8.272 0.089 10.950 
280822114318 0.810 27.127 38.287 7.545 8.270 0.077 10.952 
280822115818 0.828 27.467 38.307 7.477 8.268 0.094 10.931 
280822121318 0.809 27.393 38.329 7.479 8.268 0.092 10.948 
280822122818 0.822 27.349 38.308 7.484 8.269 0.089 10.952 
280822124318 0.841 27.339 38.293 7.490 8.268 0.076 10.953 
280822125818 0.823 27.273 38.250 7.507 8.269 0.097 10.931 
280822131318 0.821 27.295 38.278 7.495 8.265 0.075 10.949 
280822132818 0.787 27.323 38.277 7.494 8.268 0.062 10.953 
280822134318 0.817 27.308 38.272 7.494 8.269 0.068 10.954 
