SAMBAT Sea Ti  C/T/D/Odo/Fluo/pH GPS : 50195 
V:0,Pression (0/50),m
V:1,Température (-5/35),°C
V:2,Salinité (2/42),g/l
V:3,Oxygène (0/20),mgl
V:4,PH (0/14),pH
V:5,Fluorescence (0/50),µgl
V:6,Tension batterie,V
031122162851 0.864 21.953 37.753 8.350 8.327 0.139 10.774 
031122164350 0.866 21.965 37.755 8.348 8.328 0.141 10.871 
031122165850 0.883 21.954 37.759 8.347 8.328 0.202 10.859 
031122171350 0.875 21.946 37.735 8.347 8.329 0.186 10.893 
031122172850 0.870 21.931 37.742 8.349 8.329 0.167 10.904 
031122174350 0.885 21.914 37.738 8.355 8.329 0.271 10.908 
031122175850 0.882 21.898 37.751 8.356 8.330 0.246 10.866 
031122181350 0.852 21.911 37.740 8.355 8.330 0.197 10.897 
031122182850 0.878 21.915 37.747 8.355 8.331 0.182 10.906 
031122184350 0.845 21.917 37.742 8.358 8.331 0.157 10.909 
031122185850 0.850 21.906 37.715 8.363 8.331 0.212 10.853 
031122191350 0.839 21.912 37.750 8.359 8.332 0.169 10.893 
031122192850 0.876 21.904 37.731 8.363 8.332 0.202 10.905 
031122194350 0.863 21.900 37.744 8.366 8.332 0.163 10.909 
031122195850 0.837 21.883 37.749 8.367 8.332 0.217 10.867 
031122201350 0.850 21.868 37.738 8.370 8.332 0.209 10.897 
031122202850 0.842 21.857 37.755 8.376 8.332 0.166 10.906 
031122204350 0.848 21.853 37.767 8.376 8.332 0.158 10.910 
031122205850 0.825 21.849 37.767 8.380 8.333 0.171 10.853 
031122211350 0.822 21.833 37.793 8.379 8.333 0.191 10.893 
031122212850 0.829 21.829 37.747 8.379 8.334 0.198 10.905 
031122214350 0.828 21.826 37.742 8.378 8.334 0.183 10.909 
031122215850 0.827 21.834 37.726 8.375 8.333 0.220 10.866 
031122221350 0.825 21.824 37.751 8.377 8.334 0.207 10.897 
031122222850 0.820 21.817 37.741 8.386 8.334 0.234 10.906 
031122224350 0.831 21.808 37.747 8.389 8.335 0.178 10.910 
031122225850 0.858 21.814 38.048 8.395 8.336 0.199 10.867 
031122231350 0.840 21.812 37.742 8.399 8.336 0.200 10.897 
031122232850 0.854 21.773 37.681 8.407 8.337 0.176 10.906 
031122234350 0.842 21.787 37.682 8.403 8.338 0.207 10.910 
031122235850 0.843 21.748 37.645 8.412 8.339 0.212 10.866 
041122001350 0.838 21.741 37.627 8.416 8.339 0.204 10.896 
041122002850 0.858 21.734 37.605 8.418 8.340 0.224 10.905 
041122004350 0.821 21.743 37.637 8.411 8.340 0.225 10.909 
041122005850 0.799 21.783 37.639 8.399 8.339 0.148 10.853 
041122011350 0.802 21.857 37.618 8.382 8.338 0.240 10.892 
041122012850 0.805 21.818 37.669 8.386 8.338 0.246 10.904 
041122014350 0.827 21.811 37.647 8.386 8.339 0.172 10.909 
041122015850 0.841 21.808 37.645 8.387 8.340 0.198 10.867 
041122021350 0.814 21.803 37.646 8.390 8.340 0.189 10.896 
041122022850 0.769 21.808 37.654 8.394 8.340 0.198 10.906 
041122024350 0.858 21.792 37.537 8.397 8.341 0.210 10.910 
041122025850 0.858 21.725 37.492 8.413 8.343 0.194 10.852 
041122031350 0.823 21.713 37.552 8.412 8.343 0.177 10.892 
041122032850 0.843 21.716 37.553 8.413 8.344 0.140 10.904 
041122034350 0.837 21.703 37.556 8.413 8.343 0.153 10.909 
041122035850 0.809 21.766 37.604 8.397 8.342 0.187 10.867 
041122041350 0.781 21.771 37.591 8.395 8.342 0.171 10.896 
041122042850 0.840 21.788 37.615 8.389 8.342 0.148 10.906 
041122044350 0.876 21.817 37.617 8.384 8.342 0.123 10.909 
041122045850 0.757 21.837 37.684 8.380 8.340 0.140 10.866 
041122051350 0.877 21.837 37.683 8.382 8.341 0.139 10.896 
041122052850 0.763 21.852 37.714 8.379 8.340 0.172 10.906 
041122054350 0.742 21.856 37.622 8.388 8.340 0.119 10.910 
041122055850 0.798 21.848 37.711 8.399 8.340 0.132 10.853 
041122061350 0.892 21.852 37.726 8.401 8.341 0.139 10.893 
041122062850 0.770 21.872 37.728 8.399 8.340 0.231 10.905 
041122064350 0.736 21.867 37.696 8.405 8.340 0.138 10.909 
041122065850 0.805 21.870 37.722 8.406 8.341 0.169 10.866 
041122071350 0.801 21.851 37.730 8.412 8.340 0.139 10.897 
041122072850 0.761 21.843 37.739 8.413 8.341 0.135 10.906 
041122074350 0.666 21.838 37.721 8.415 8.341 0.191 10.910 
041122075850 0.792 21.812 37.749 8.417 8.341 0.177 10.867 
041122081350 0.749 21.808 37.752 8.415 8.341 0.187 10.897 
041122082850 0.883 21.784 37.734 8.412 8.341 0.207 10.906 
041122084350 0.914 21.774 37.704 8.415 8.341 0.155 10.910 
041122085850 0.750 21.751 37.724 8.421 8.340 0.164 10.853 
041122091350 0.823 21.727 37.729 8.424 8.341 0.193 10.892 
041122092850 0.789 21.697 37.757 8.426 8.340 0.128 10.904 
041122094350 0.984 21.675 37.741 8.428 8.340 0.109 10.909 
041122095850 0.795 21.667 37.716 8.427 8.340 0.120 10.866 
041122101350 0.982 21.672 37.734 8.425 8.339 0.099 10.896 
041122102850 0.897 21.664 37.731 8.426 8.337 0.111 10.905 
041122104350 0.860 21.651 37.741 8.431 8.337 0.103 10.909 
041122105850 0.746 21.661 37.734 8.425 8.335 0.097 10.866 
041122111350 0.797 21.667 37.765 8.422 8.334 0.102 10.896 
041122112850 0.811 21.664 37.729 8.420 8.333 0.089 10.905 
041122114350 0.702 21.664 37.769 8.420 8.332 0.087 10.909 
041122115850 0.900 21.665 37.758 8.422 8.332 0.100 10.852 
041122121350 0.741 21.669 37.762 8.425 8.330 0.079 10.892 
041122122850 0.766 21.670 37.742 8.429 8.329 0.074 10.903 
041122124350 0.868 21.664 37.763 8.430 8.328 0.058 10.908 
041122125850 0.813 21.669 37.770 8.429 8.327 0.083 10.866 
041122131350 0.824 21.674 37.774 8.427 8.326 0.086 10.896 
041122132850 0.677 21.680 37.769 8.429 8.325 0.120 10.905 
041122134350 0.782 21.682 37.780 8.430 8.324 0.148 10.909 
041122135850 0.926 21.672 37.783 8.434 8.324 0.095 10.864 
041122141350 0.753 21.656 37.754 8.438 8.323 0.087 10.895 
041122142850 0.922 21.666 37.790 8.439 8.322 0.115 10.905 
041122144350 0.796 21.661 37.789 8.437 8.321 0.099 10.909 
041122145850 0.653 21.667 37.774 8.433 8.321 0.109 10.853 
041122151350 0.863 21.660 37.785 8.431 8.321 0.109 10.892 
041122152850 0.835 21.665 37.765 8.432 8.320 0.118 10.903 
041122154350 0.870 21.669 37.780 8.426 8.319 0.098 10.908 
041122155850 0.722 21.662 37.769 8.419 8.320 0.151 10.866 
041122161350 0.751 21.669 37.762 8.419 8.320 0.124 10.896 
041122162850 0.760 21.664 37.779 8.418 8.320 0.164 10.905 
