SAMBAT Sea Ti  C/T/D/Odo/Fluo/pH GPS : 50195 
V:0,Pression (0/50),m
V:1,Température (-5/35),°C
V:2,Salinité (2/42),g/l
V:3,Oxygène (0/20),mgl
V:4,PH (0/14),pH
V:5,Fluorescence (0/50),µgl
V:6,Tension batterie,V
141222180929 0.801 16.872 35.633 8.905 8.342 0.376 10.732 
141222182428 0.842 16.883 35.637 8.905 8.343 0.670 10.821 
141222183928 0.765 16.877 35.635 8.903 8.342 0.490 10.847 
141222185428 0.774 16.886 35.629 8.902 8.342 0.574 10.810 
141222190928 0.837 16.876 35.642 8.895 8.342 0.510 10.833 
141222192428 0.800 16.879 35.637 8.889 8.342 0.459 10.852 
141222193928 0.790 16.881 35.638 8.887 8.343 0.448 10.860 
141222195428 0.822 16.883 35.628 8.888 8.342 0.492 10.814 
141222200928 0.759 16.891 35.626 8.887 8.343 0.391 10.842 
141222202428 0.823 16.888 35.629 8.884 8.343 0.551 10.857 
141222203928 0.769 16.884 35.631 8.883 8.342 0.428 10.863 
141222205428 0.796 16.887 35.638 8.880 8.343 0.470 10.815 
141222210928 0.819 16.882 35.624 8.881 8.343 0.451 10.843 
141222212428 0.773 16.890 35.619 8.877 8.343 0.401 10.857 
141222213928 0.757 16.889 35.631 8.878 8.342 0.493 10.864 
141222215428 0.852 16.872 35.633 8.881 8.343 0.482 10.815 
141222220928 0.856 16.885 35.629 8.882 8.342 0.416 10.835 
141222222428 0.772 16.883 35.632 8.881 8.342 0.460 10.854 
141222223928 0.860 16.891 35.637 8.881 8.343 0.377 10.862 
141222225428 0.800 16.888 35.629 8.885 8.342 0.462 10.814 
141222230928 0.795 16.884 35.621 8.883 8.342 0.602 10.843 
141222232428 0.806 16.891 35.620 8.882 8.342 0.511 10.857 
141222233928 0.812 16.880 35.614 8.881 8.343 0.334 10.864 
141222235428 0.856 16.881 36.102 8.883 8.342 0.451 10.816 
151222000928 0.816 16.879 35.616 8.883 8.343 0.487 10.835 
151222002428 0.799 16.870 35.621 8.881 8.343 0.498 10.854 
151222003928 0.816 16.853 35.615 8.878 8.344 0.407 10.862 
151222005428 0.764 16.841 36.183 8.883 8.344 0.374 10.815 
151222010928 0.874 16.848 36.023 8.885 8.344 0.395 10.843 
151222012428 0.850 16.847 36.017 8.884 8.344 0.399 10.857 
151222013928 0.787 16.840 36.159 8.888 8.344 0.482 10.863 
151222015428 0.861 16.825 36.131 8.887 8.343 0.365 10.815 
151222020928 0.883 16.804 36.108 8.900 8.344 0.450 10.843 
151222022428 0.812 16.797 36.079 8.899 8.344 0.404 10.857 
151222023928 0.818 16.790 35.933 8.902 8.344 0.357 10.863 
151222025428 0.849 16.787 36.031 8.901 8.344 0.485 10.815 
151222030928 0.779 16.782 35.604 8.900 8.344 0.407 10.835 
151222032428 0.825 16.769 35.595 8.895 8.344 0.404 10.854 
151222033928 0.870 16.761 35.595 8.888 8.344 0.501 10.861 
151222035428 0.838 16.798 36.131 8.875 8.344 0.440 10.814 
151222040928 0.842 16.816 35.598 8.862 8.343 0.462 10.842 
151222042428 0.827 16.794 35.598 8.868 8.344 0.409 10.857 
151222043928 0.803 16.788 35.606 8.865 8.344 0.530 10.863 
151222045428 0.804 16.798 36.057 8.862 8.344 0.542 10.815 
151222050928 0.836 16.781 35.585 8.863 8.344 0.361 10.842 
151222052428 0.836 16.772 35.581 8.866 8.344 0.401 10.857 
151222053928 0.828 16.764 35.597 8.868 8.344 0.417 10.863 
151222055428 0.801 16.785 35.583 8.867 8.343 0.452 10.815 
151222060928 0.771 16.784 35.559 8.866 8.343 0.418 10.834 
151222062428 0.790 16.797 36.047 8.869 8.343 0.491 10.853 
151222063928 0.799 16.772 35.638 8.870 8.343 0.437 10.861 
151222065428 0.783 16.776 35.617 8.871 8.344 0.491 10.814 
151222070928 0.875 16.779 35.651 8.873 8.344 0.375 10.842 
151222072428 0.859 16.775 35.655 8.872 8.344 0.415 10.857 
151222073928 0.794 16.816 35.648 8.862 8.343 0.451 10.863 
151222075428 0.809 16.822 35.653 8.862 8.342 0.394 10.814 
151222080928 0.796 16.818 35.639 8.864 8.343 0.358 10.842 
151222082428 0.814 16.823 35.625 8.862 8.342 0.476 10.857 
151222083928 0.774 16.827 35.607 8.869 8.343 0.475 10.863 
151222085428 0.822 16.827 35.627 8.869 8.342 0.349 10.814 
151222090928 0.811 16.808 35.623 8.880 8.343 0.365 10.835 
151222092428 0.826 16.804 35.608 8.881 8.343 0.477 10.853 
151222093928 0.848 16.811 35.615 8.877 8.343 0.334 10.861 
151222095428 0.805 16.805 35.607 8.879 8.344 0.332 10.814 
151222100928 0.821 16.806 35.608 8.883 8.344 0.318 10.842 
151222102428 0.841 16.793 35.603 8.882 8.343 0.275 10.857 
151222103928 0.822 16.801 35.596 8.879 8.343 0.289 10.863 
151222105428 0.754 16.808 35.622 8.879 8.343 0.310 10.814 
151222110928 0.841 16.811 35.610 8.876 8.343 0.245 10.842 
151222112428 0.808 16.805 35.613 8.878 8.343 0.350 10.857 
151222113928 0.794 16.803 35.600 8.876 8.343 0.361 10.863 
151222115428 0.752 16.810 35.591 8.878 8.343 0.428 10.815 
151222120928 0.801 16.810 35.592 8.882 8.343 0.347 10.841 
151222122428 0.726 16.799 35.587 8.887 8.343 0.410 10.856 
151222123928 0.761 16.813 35.601 8.886 8.343 0.407 10.862 
151222125428 0.771 16.802 35.585 8.897 8.343 0.407 10.815 
151222130928 0.831 16.772 35.574 8.909 8.344 0.378 10.835 
151222132428 0.780 16.778 35.583 8.906 8.343 0.375 10.853 
151222133928 0.782 16.790 35.584 8.909 8.342 0.425 10.861 
151222135428 0.766 16.801 35.557 8.908 8.343 0.439 10.815 
151222140928 0.754 16.786 35.610 8.911 8.343 0.405 10.842 
151222142428 0.795 16.790 35.554 8.908 8.342 0.524 10.857 
151222143928 0.766 16.792 35.608 8.905 8.342 0.476 10.863 
151222145428 0.675 16.789 35.593 8.905 8.342 0.427 10.815 
151222150928 0.812 16.776 35.580 8.900 8.342 0.427 10.842 
151222152428 0.773 16.771 35.574 8.897 8.342 0.414 10.857 
151222153928 0.713 16.774 35.575 8.892 8.342 0.449 10.862 
151222155428 0.743 16.795 35.573 8.888 8.342 0.517 10.814 
151222160928 0.775 16.796 35.568 8.882 8.342 0.523 10.834 
151222162428 0.758 16.798 35.563 8.871 8.342 0.644 10.853 
151222163928 0.770 16.803 35.548 8.860 8.342 0.591 10.861 
151222165428 0.759 16.801 35.561 8.850 8.341 0.579 10.814 
151222170928 0.767 16.803 35.567 8.834 8.342 0.713 10.842 
151222172428 0.747 16.796 35.576 8.821 8.342 0.620 10.857 
151222173928 0.751 16.796 35.574 8.810 8.342 0.552 10.862 
151222175428 0.761 16.802 35.574 8.794 8.342 0.646 10.814 
151222180928 0.738 16.807 35.569 8.783 8.342 0.617 10.842 
