SAMBAT Sea Ti  C/T/D/Odo/Fluo/pH GPS : 50195 
V:0,Pression (0/50),m
V:1,Température (-5/35),°C
V:2,Salinité (2/42),g/l
V:3,Oxygène (0/20),mgl
V:4,PH (0/14),pH
V:5,Fluorescence (0/50),µgl
V:6,Tension batterie,V
171122170240 0.832 20.676 37.102 8.318 8.322 0.241 10.761 
171122171739 0.702 20.670 37.054 8.319 8.323 0.252 10.857 
171122173239 0.725 20.665 37.063 8.322 8.322 0.215 10.883 
171122174739 0.651 20.657 37.072 8.314 8.322 0.241 10.893 
171122180239 0.669 20.663 37.086 8.314 8.322 0.280 10.866 
171122181739 0.767 20.650 37.092 8.308 8.322 0.282 10.888 
171122183239 0.779 20.658 37.588 8.301 8.320 0.239 10.896 
171122184739 0.746 20.656 37.091 8.297 8.322 0.206 10.899 
171122190239 0.719 20.659 37.082 8.297 8.322 0.256 10.865 
171122191739 0.741 20.666 37.090 8.295 8.322 0.223 10.888 
171122193239 0.810 20.654 37.089 8.293 8.321 0.316 10.896 
171122194739 0.728 20.650 37.092 8.286 8.323 0.305 10.900 
171122200239 0.746 20.631 37.095 8.281 8.324 0.235 10.855 
171122201739 0.726 20.623 37.104 8.278 8.325 0.259 10.885 
171122203239 0.774 20.621 37.071 8.274 8.325 0.256 10.895 
171122204739 0.705 20.640 37.081 8.268 8.324 0.253 10.899 
171122210239 0.752 20.653 37.074 8.269 8.324 0.247 10.868 
171122211739 0.683 20.651 37.055 8.269 8.325 0.248 10.890 
171122213239 0.714 20.652 37.083 8.265 8.323 0.218 10.897 
171122214739 0.769 20.646 37.069 8.265 8.326 0.228 10.900 
171122220239 0.748 20.658 37.072 8.264 8.325 0.334 10.868 
171122221739 0.734 20.665 37.089 8.259 8.326 0.364 10.890 
171122223239 0.724 20.662 37.063 8.259 8.326 0.279 10.897 
171122224739 0.758 20.660 37.083 8.260 8.326 0.269 10.900 
171122230239 0.740 20.641 37.088 8.258 8.326 0.295 10.855 
171122231739 0.658 20.654 37.079 8.260 8.327 0.284 10.885 
171122233239 0.792 20.630 37.081 8.262 8.328 0.286 10.895 
171122234739 0.714 20.669 37.070 8.263 8.328 0.301 10.899 
181122000239 0.794 20.663 37.080 8.262 8.328 0.244 10.868 
181122001739 0.771 20.654 37.077 8.260 8.329 0.276 10.890 
181122003239 0.827 20.633 37.066 8.252 8.327 0.383 10.897 
181122004739 0.810 20.628 37.070 8.255 8.329 0.270 10.901 
181122010239 0.837 20.612 37.080 8.251 8.329 0.313 10.868 
181122011739 0.785 20.619 37.084 8.249 8.330 0.306 10.890 
181122013239 0.805 20.603 37.084 8.247 8.329 0.282 10.897 
181122014739 0.768 20.616 37.072 8.249 8.330 0.339 10.900 
181122020239 0.742 20.636 37.061 8.244 8.330 0.393 10.855 
181122021739 0.831 20.645 37.079 8.242 8.330 0.313 10.885 
181122023239 0.873 20.646 37.078 8.247 8.330 0.322 10.895 
181122024739 0.681 20.647 37.059 8.244 8.330 0.318 10.899 
181122030239 0.716 20.641 37.058 8.250 8.330 0.259 10.869 
181122031739 0.692 20.638 37.065 8.252 8.331 0.329 10.890 
181122033239 0.775 20.621 37.070 8.255 8.330 0.295 10.897 
181122034739 0.906 20.611 37.071 8.256 8.331 0.277 10.900 
181122040239 0.763 20.619 37.077 8.260 8.332 0.258 10.868 
181122041739 0.799 20.597 37.073 8.256 8.331 0.289 10.890 
181122043239 0.599 20.600 36.704 8.259 8.331 0.279 10.897 
181122044739 0.717 20.591 37.051 8.257 8.332 0.332 10.900 
181122050239 0.706 20.613 37.068 8.256 8.331 0.267 10.855 
181122051739 0.808 20.588 37.060 8.261 8.331 0.325 10.885 
181122053239 0.720 20.600 37.061 8.259 8.331 0.313 10.895 
181122054739 0.749 20.585 37.062 8.254 8.330 0.235 10.899 
181122060239 0.849 20.565 37.074 8.251 8.331 0.272 10.868 
181122061739 0.744 20.574 37.069 8.246 8.332 0.311 10.889 
181122063239 0.696 20.565 37.067 8.241 8.331 0.291 10.897 
181122064739 0.755 20.555 37.058 8.237 8.331 0.272 10.900 
181122070239 0.682 20.561 37.057 8.234 8.331 0.307 10.867 
181122071739 0.744 20.578 37.056 8.228 8.330 0.282 10.889 
181122073239 0.710 20.558 37.054 8.223 8.331 0.302 10.897 
181122074739 0.816 20.575 37.044 8.212 8.331 0.272 10.900 
181122080239 0.846 20.538 37.053 8.210 8.331 0.205 10.855 
181122081739 0.720 20.552 37.017 8.208 8.331 0.220 10.885 
181122083239 0.785 20.551 37.011 8.208 8.331 0.224 10.895 
181122084739 0.793 20.555 37.018 8.207 8.331 0.231 10.899 
181122090239 0.809 20.558 36.996 8.204 8.331 0.214 10.867 
181122091739 0.697 20.566 37.025 8.203 8.330 0.240 10.889 
181122093239 0.860 20.557 36.991 8.199 8.330 0.205 10.896 
181122094739 0.662 20.561 36.988 8.200 8.329 0.167 10.899 
181122100239 0.704 20.568 36.988 8.196 8.330 0.143 10.867 
181122101739 0.628 20.567 37.001 8.202 8.329 0.143 10.889 
181122103239 0.892 20.575 36.976 8.209 8.328 0.144 10.897 
181122104739 0.833 20.575 36.987 8.210 8.327 0.144 10.900 
181122110239 0.609 20.585 36.985 8.210 8.325 0.104 10.855 
181122111739 0.815 20.587 36.973 8.208 8.326 0.099 10.885 
181122113239 0.729 20.597 37.005 8.213 8.325 0.077 10.895 
181122114739 0.897 20.590 37.002 8.215 8.325 0.102 10.899 
181122120239 0.752 20.597 36.976 8.219 8.325 0.091 10.867 
181122121739 0.696 20.601 36.988 8.217 8.323 0.107 10.889 
181122123239 0.675 20.608 36.965 8.217 8.322 0.099 10.896 
181122124739 0.786 20.610 36.969 8.215 8.322 0.082 10.900 
181122130239 0.865 20.617 36.985 8.212 8.321 0.082 10.868 
181122131739 0.757 20.607 36.948 8.214 8.320 0.100 10.889 
181122133239 0.874 20.607 36.977 8.216 8.320 0.081 10.897 
181122134739 0.874 20.616 36.973 8.223 8.320 0.092 10.900 
181122140239 0.762 20.608 36.979 8.223 8.320 0.078 10.864 
181122141739 0.715 20.618 36.973 8.226 8.319 0.108 10.888 
181122143239 0.982 20.619 36.970 8.229 8.318 0.120 10.896 
181122144739 0.747 20.607 36.962 8.232 8.318 0.124 10.900 
181122150239 0.737 20.612 36.973 8.233 8.318 0.108 10.856 
181122151739 0.693 20.614 36.978 8.238 8.318 0.111 10.885 
181122153239 0.783 20.600 36.965 8.237 8.318 0.173 10.895 
181122154739 0.622 20.612 36.942 8.242 8.318 0.120 10.899 
181122160239 0.819 20.613 36.953 8.244 8.317 0.141 10.867 
181122161739 0.650 20.606 36.959 8.241 8.318 0.176 10.889 
181122163239 0.682 20.608 36.941 8.242 8.317 0.168 10.897 
181122164739 0.901 20.591 36.943 8.244 8.317 0.223 10.900 
181122170239 0.858 20.598 36.939 8.241 8.318 0.256 10.866 
