SAMBAT Sea Ti  C/T/D/Odo/Fluo/pH GPS : 50195 
V:0,Pression (0/50),m
V:1,Température (-5/35),°C
V:2,Salinité (2/42),g/l
V:3,Oxygène (0/20),mgl
V:4,PH (0/14),pH
V:5,Fluorescence (0/50),µgl
V:6,Tension batterie,V
271222184000 0.966 16.182 37.847 9.249 8.341 0.938 10.727 
271222185459 1.040 16.168 37.851 9.244 8.342 0.435 10.784 
271222190959 0.984 16.159 37.840 9.244 8.342 0.417 10.827 
271222192459 1.066 16.164 37.841 9.240 8.342 0.392 10.845 
271222193959 1.111 16.156 37.840 9.236 8.342 0.448 10.852 
271222195459 1.042 16.163 37.835 9.232 8.342 0.466 10.807 
271222200959 1.114 16.147 37.841 9.236 8.342 0.397 10.831 
271222202459 0.989 16.137 37.845 9.233 8.342 0.423 10.848 
271222203959 1.103 16.158 37.843 9.229 8.343 0.387 10.855 
271222205459 1.032 16.146 37.845 9.225 8.343 0.486 10.807 
271222210959 1.024 16.137 37.842 9.218 8.344 0.559 10.836 
271222212459 1.035 16.123 37.843 9.221 8.343 0.401 10.850 
271222213959 1.028 16.142 37.841 9.211 8.343 0.453 10.856 
271222215459 1.015 16.117 37.866 9.218 8.343 0.506 10.808 
271222220959 0.903 16.118 37.850 9.214 8.344 0.397 10.836 
271222222459 1.038 16.138 37.841 9.209 8.344 0.395 10.850 
271222223959 0.920 16.126 37.841 9.208 8.344 0.468 10.856 
271222225459 1.063 16.128 37.843 9.203 8.344 0.404 10.807 
271222230959 1.037 16.128 37.847 9.196 8.345 0.418 10.828 
271222232459 1.007 16.117 37.857 9.194 8.345 0.515 10.846 
271222233959 1.017 16.121 37.839 9.190 8.345 0.499 10.854 
271222235459 0.956 16.121 37.842 9.187 8.345 0.383 10.807 
281222000959 1.096 16.117 37.855 9.180 8.346 0.521 10.836 
281222002459 0.988 16.125 37.850 9.173 8.346 0.442 10.850 
281222003959 1.004 16.106 37.918 9.174 8.346 0.516 10.856 
281222005459 1.047 16.120 37.851 9.164 8.347 0.370 10.808 
281222010959 1.096 16.097 37.846 9.167 8.347 0.403 10.836 
281222012459 1.087 16.099 37.838 9.161 8.347 0.368 10.850 
281222013959 0.981 16.105 37.850 9.162 8.347 0.491 10.856 
281222015459 0.999 16.105 37.855 9.163 8.348 0.372 10.808 
281222020959 1.017 16.109 37.847 9.166 8.348 0.394 10.836 
281222022459 1.022 16.112 37.839 9.165 8.348 0.438 10.850 
281222023959 1.099 16.087 37.843 9.173 8.349 0.394 10.856 
281222025459 1.010 16.112 37.840 9.165 8.348 0.454 10.808 
281222030959 0.961 16.107 37.849 9.164 8.349 0.468 10.828 
281222032459 0.983 16.079 37.850 9.171 8.349 0.373 10.847 
281222033959 1.042 16.091 37.835 9.171 8.349 0.392 10.854 
281222035459 1.113 16.088 37.843 9.173 8.349 0.409 10.807 
281222040959 1.070 16.080 37.840 9.173 8.349 0.389 10.836 
281222042459 1.025 16.099 37.840 9.169 8.349 0.447 10.850 
281222043959 1.056 16.093 37.844 9.175 8.349 0.495 10.855 
281222045459 1.028 16.086 37.846 9.175 8.349 0.437 10.807 
281222050959 1.021 16.105 37.836 9.170 8.349 0.345 10.836 
281222052459 1.024 16.082 37.839 9.179 8.350 0.449 10.849 
281222053959 0.937 16.089 37.854 9.180 8.350 0.415 10.856 
281222055459 1.022 16.106 37.845 9.184 8.350 0.349 10.807 
281222060959 1.028 16.101 37.847 9.185 8.350 0.517 10.834 
281222062459 1.023 16.085 37.843 9.189 8.350 0.369 10.849 
281222063959 1.011 16.077 37.842 9.197 8.350 0.351 10.855 
281222065459 1.017 16.082 37.847 9.187 8.351 0.423 10.807 
281222070959 1.052 16.079 37.848 9.188 8.351 0.448 10.827 
281222072459 1.037 16.085 37.836 9.186 8.351 0.474 10.846 
281222073959 1.083 16.077 37.834 9.185 8.351 0.417 10.854 
281222075459 1.033 16.093 37.840 9.185 8.352 0.426 10.807 
281222080959 1.110 16.069 37.841 9.194 8.352 0.478 10.836 
281222082459 1.095 16.107 37.842 9.180 8.352 0.391 10.849 
281222083959 1.009 16.095 37.828 9.184 8.352 0.464 10.855 
281222085459 0.971 16.082 37.821 9.190 8.352 0.420 10.808 
281222090959 1.097 16.092 37.836 9.191 8.352 0.428 10.828 
281222092459 0.975 16.106 37.832 9.189 8.352 0.377 10.846 
281222093959 1.008 16.084 37.838 9.193 8.352 0.439 10.854 
281222095459 1.072 16.089 37.846 9.197 8.352 0.329 10.807 
281222100959 1.049 16.096 37.839 9.196 8.352 0.253 10.836 
281222102459 1.035 16.100 37.825 9.201 8.352 0.243 10.849 
281222103959 1.023 16.086 37.827 9.210 8.351 0.183 10.856 
281222105459 1.024 16.100 37.840 9.205 8.351 0.190 10.807 
281222110959 1.036 16.099 37.824 9.206 8.351 0.152 10.835 
281222112459 1.069 16.109 37.831 9.209 8.351 0.186 10.849 
281222113959 1.074 16.118 37.829 9.211 8.350 0.471 10.855 
281222115459 1.017 16.116 37.833 9.213 8.350 0.124 10.807 
281222120959 1.034 16.123 37.828 9.215 8.349 0.138 10.827 
281222122459 1.040 16.126 37.829 9.215 8.349 0.128 10.846 
281222123959 1.017 16.131 37.819 9.216 8.349 0.203 10.854 
281222125459 1.038 16.134 37.829 9.217 8.348 0.128 10.807 
281222130959 1.056 16.141 37.830 9.219 8.347 0.150 10.836 
281222132459 1.029 16.144 37.822 9.225 8.347 0.141 10.850 
281222133959 1.006 16.146 37.824 9.225 8.347 0.215 10.856 
281222135459 1.031 16.149 37.822 9.228 8.347 0.227 10.808 
281222140959 1.051 16.149 37.827 9.233 8.346 0.179 10.836 
281222142459 0.959 16.146 37.837 9.236 8.346 0.171 10.850 
281222143959 1.118 16.150 37.827 9.238 8.346 0.218 10.856 
281222145459 0.966 16.153 37.829 9.242 8.345 0.221 10.807 
281222150959 0.989 16.159 37.843 9.242 8.344 0.138 10.829 
281222152459 0.975 16.159 37.846 9.244 8.344 0.165 10.847 
281222153959 0.899 16.160 37.838 9.243 8.344 0.244 10.854 
281222155459 1.001 16.155 37.823 9.245 8.344 0.228 10.807 
281222160959 1.136 16.156 37.818 9.247 8.344 0.238 10.836 
281222162459 1.081 16.160 37.826 9.245 8.343 0.213 10.850 
281222163959 0.971 16.158 37.829 9.244 8.343 0.285 10.856 
281222165459 0.987 16.159 37.833 9.246 8.343 0.414 10.808 
281222170959 0.969 16.155 37.829 9.250 8.343 0.420 10.835 
281222172459 1.094 16.148 37.827 9.248 8.343 0.487 10.850 
281222173959 1.050 16.168 37.825 9.244 8.343 0.437 10.856 
281222175459 0.942 16.176 37.853 9.241 8.343 0.373 10.807 
281222180959 1.034 16.168 37.825 9.250 8.343 0.446 10.829 
281222182459 0.884 16.168 37.824 9.251 8.343 0.383 10.847 
281222183959 1.032 16.165 37.829 9.254 8.343 0.423 10.855 
