SAMBAT Sea Ti  C/T/D/Odo/Fluo/pH GPS : 50195 
V:0,Pression (0/50),m
V:1,Température (-5/35),°C
V:2,Salinité (2/42),g/l
V:3,Oxygène (0/20),mgl
V:4,PH (0/14),pH
V:5,Fluorescence (0/50),µgl
V:6,Tension batterie,V
271022161215 0.991 21.927 38.632 8.385 8.320 0.188 10.773 
271022162714 0.978 21.922 38.637 8.384 8.320 0.149 10.871 
271022164214 0.975 22.115 38.616 8.346 8.318 0.207 10.895 
271022165714 0.982 22.168 38.635 8.326 8.316 0.204 10.857 
271022171214 0.983 22.009 38.620 8.363 8.320 0.187 10.894 
271022172714 0.978 22.126 38.640 8.337 8.320 0.223 10.905 
271022174214 0.971 22.018 38.628 8.364 8.320 0.178 10.909 
271022175714 0.977 22.011 38.634 8.369 8.321 0.270 10.860 
271022181214 0.983 21.892 38.668 8.389 8.322 0.304 10.896 
271022182714 0.987 21.959 38.652 8.377 8.322 0.275 10.906 
271022184214 0.977 21.920 38.661 8.382 8.322 0.264 10.910 
271022185714 0.967 21.905 38.657 8.385 8.323 0.280 10.839 
271022191214 0.978 21.897 38.658 8.388 8.323 0.264 10.890 
271022192714 0.989 21.866 38.657 8.391 8.324 0.273 10.903 
271022194214 0.979 21.846 38.652 8.401 8.325 0.271 10.909 
271022195714 0.994 21.833 38.663 8.402 8.325 0.256 10.862 
271022201214 0.995 21.792 38.658 8.407 8.326 0.247 10.896 
271022202714 0.982 21.758 38.665 8.417 8.326 0.272 10.906 
271022204214 0.994 21.732 38.645 8.418 8.327 0.341 10.909 
271022205714 0.983 21.700 38.647 8.422 8.327 0.193 10.837 
271022211214 0.989 21.692 38.654 8.421 8.328 0.210 10.888 
271022212714 0.993 21.682 38.645 8.424 8.328 0.204 10.902 
271022214214 0.984 21.671 38.652 8.423 8.328 0.289 10.907 
271022215714 0.983 21.667 38.656 8.420 8.330 0.255 10.859 
271022221214 0.995 21.654 38.588 8.420 8.330 0.211 10.894 
271022222714 0.985 21.633 38.580 8.423 8.330 0.297 10.904 
271022224214 0.977 21.647 38.574 8.418 8.330 0.318 10.909 
271022225714 0.985 21.631 38.640 8.421 8.330 0.275 10.859 
271022231214 0.993 21.635 38.637 8.420 8.331 0.255 10.894 
271022232714 0.982 21.629 38.639 8.415 8.331 0.264 10.904 
271022234214 0.993 21.629 38.637 8.416 8.331 0.295 10.908 
271022235714 0.999 21.620 38.630 8.414 8.331 0.307 10.836 
281022001214 0.985 21.614 38.633 8.412 8.332 0.276 10.887 
281022002714 0.994 21.610 38.635 8.417 8.332 0.268 10.901 
281022004214 0.984 21.598 38.572 8.426 8.332 0.335 10.907 
281022005714 0.986 21.600 38.575 8.425 8.332 0.296 10.858 
281022011214 1.003 21.585 38.576 8.430 8.334 0.275 10.893 
281022012714 0.991 21.571 38.581 8.429 8.333 0.249 10.904 
281022014214 1.004 21.557 38.561 8.437 8.335 0.290 10.908 
281022015714 1.001 21.555 38.566 8.437 8.335 0.241 10.857 
281022021214 1.010 21.557 38.561 8.436 8.334 0.210 10.893 
281022022714 0.995 21.555 38.556 8.435 8.336 0.285 10.903 
281022024214 0.984 21.560 38.548 8.436 8.336 0.235 10.908 
281022025714 0.982 21.558 38.552 8.429 8.337 0.240 10.836 
281022031214 0.995 21.543 38.547 8.430 8.338 0.273 10.887 
281022032714 0.988 21.550 38.538 8.429 8.338 0.204 10.901 
281022034214 1.009 21.555 38.575 8.429 8.338 0.243 10.907 
281022035714 0.992 21.543 38.545 8.437 8.338 0.241 10.857 
281022041214 0.990 21.560 38.542 8.432 8.337 0.270 10.893 
281022042714 0.984 21.556 38.545 8.438 8.338 0.243 10.903 
281022044214 0.979 21.551 38.542 8.443 8.339 0.218 10.907 
281022045714 0.980 21.562 38.540 8.442 8.338 0.279 10.857 
281022051214 0.984 21.555 38.583 8.445 8.338 0.213 10.893 
281022052714 0.991 21.548 38.591 8.451 8.338 0.224 10.903 
281022054214 0.990 21.558 38.597 8.448 8.338 0.253 10.907 
281022055714 0.983 21.541 38.585 8.452 8.338 0.294 10.836 
281022061214 0.999 21.563 38.602 8.444 8.337 0.329 10.887 
281022062714 0.988 21.526 38.587 8.458 8.339 0.222 10.901 
281022064214 0.992 21.547 38.526 8.456 8.338 0.260 10.906 
281022065714 0.988 21.550 38.569 8.452 8.338 0.306 10.858 
281022071214 0.987 21.556 38.570 8.446 8.337 0.295 10.893 
281022072714 0.989 21.538 38.568 8.453 8.338 0.286 10.903 
281022074214 0.989 21.527 38.566 8.456 8.338 0.283 10.907 
281022075714 0.980 21.530 38.582 8.455 8.337 0.333 10.859 
281022081214 0.990 21.526 38.581 8.458 8.337 0.260 10.893 
281022082714 0.982 21.532 38.587 8.455 8.337 0.215 10.903 
281022084214 0.981 21.536 38.578 8.449 8.336 0.263 10.907 
281022085714 0.987 21.542 38.568 8.447 8.336 0.288 10.836 
281022091214 0.991 21.551 38.574 8.445 8.336 0.279 10.887 
281022092714 1.007 21.550 38.554 8.441 8.335 0.181 10.901 
281022094214 0.996 21.566 38.558 8.439 8.335 0.178 10.906 
281022095714 0.985 21.573 38.533 8.438 8.334 0.165 10.858 
281022101214 0.988 21.568 38.590 8.438 8.334 0.156 10.893 
281022102714 1.000 21.577 38.578 8.440 8.334 0.171 10.903 
281022104214 1.005 21.581 38.565 8.435 8.334 0.194 10.908 
281022105714 0.995 21.592 38.568 8.438 8.332 0.145 10.857 
281022111214 0.996 21.603 38.564 8.440 8.333 0.098 10.893 
281022112714 0.990 21.623 38.550 8.439 8.333 0.127 10.903 
281022114214 0.996 21.633 38.529 8.442 8.332 0.136 10.908 
281022115714 1.002 21.649 38.529 8.439 8.331 0.082 10.835 
281022121214 0.991 21.660 38.512 8.443 8.330 0.049 10.887 
281022122714 1.006 21.688 38.543 8.442 8.330 0.099 10.902 
281022124214 0.998 21.708 38.550 8.445 8.328 0.065 10.907 
281022125714 0.989 21.710 38.549 8.449 8.327 0.076 10.859 
281022131214 0.989 21.700 38.526 8.457 8.327 0.055 10.894 
281022132714 0.978 21.777 38.527 8.445 8.325 0.079 10.904 
281022134214 0.991 21.718 38.529 8.464 8.326 0.046 10.909 
281022135714 0.992 21.737 38.529 8.468 8.325 0.065 10.860 
281022141214 0.982 21.782 38.532 8.456 8.325 0.046 10.894 
281022142714 0.983 21.759 38.545 8.461 8.325 0.020 10.905 
281022144214 0.982 21.798 38.525 8.459 8.324 0.075 10.909 
281022145714 0.978 21.812 38.558 8.457 8.325 0.095 10.838 
281022151214 0.991 21.863 38.549 8.446 8.325 0.103 10.889 
281022152714 0.987 21.847 38.545 8.456 8.325 0.095 10.903 
281022154214 0.963 21.834 38.537 8.461 8.327 0.109 10.908 
281022155714 0.981 21.809 38.549 8.469 8.326 0.140 10.859 
281022161214 0.980 22.037 38.537 8.417 8.324 0.126 10.895 
