SAMBAT Sea Ti  C/T/D/Odo/Fluo/pH GPS : 50195 
V:0,Pression (0/50),m
V:1,Température (-5/35),°C
V:2,Salinité (2/42),g/l
V:3,Oxygène (0/20),mgl
V:4,PH (0/14),pH
V:5,Fluorescence (0/50),µgl
V:6,Tension batterie,V
011122162406 0.952 21.651 37.991 8.513 8.328 0.250 10.773 
011122163905 0.941 21.641 37.985 8.516 8.329 0.252 10.869 
011122165405 0.930 21.646 37.982 8.511 8.328 0.272 10.860 
011122170905 0.942 21.644 37.986 8.513 8.329 0.259 10.886 
011122172405 0.985 21.642 37.982 8.516 8.330 0.316 10.900 
011122173905 0.943 21.640 37.992 8.520 8.329 0.297 10.906 
011122175405 0.956 21.638 37.966 8.518 8.330 0.313 10.869 
011122180905 0.933 21.638 37.981 8.515 8.330 0.308 10.888 
011122182405 0.938 21.611 37.984 8.518 8.330 0.334 10.902 
011122183905 0.952 21.620 37.986 8.512 8.330 0.266 10.907 
011122185405 0.946 21.620 37.983 8.510 8.331 0.300 10.870 
011122190905 0.943 21.615 37.981 8.509 8.332 0.316 10.883 
011122192405 0.940 21.620 37.979 8.514 8.332 0.324 10.900 
011122193905 0.959 21.615 37.983 8.512 8.332 0.312 10.906 
011122195405 0.955 21.614 37.975 8.510 8.333 0.332 10.869 
011122200905 0.942 21.613 37.973 8.507 8.334 0.320 10.890 
011122202405 0.958 21.600 37.970 8.514 8.334 0.242 10.903 
011122203905 0.961 21.599 37.969 8.512 8.334 0.376 10.907 
011122205405 0.942 21.605 37.971 8.506 8.334 0.328 10.870 
011122210905 0.947 21.604 38.103 8.506 8.334 0.352 10.889 
011122212405 0.963 21.600 37.969 8.508 8.334 0.339 10.903 
011122213905 0.983 21.566 37.960 8.510 8.335 0.310 10.907 
011122215405 0.977 21.600 37.939 8.499 8.335 0.341 10.870 
011122220905 0.955 21.595 37.946 8.500 8.335 0.292 10.883 
011122222405 0.984 21.581 37.961 8.501 8.336 0.306 10.900 
011122223905 0.968 21.588 37.947 8.500 8.336 0.323 10.906 
011122225405 0.988 21.578 37.960 8.497 8.336 0.301 10.869 
011122230905 0.982 21.576 37.987 8.500 8.337 0.284 10.890 
011122232405 0.996 21.576 37.992 8.497 8.336 0.338 10.902 
011122233905 0.982 21.561 37.992 8.497 8.337 0.358 10.907 
011122235405 0.978 21.569 38.012 8.492 8.337 0.318 10.870 
021122000905 0.991 21.567 37.995 8.492 8.337 0.305 10.889 
021122002405 0.962 21.561 37.997 8.490 8.337 0.295 10.902 
021122003905 0.946 21.572 37.999 8.490 8.338 0.320 10.907 
021122005405 0.978 21.557 37.995 8.490 8.337 0.297 10.870 
021122010905 0.967 21.521 37.933 8.500 8.338 0.333 10.883 
021122012405 0.952 21.556 37.929 8.488 8.338 0.297 10.900 
021122013905 0.964 21.541 37.924 8.494 8.339 0.241 10.906 
021122015405 0.955 21.551 37.929 8.492 8.338 0.282 10.869 
021122020905 0.970 21.536 37.931 8.499 8.338 0.244 10.889 
021122022405 0.970 21.532 38.277 8.495 8.339 0.286 10.902 
021122023905 0.959 21.551 38.282 8.492 8.338 0.318 10.907 
021122025405 0.961 21.548 38.281 8.499 8.338 0.314 10.870 
021122030905 0.942 21.550 38.283 8.494 8.339 0.284 10.885 
021122032405 0.969 21.538 38.277 8.498 8.339 0.280 10.901 
021122033905 0.961 21.540 38.282 8.493 8.339 0.270 10.906 
021122035405 0.960 21.543 38.284 8.487 8.339 0.314 10.869 
021122040905 0.960 21.545 37.981 8.485 8.339 0.250 10.889 
021122042405 0.932 21.530 37.990 8.488 8.339 0.251 10.902 
021122043905 0.941 21.518 37.998 8.489 8.339 0.274 10.907 
021122045405 0.957 21.531 37.976 8.484 8.339 0.345 10.869 
021122050905 0.969 21.540 37.971 8.483 8.339 0.285 10.889 
021122052405 0.977 21.534 38.015 8.481 8.339 0.289 10.902 
021122053905 0.966 21.537 37.974 8.478 8.340 0.201 10.907 
021122055405 0.969 21.535 37.970 8.474 8.340 0.298 10.869 
021122060905 0.963 21.542 37.957 8.476 8.339 0.236 10.889 
021122062405 0.948 21.541 38.042 8.478 8.339 0.255 10.902 
021122063905 0.938 21.545 38.039 8.476 8.339 0.204 10.907 
021122065405 0.966 21.547 37.948 8.474 8.339 0.241 10.869 
021122070905 0.973 21.535 38.008 8.479 8.339 0.255 10.883 
021122072405 0.975 21.519 38.010 8.482 8.340 0.230 10.900 
021122073905 0.955 21.535 37.946 8.481 8.340 0.241 10.906 
021122075405 0.947 21.534 37.977 8.479 8.340 0.243 10.869 
021122080905 0.947 21.527 38.037 8.482 8.340 0.276 10.889 
021122082405 0.967 21.545 37.992 8.482 8.339 0.306 10.902 
021122083905 0.984 21.543 38.048 8.476 8.339 0.200 10.907 
021122085405 0.949 21.529 37.916 8.482 8.339 0.250 10.870 
021122090905 0.950 21.514 37.922 8.480 8.339 0.248 10.888 
021122092405 0.961 21.532 37.917 8.475 8.339 0.162 10.901 
021122093905 0.971 21.542 37.926 8.469 8.337 0.145 10.907 
021122095405 0.970 21.548 37.927 8.471 8.337 0.185 10.869 
021122100905 0.955 21.547 37.934 8.469 8.336 0.148 10.883 
021122102405 1.018 21.552 37.926 8.465 8.336 0.117 10.900 
021122103905 0.969 21.564 37.923 8.465 8.334 0.094 10.906 
021122105405 0.960 21.581 38.212 8.462 8.334 0.108 10.869 
021122110905 0.944 21.598 38.041 8.465 8.333 0.114 10.890 
021122112405 0.969 21.603 38.021 8.467 8.334 0.100 10.903 
021122113905 0.981 21.609 37.901 8.472 8.334 0.097 10.907 
021122115405 0.934 21.630 37.923 8.472 8.332 0.100 10.870 
021122120905 0.927 21.654 37.973 8.471 8.332 0.076 10.890 
021122122405 0.966 21.647 37.986 8.480 8.331 0.098 10.903 
021122123905 0.982 21.650 37.989 8.479 8.331 0.076 10.908 
021122125405 0.949 21.731 37.938 8.471 8.330 0.048 10.870 
021122130905 0.963 21.725 37.985 8.474 8.329 0.065 10.884 
021122132405 0.915 21.733 38.193 8.475 8.330 0.088 10.901 
021122133905 0.907 21.739 38.002 8.473 8.330 0.049 10.907 
021122135405 0.954 21.742 37.990 8.477 8.329 0.057 10.870 
021122140905 0.974 21.751 37.935 8.476 8.329 0.073 10.890 
021122142405 0.953 21.764 37.974 8.478 8.329 0.124 10.903 
021122143905 0.934 21.767 37.921 8.476 8.328 0.084 10.908 
021122145405 0.978 21.738 37.908 8.485 8.330 0.177 10.871 
021122150905 0.927 21.799 37.924 8.469 8.329 0.114 10.890 
021122152405 0.977 21.816 37.911 8.470 8.328 0.106 10.903 
021122153905 0.876 21.812 37.917 8.471 8.329 0.166 10.908 
021122155405 0.918 21.782 37.908 8.482 8.330 0.210 10.871 
021122160905 0.970 21.772 37.908 8.490 8.330 0.280 10.884 
021122162405 0.929 21.738 37.912 8.500 8.330 0.224 10.901 
