SAMBAT Sea Ti  C/T/D/Odo/Fluo/pH GPS : 50195 
V:0,Pression (0/50),m
V:1,Température (-5/35),°C
V:2,Salinité (2/42),g/l
V:3,Oxygène (0/20),mgl
V:4,PH (0/14),pH
V:5,Fluorescence (0/50),µgl
V:6,Tension batterie,V
231022160250 0.920 22.619 38.421 8.044 8.322 0.123 10.769 
231022161749 0.922 22.603 38.408 8.031 8.323 0.104 10.871 
231022163249 0.916 22.467 38.425 8.049 8.326 0.146 10.896 
231022164749 0.923 22.409 38.450 8.057 8.327 0.162 10.906 
231022170249 0.943 22.504 38.524 8.013 8.325 2.895 10.879 
231022171749 0.915 22.530 38.419 8.015 8.326 13.063 10.901 
231022173249 0.914 22.021 38.393 8.111 8.330 21.919 10.909 
231022174749 0.931 22.144 38.429 8.091 8.331 0.192 10.912 
231022180249 0.948 21.992 38.391 8.120 8.332 0.212 10.871 
231022181749 0.907 21.929 38.420 8.135 8.328 0.284 10.899 
231022183249 0.927 21.759 38.405 8.169 8.333 0.190 10.907 
231022184749 0.927 22.017 38.414 8.117 8.331 0.230 10.910 
231022190249 0.912 21.871 38.376 8.159 8.324 0.238 10.879 
231022191749 0.908 21.762 38.400 8.184 8.333 0.263 10.901 
231022193249 0.919 21.781 38.398 8.177 8.330 0.477 10.907 
231022194749 0.910 22.174 38.432 8.091 8.323 0.245 10.910 
231022200249 0.927 22.051 38.439 8.123 8.326 0.229 10.879 
231022201749 0.926 22.397 38.427 8.064 8.330 0.233 10.901 
231022203249 0.910 22.353 38.401 8.085 8.330 0.305 10.908 
231022204749 0.879 22.294 38.416 8.092 8.331 0.238 10.911 
231022210249 0.945 22.251 38.409 8.113 8.331 0.368 10.867 
231022211749 0.916 22.177 38.412 8.130 8.330 0.273 10.897 
231022213249 0.946 22.117 38.409 8.151 8.326 0.233 10.907 
231022214749 0.932 22.075 38.411 8.157 8.329 0.274 10.911 
231022220249 0.939 22.084 38.418 8.157 8.331 0.241 10.878 
231022221749 0.912 22.025 38.419 8.182 8.334 0.251 10.901 
231022223249 0.913 21.992 38.415 8.192 8.332 0.224 10.908 
231022224749 0.875 21.989 38.419 8.192 8.333 0.292 10.911 
231022230249 0.891 21.909 38.416 8.216 8.325 0.268 10.864 
231022231749 0.891 21.776 38.412 8.244 8.327 0.293 10.896 
231022233249 0.901 21.737 38.395 8.256 8.335 0.188 10.905 
231022234749 0.932 21.748 38.418 8.253 8.333 11.965 10.909 
241022000249 0.959 21.741 38.415 8.257 8.330 0.367 10.878 
241022001749 0.945 21.703 38.416 8.264 8.332 0.336 10.899 
241022003249 0.935 21.672 38.411 8.268 8.317 0.269 10.906 
241022004749 0.909 21.667 38.406 8.264 8.326 0.250 10.909 
241022010249 0.906 21.646 38.405 8.256 8.320 0.255 10.865 
241022011749 0.933 21.646 38.416 8.247 8.324 0.232 10.894 
241022013249 0.917 21.634 38.410 8.238 8.327 0.260 10.904 
241022014749 0.912 21.613 38.419 8.227 8.330 0.249 10.908 
241022020249 0.912 21.609 38.440 8.217 8.329 0.249 10.877 
241022021749 0.907 21.599 38.452 8.212 8.321 0.281 10.898 
241022023249 0.934 21.592 38.409 8.205 8.337 0.251 10.905 
241022024749 0.920 21.584 38.397 8.199 8.326 0.263 10.908 
241022030249 0.934 21.579 38.403 8.193 8.334 0.287 10.876 
241022031749 0.937 21.571 38.412 8.186 8.331 0.268 10.898 
241022033249 0.923 21.573 38.410 8.182 8.321 0.277 10.905 
241022034749 0.922 21.567 38.414 8.172 8.334 0.375 10.908 
241022040249 0.916 21.563 38.410 8.162 8.332 0.295 10.861 
241022041749 0.947 21.557 38.414 8.168 8.336 0.254 10.892 
241022043249 0.912 21.555 38.410 8.177 8.334 0.271 10.903 
241022044749 0.910 21.547 38.404 8.191 8.331 0.268 10.907 
241022050249 0.938 21.553 38.413 8.193 8.333 0.285 10.876 
241022051749 0.915 21.556 38.414 8.197 8.339 0.260 10.897 
241022053249 0.908 21.550 38.414 8.203 8.337 0.273 10.905 
241022054749 0.898 21.551 38.417 8.209 8.334 0.241 10.908 
241022060249 0.908 21.553 38.414 8.218 8.325 0.357 10.876 
241022061749 0.908 21.546 38.412 8.235 8.338 0.359 10.897 
241022063249 0.920 21.555 38.412 8.249 8.335 0.322 10.905 
241022064749 0.929 21.553 38.400 8.253 8.334 0.234 10.907 
241022070249 0.909 21.556 38.411 8.254 8.331 0.206 10.861 
241022071749 0.892 21.563 38.414 8.245 8.336 0.190 10.892 
241022073249 0.915 21.571 38.411 8.238 8.338 0.371 10.902 
241022074749 0.914 21.587 38.412 8.234 8.337 0.758 10.907 
241022080249 0.944 21.583 38.417 8.233 8.338 0.790 10.876 
241022081749 0.921 21.583 38.417 8.235 8.338 0.802 10.897 
241022083249 0.910 21.577 38.414 8.228 8.337 0.513 10.905 
241022084749 0.904 21.588 38.411 8.231 8.338 1.210 10.907 
241022090249 0.918 21.602 38.411 8.234 8.337 0.502 10.877 
241022091749 0.924 21.607 38.407 8.233 8.339 0.648 10.898 
241022093249 0.904 21.608 38.406 8.242 8.336 0.983 10.905 
241022094749 0.915 21.605 38.399 8.241 8.337 1.139 10.908 
241022100249 0.939 21.603 38.404 8.242 8.337 0.290 10.876 
241022101749 0.942 21.603 38.404 8.240 8.337 0.678 10.897 
241022103249 0.913 21.609 38.410 8.236 8.334 1.419 10.905 
241022104749 0.917 21.629 38.402 8.233 8.335 1.012 10.908 
241022110249 0.939 21.629 38.410 8.239 8.336 0.391 10.862 
241022111749 0.926 21.636 38.411 8.229 8.335 0.158 10.893 
241022113249 0.922 21.654 38.413 8.220 8.334 0.288 10.903 
241022114749 0.919 21.667 38.400 8.214 8.334 1.575 10.907 
241022120249 0.934 21.656 38.418 8.205 8.334 0.264 10.876 
241022121749 0.937 21.705 38.415 8.199 8.332 0.606 10.898 
241022123249 0.945 21.713 38.409 8.205 8.328 0.275 10.905 
241022124749 0.916 21.716 38.417 8.205 8.332 0.612 10.908 
241022130249 0.919 21.742 38.412 8.213 8.331 0.301 10.865 
241022131749 0.945 21.733 38.415 8.220 8.331 0.224 10.894 
241022133249 0.933 21.759 38.412 8.228 8.331 0.567 10.904 
241022134749 0.912 21.811 38.406 8.232 8.329 0.355 10.908 
241022140249 0.899 21.814 38.395 8.239 8.330 0.836 10.878 
241022141749 0.957 21.872 38.390 8.239 8.330 0.435 10.899 
241022143249 0.925 21.867 38.413 8.246 8.329 0.108 10.907 
241022144749 0.898 21.995 38.398 8.230 8.327 0.460 10.909 
241022150249 0.883 22.330 38.435 8.161 8.325 0.339 10.879 
241022151749 0.867 22.108 38.384 8.215 8.327 0.135 10.900 
241022153249 0.918 21.983 38.428 8.241 8.326 2.465 10.907 
241022154749 0.896 21.891 38.416 8.266 8.330 1.213 10.910 
241022160249 0.929 21.997 38.409 8.235 8.328 1.241 10.875 
