SAMBAT Sea Ti  C/T/D/Odo/Fluo/pH GPS : 50195 
V:0,Pression (0/50),m
V:1,Température (-5/35),°C
V:2,Salinité (2/42),g/l
V:3,Oxygène (0/20),mgl
V:4,PH (0/14),pH
V:5,Fluorescence (0/50),µgl
V:6,Tension batterie,V
021022151224 0.990 22.561 38.330 7.980 8.300 0.149 10.776 
021022152723 0.972 22.574 38.343 7.979 8.300 0.130 10.874 
021022154223 0.923 22.590 38.348 7.987 8.297 0.178 10.898 
021022155723 1.002 22.595 38.346 7.984 8.298 0.227 10.866 
021022161223 0.796 22.572 38.343 7.997 8.298 0.190 10.898 
021022162723 0.974 22.594 38.344 7.994 8.298 0.164 10.907 
021022164223 1.007 22.600 38.347 8.001 8.298 0.171 10.911 
021022165723 1.049 22.563 38.341 8.018 8.298 0.201 10.858 
021022171223 0.901 22.563 38.348 8.028 8.300 0.210 10.896 
021022172723 0.823 22.537 38.346 8.041 8.302 0.223 10.907 
021022174223 1.022 22.548 38.354 8.043 8.302 0.416 10.911 
021022175723 0.848 22.535 38.354 8.046 8.303 0.362 10.870 
021022181223 0.896 22.535 38.346 8.046 8.303 0.329 10.900 
021022182723 1.011 22.537 38.339 8.054 8.304 0.374 10.909 
021022184223 0.913 22.547 38.334 8.044 8.304 2.505 10.912 
021022185723 0.861 22.542 38.338 8.041 8.306 1.974 10.862 
021022191223 0.871 22.545 38.338 8.031 8.306 1.607 10.897 
021022192723 0.902 22.530 38.353 8.025 8.306 2.063 10.907 
021022194223 0.927 22.502 38.358 8.016 8.307 1.280 10.911 
021022195723 0.929 22.494 38.360 8.013 8.306 0.686 10.866 
021022201223 0.883 22.475 38.368 8.007 8.307 0.684 10.898 
021022202723 0.940 22.467 38.363 8.001 8.308 1.553 10.907 
021022204223 0.993 22.437 38.353 8.005 8.310 0.670 10.911 
021022205723 0.988 22.428 38.359 7.998 8.310 1.910 10.870 
021022211223 0.999 22.404 38.338 8.000 8.311 2.301 10.899 
021022212723 0.949 22.378 38.334 7.998 8.312 0.890 10.908 
021022214223 0.869 22.368 38.330 7.991 8.313 1.479 10.911 
021022215723 0.929 22.359 38.340 7.985 8.312 0.750 10.870 
021022221223 0.896 22.343 38.345 7.981 8.314 0.543 10.899 
021022222723 0.907 22.326 38.347 7.967 8.313 0.861 10.908 
021022224223 0.877 22.332 38.346 7.955 8.314 0.746 10.911 
021022225723 0.903 22.300 38.312 7.952 8.308 0.580 10.857 
021022231223 0.802 22.312 38.299 7.941 8.317 0.661 10.895 
021022232723 0.842 22.319 38.316 7.927 8.314 1.105 10.906 
021022234223 0.911 22.333 38.312 7.912 8.316 0.959 10.910 
021022235723 0.957 22.335 38.305 7.911 8.314 0.889 10.869 
031022001223 0.899 22.341 38.312 7.903 8.316 0.625 10.899 
031022002723 0.894 22.303 38.305 7.909 8.317 0.441 10.907 
031022004223 0.888 22.276 38.303 7.906 8.316 1.001 10.910 
031022005723 0.994 22.302 38.294 7.904 8.315 0.631 10.869 
031022011223 0.966 22.308 38.298 7.909 8.316 0.453 10.898 
031022012723 1.019 22.287 38.289 7.912 8.315 0.658 10.907 
031022014223 0.956 22.282 38.299 7.912 8.317 4.083 10.910 
031022015723 0.890 22.257 38.311 7.919 8.313 0.353 10.856 
031022021223 0.867 22.230 38.298 7.925 8.319 0.379 10.894 
031022022723 0.849 22.192 38.294 7.918 8.320 0.317 10.905 
031022024223 0.954 22.173 38.274 7.917 8.320 0.348 10.909 
031022025723 0.949 22.167 38.263 7.910 8.320 0.369 10.868 
031022031223 0.877 22.149 38.263 7.912 8.320 0.469 10.897 
031022032723 0.925 22.134 38.270 7.905 8.317 0.378 10.906 
031022034223 0.881 22.123 38.272 7.896 8.318 0.344 10.909 
031022035723 0.873 22.088 38.267 7.892 8.318 0.365 10.867 
031022041223 0.889 22.101 38.270 7.884 8.320 0.583 10.897 
031022042723 0.898 22.090 38.264 7.876 8.320 0.702 10.905 
031022044223 0.832 22.085 38.281 7.872 8.320 0.428 10.909 
031022045723 0.855 22.065 38.272 7.872 8.322 0.558 10.855 
031022051223 0.966 22.055 38.258 7.875 8.322 0.510 10.893 
031022052723 0.918 22.042 38.265 7.878 8.323 1.515 10.904 
031022054223 0.822 22.061 38.259 7.863 8.322 0.429 10.908 
031022055723 0.902 22.117 38.279 7.851 8.320 1.208 10.868 
031022061223 1.008 22.154 38.269 7.841 8.321 0.754 10.897 
031022062723 0.874 22.140 38.261 7.844 8.322 0.832 10.906 
031022064223 0.933 22.187 38.262 7.832 8.322 2.053 10.909 
031022065723 0.976 22.200 38.261 7.833 8.322 0.349 10.867 
031022071223 0.990 22.216 38.271 7.835 8.321 0.419 10.897 
031022072723 0.929 22.233 38.280 7.835 8.320 1.150 10.906 
031022074223 0.791 22.244 38.269 7.841 8.321 16.873 10.909 
031022075723 0.917 22.224 38.273 7.849 8.321 0.543 10.861 
031022081223 0.888 22.201 38.306 7.863 8.321 5.123 10.895 
031022082723 0.934 22.218 38.292 7.864 8.320 17.715 10.905 
031022084223 0.938 22.220 38.303 7.866 8.318 2.909 10.909 
031022085723 0.953 22.244 38.297 7.867 8.318 13.508 10.868 
031022091223 0.976 22.262 38.300 7.865 8.317 6.143 10.897 
031022092723 0.868 22.262 38.303 7.874 8.316 6.135 10.906 
031022094223 0.869 22.280 38.303 7.875 8.316 0.819 10.909 
031022095723 0.863 22.283 38.301 7.882 8.316 0.232 10.868 
031022101223 0.950 22.289 38.286 7.885 8.316 1.201 10.897 
031022102723 0.843 22.312 38.297 7.893 8.315 1.243 10.906 
031022104223 0.833 22.355 38.283 7.889 8.315 0.808 10.910 
031022105723 0.895 22.365 38.297 7.890 8.314 0.804 10.856 
031022111223 0.910 22.357 38.281 7.892 8.312 1.431 10.894 
031022112723 0.975 22.414 38.299 7.883 8.312 0.600 10.905 
031022114223 0.887 22.420 38.292 7.885 8.310 0.085 10.910 
031022115723 0.936 22.417 38.293 7.883 8.310 9.157 10.870 
031022121223 0.823 22.410 38.300 7.880 8.310 11.267 10.899 
031022122723 0.940 22.414 38.294 7.874 8.309 1.566 10.907 
031022124223 0.891 22.438 38.289 7.865 8.310 0.349 10.911 
031022125723 0.906 22.447 38.301 7.862 8.307 0.123 10.869 
031022131223 0.917 22.446 38.300 7.866 8.308 0.115 10.899 
031022132723 0.864 22.442 38.294 7.875 8.309 0.111 10.907 
031022134223 0.935 22.454 38.297 7.875 8.308 0.062 10.911 
031022135723 0.820 22.405 38.296 7.884 8.308 0.091 10.857 
031022141223 0.869 22.444 38.302 7.883 8.307 0.058 10.895 
031022142723 0.962 22.450 38.292 7.882 8.307 0.087 10.906 
031022144223 0.913 22.463 38.309 7.885 8.306 0.095 10.910 
031022145723 0.932 22.458 38.289 7.899 8.306 0.075 10.870 
031022151223 0.938 22.488 38.292 7.895 8.306 0.111 10.899 
