SAMBAT Sea Ti  C/T/D/Odo/Fluo/pH GPS : 50195 
V:0,Pression (0/50),m
V:1,Température (-5/35),°C
V:2,Salinité (2/42),g/l
V:3,Oxygène (0/20),mgl
V:4,PH (0/14),pH
V:5,Fluorescence (0/50),µgl
V:6,Tension batterie,V
281222184224 0.970 16.166 37.823 9.259 8.343 0.476 10.727 
281222185723 1.023 16.166 37.823 9.259 8.343 0.437 10.783 
281222191223 1.017 16.153 37.827 9.259 8.344 0.466 10.829 
281222192723 1.021 16.133 37.822 9.266 8.344 0.431 10.845 
281222194223 1.065 16.131 37.824 9.264 8.344 0.468 10.853 
281222195723 1.010 16.138 37.817 9.265 8.344 0.428 10.800 
281222201223 1.083 16.134 37.814 9.265 8.344 0.409 10.838 
281222202723 0.981 16.101 37.822 9.261 8.345 0.438 10.850 
281222204223 1.017 16.124 37.818 9.254 8.344 0.419 10.856 
281222205723 1.034 16.121 37.811 9.249 8.345 0.494 10.777 
281222211223 1.016 16.115 37.823 9.248 8.345 0.426 10.831 
281222212723 1.058 16.113 37.820 9.247 8.345 0.403 10.847 
281222214223 1.005 16.128 37.813 9.246 8.345 0.417 10.855 
281222215723 1.043 16.112 37.820 9.247 8.345 0.482 10.800 
281222221223 1.001 16.117 37.825 9.245 8.346 0.390 10.838 
281222222723 1.010 16.110 37.822 9.241 8.346 0.407 10.851 
281222224223 0.995 16.122 37.817 9.237 8.346 0.451 10.856 
281222225723 0.970 16.095 37.806 9.244 8.346 0.406 10.797 
281222231223 1.008 16.104 37.813 9.239 8.346 0.511 10.837 
281222232723 1.013 16.100 37.808 9.235 8.347 0.454 10.850 
281222234223 0.991 16.111 37.805 9.232 8.346 0.547 10.856 
281222235723 1.012 16.094 37.808 9.232 8.347 0.437 10.781 
291222001223 1.034 16.108 37.810 9.226 8.347 0.371 10.832 
291222002723 1.012 16.080 37.804 9.228 8.348 0.412 10.848 
291222004223 1.029 16.099 37.795 9.220 8.349 0.462 10.855 
291222005723 1.041 16.097 37.800 9.218 8.348 0.469 10.800 
291222011223 1.016 16.099 37.806 9.216 8.348 0.532 10.838 
291222012723 1.001 16.092 37.806 9.216 8.349 0.481 10.851 
291222014223 1.040 16.059 37.809 9.226 8.350 0.555 10.856 
291222015723 1.037 16.104 37.812 9.212 8.349 0.497 10.800 
291222021223 1.012 16.081 37.804 9.214 8.349 0.418 10.839 
291222022723 1.007 16.081 37.809 9.210 8.349 0.548 10.851 
291222024223 1.003 16.081 37.813 9.206 8.349 0.453 10.856 
291222025723 0.992 16.081 37.803 9.210 8.349 0.466 10.777 
291222031223 1.005 16.083 37.807 9.212 8.350 0.456 10.831 
291222032723 0.977 16.068 37.800 9.217 8.350 0.503 10.848 
291222034223 0.991 16.069 37.804 9.216 8.351 0.458 10.854 
291222035723 0.938 16.099 37.801 9.208 8.350 0.524 10.800 
291222041223 0.979 16.082 37.781 9.212 8.351 0.408 10.838 
291222042723 1.007 16.077 37.793 9.215 8.351 0.446 10.851 
291222044223 1.025 16.097 37.803 9.211 8.351 0.445 10.856 
291222045723 1.019 16.103 37.791 9.214 8.351 0.453 10.801 
291222051223 1.000 16.093 37.803 9.220 8.352 0.510 10.839 
291222052723 1.007 16.079 37.804 9.223 8.351 0.477 10.851 
291222054223 1.015 16.081 37.789 9.226 8.353 0.432 10.856 
291222055723 1.017 16.095 37.796 9.224 8.352 0.521 10.799 
291222061223 1.000 16.102 37.791 9.223 8.352 0.503 10.838 
291222062723 0.994 16.103 37.784 9.225 8.352 0.501 10.851 
291222064223 0.962 16.096 37.795 9.230 8.353 0.435 10.856 
291222065723 0.979 16.099 37.784 9.228 8.352 0.426 10.778 
291222071223 0.982 16.085 37.785 9.234 8.352 0.401 10.831 
291222072723 1.025 16.079 37.787 9.231 8.353 0.490 10.848 
291222074223 0.982 16.089 37.790 9.228 8.353 0.419 10.855 
291222075723 1.000 16.094 37.777 9.225 8.353 0.553 10.800 
291222081223 0.994 16.069 37.783 9.232 8.353 0.531 10.838 
291222082723 1.047 16.094 37.788 9.219 8.353 0.515 10.851 
291222084223 0.973 16.076 37.782 9.226 8.353 0.491 10.856 
291222085723 1.000 16.075 37.786 9.216 8.353 0.508 10.777 
291222091223 0.995 16.073 37.789 9.218 8.354 0.504 10.831 
291222092723 0.996 16.068 37.785 9.223 8.354 0.481 10.847 
291222094223 0.987 16.084 37.779 9.215 8.354 0.417 10.854 
291222095723 0.973 16.081 37.782 9.218 8.353 0.315 10.801 
291222101223 1.008 16.089 37.794 9.215 8.353 0.286 10.838 
291222102723 0.993 16.079 37.782 9.217 8.353 0.197 10.851 
291222104223 1.015 16.095 37.774 9.215 8.352 0.221 10.856 
291222105723 0.952 16.089 37.776 9.219 8.352 0.214 10.788 
291222111223 1.022 16.095 37.782 9.223 8.352 0.157 10.835 
291222112723 0.997 16.104 37.779 9.224 8.351 0.178 10.849 
291222114223 1.017 16.108 37.777 9.222 8.351 0.146 10.855 
291222115723 1.001 16.113 37.780 9.226 8.350 0.185 10.801 
291222121223 0.965 16.115 37.784 9.225 8.350 0.157 10.839 
291222122723 1.020 16.135 37.777 9.223 8.349 0.110 10.851 
291222124223 0.989 16.138 37.777 9.228 8.349 0.143 10.856 
291222125723 1.005 16.143 37.771 9.231 8.349 0.157 10.800 
291222131223 0.996 16.142 37.769 9.236 8.348 0.098 10.839 
291222132723 1.017 16.175 37.771 9.233 8.347 0.082 10.851 
291222134223 0.986 16.147 37.766 9.240 8.347 0.094 10.857 
291222135723 0.949 16.188 37.775 9.234 8.346 0.102 10.800 
291222141223 0.999 16.165 37.766 9.251 8.346 0.177 10.839 
291222142723 0.948 16.150 37.776 9.253 8.346 0.100 10.851 
291222144223 0.950 16.150 37.771 9.259 8.346 0.131 10.857 
291222145723 0.971 16.146 37.767 9.261 8.346 0.122 10.779 
291222151223 0.998 16.146 37.771 9.261 8.346 0.124 10.832 
291222152723 0.989 16.156 37.770 9.262 8.345 0.169 10.848 
291222154223 0.981 16.146 37.762 9.266 8.345 0.174 10.855 
291222155723 1.015 16.162 37.775 9.260 8.344 0.191 10.800 
291222161223 1.007 16.150 37.767 9.264 8.344 0.200 10.839 
291222162723 0.970 16.142 37.759 9.258 8.345 0.287 10.851 
291222164223 0.978 16.148 37.761 9.254 8.345 0.255 10.856 
291222165723 1.039 16.145 37.761 9.256 8.344 0.333 10.802 
291222171223 1.043 16.136 37.768 9.253 8.345 0.382 10.839 
291222172723 1.010 16.135 37.760 9.252 8.345 0.388 10.851 
291222174223 0.964 16.125 37.759 9.257 8.345 0.419 10.857 
291222175723 0.972 16.116 37.763 9.254 8.345 0.447 10.778 
291222181223 1.013 16.089 37.763 9.255 8.345 0.387 10.832 
291222182723 1.007 16.098 37.755 9.252 8.345 0.436 10.848 
291222184223 0.979 16.090 37.760 9.249 8.345 0.399 10.855 
