SAMBAT Sea Ti  C/T/D/Odo/Fluo/pH GPS : 50195 
V:0,Pression (0/50),m
V:1,Température (-5/35),°C
V:2,Salinité (2/42),g/l
V:3,Oxygène (0/20),mgl
V:4,PH (0/14),pH
V:5,Fluorescence (0/50),µgl
V:6,Tension batterie,V
270922150041 0.647 23.118 38.519 8.054 8.307 0.090 10.777 
270922151540 0.770 23.096 38.517 8.061 8.307 0.997 10.878 
270922153040 0.832 23.094 38.520 8.060 8.306 0.095 10.903 
270922154540 0.893 23.111 38.513 8.058 8.307 0.133 10.912 
270922160040 0.921 23.086 38.517 8.064 8.306 0.233 10.886 
270922161540 0.805 23.113 38.522 8.056 8.305 0.123 10.907 
270922163040 0.726 23.138 38.528 8.049 8.306 2.041 10.914 
270922164540 0.643 23.141 38.530 8.049 8.306 0.106 10.916 
270922170040 0.701 23.136 38.532 8.047 8.305 0.193 10.888 
270922171540 0.780 23.128 38.524 8.048 8.305 0.181 10.908 
270922173040 0.769 23.132 38.525 8.046 8.306 0.355 10.915 
270922174540 0.738 23.130 38.533 8.045 8.306 0.398 10.917 
270922180040 0.821 23.146 38.526 8.038 8.306 0.233 10.886 
270922181540 0.762 23.140 38.527 8.035 8.308 28.762 10.908 
270922183040 0.790 23.133 38.531 8.029 8.308 1.621 10.915 
270922184540 0.705 23.142 38.536 8.025 8.308 0.665 10.918 
270922190040 0.738 23.157 38.532 8.023 8.308 4.105 10.875 
270922191540 0.692 23.138 38.533 8.021 8.308 0.315 10.905 
270922193040 0.744 23.154 38.529 8.020 8.309 0.258 10.914 
270922194540 0.618 23.140 38.525 8.022 8.309 0.362 10.917 
270922200040 0.725 23.137 38.522 8.019 8.311 0.348 10.888 
270922201540 0.652 23.132 38.525 8.019 8.312 0.406 10.909 
270922203040 0.515 23.144 38.526 8.016 8.311 0.260 10.915 
270922204540 0.600 23.141 38.530 8.016 8.313 0.290 10.918 
270922210040 0.824 23.140 38.531 8.015 8.313 0.255 10.888 
270922211540 0.840 23.134 38.528 8.015 8.314 0.300 10.909 
270922213040 0.790 23.146 38.520 8.010 8.314 16.206 10.915 
270922214540 0.837 23.141 38.523 8.007 8.315 0.300 10.918 
270922220040 0.738 23.132 38.520 8.006 8.315 0.248 10.875 
270922221540 0.851 23.121 38.523 8.010 8.317 0.336 10.905 
270922223040 0.631 23.137 38.520 8.001 8.317 0.331 10.914 
270922224540 0.683 23.123 38.516 8.003 8.318 0.318 10.917 
270922230040 0.756 23.130 38.524 7.999 8.317 0.279 10.888 
270922231540 0.812 23.122 38.518 7.999 8.318 0.372 10.909 
270922233040 0.724 23.108 38.524 8.001 8.318 0.279 10.915 
270922234540 0.664 23.115 38.513 8.001 8.319 0.291 10.918 
280922000040 0.740 23.111 38.530 7.999 8.318 0.308 10.888 
280922001540 0.754 23.106 38.534 7.996 8.320 0.322 10.909 
280922003040 0.808 23.113 38.517 7.997 8.320 0.307 10.915 
280922004540 0.719 23.089 38.517 7.997 8.320 0.303 10.918 
280922010040 0.772 23.096 38.524 7.997 8.320 0.272 10.875 
280922011540 0.641 23.097 38.520 7.996 8.320 0.316 10.905 
280922013040 0.790 23.101 38.516 7.993 8.320 0.312 10.914 
280922014540 0.828 23.086 38.512 7.998 8.321 0.548 10.917 
280922020040 0.731 23.074 38.518 7.996 8.321 0.322 10.887 
280922021540 0.581 23.078 38.503 7.992 8.320 0.279 10.908 
280922023040 0.859 23.070 38.504 7.997 8.321 0.254 10.915 
280922024540 0.738 23.090 38.507 7.995 8.321 0.276 10.917 
280922030040 0.689 23.086 38.508 7.992 8.321 0.301 10.875 
280922031540 0.715 23.064 38.503 7.992 8.322 0.266 10.904 
280922033040 0.669 23.070 38.490 7.990 8.322 0.289 10.913 
280922034540 0.760 23.061 38.499 7.990 8.322 0.294 10.917 
280922040040 0.906 23.068 38.508 7.990 8.322 0.395 10.887 
280922041540 0.817 23.062 38.508 7.991 8.322 0.260 10.908 
280922043040 0.824 23.054 38.510 7.994 8.321 0.291 10.915 
280922044540 0.788 23.042 38.495 7.998 8.322 0.310 10.917 
280922050040 0.732 23.040 38.507 7.997 8.322 0.298 10.887 
280922051540 0.754 23.041 38.504 7.991 8.322 0.289 10.908 
280922053040 0.813 23.017 38.497 7.997 8.322 0.283 10.915 
280922054540 0.742 23.032 38.497 8.000 8.322 0.259 10.917 
280922060040 0.583 23.032 38.493 7.997 8.322 0.233 10.874 
280922061540 0.714 23.037 38.492 7.994 8.322 0.258 10.904 
280922063040 0.922 23.022 38.497 7.994 8.321 0.307 10.913 
280922064540 0.799 23.026 38.494 7.985 8.323 0.274 10.916 
280922070040 0.849 23.006 38.492 7.983 8.322 0.252 10.888 
280922071540 0.600 23.026 38.489 7.979 8.322 0.379 10.908 
280922073040 0.694 23.017 38.484 7.983 8.323 0.236 10.914 
280922074540 0.681 23.018 38.489 7.981 8.322 0.320 10.917 
280922080040 0.855 23.025 38.493 7.975 8.323 0.248 10.885 
280922081540 0.822 23.014 38.493 7.969 8.322 0.265 10.907 
280922083040 0.846 23.014 38.483 7.972 8.322 0.250 10.914 
280922084540 0.662 23.024 38.490 7.972 8.323 0.275 10.917 
280922090040 0.715 23.006 38.489 7.973 8.322 0.218 10.868 
280922091540 0.797 23.002 38.489 7.979 8.322 0.218 10.902 
280922093040 0.727 23.013 38.490 7.981 8.322 0.303 10.912 
280922094540 0.699 23.017 38.485 7.979 8.322 0.223 10.916 
280922100040 0.955 23.012 38.493 7.975 8.321 0.206 10.887 
280922101540 0.834 23.001 38.491 7.979 8.321 0.199 10.907 
280922103040 0.648 23.005 38.494 7.983 8.320 0.233 10.914 
280922104540 0.696 23.010 38.491 7.986 8.319 0.165 10.917 
280922110040 0.781 23.000 38.485 7.989 8.319 0.194 10.886 
280922111540 0.642 22.998 38.497 7.996 8.317 0.132 10.908 
280922113040 0.772 23.004 38.493 8.004 8.314 0.143 10.914 
280922114540 0.630 23.002 38.495 8.008 8.313 0.602 10.916 
280922120040 0.720 23.012 38.492 8.017 8.309 0.087 10.874 
280922121540 0.785 23.001 38.492 8.022 8.312 0.143 10.904 
280922123040 0.644 23.001 38.483 8.027 8.309 0.170 10.913 
280922124540 0.749 22.993 38.482 8.032 8.309 0.110 10.916 
280922130040 0.790 22.993 38.483 8.037 8.306 0.132 10.887 
280922131540 0.724 22.996 38.487 8.037 8.307 0.076 10.908 
280922133040 0.917 22.990 38.484 8.044 8.305 0.137 10.914 
280922134540 0.687 22.992 38.476 8.038 8.306 0.100 10.917 
280922140040 0.731 22.992 38.479 8.033 8.305 0.092 10.885 
280922141540 0.762 22.993 38.479 8.029 8.305 0.110 10.907 
280922143040 0.728 22.992 38.478 8.023 8.305 0.130 10.914 
280922144540 0.686 22.989 38.477 8.027 8.303 0.085 10.917 
280922150040 0.660 22.990 38.479 8.029 8.301 0.136 10.874 
