SAMBAT Sea Ti  C/T/D/Odo/Fluo/pH GPS : 50195 
V:0,Pression (0/50),m
V:1,Température (-5/35),°C
V:2,Salinité (2/42),g/l
V:3,Oxygène (0/20),mgl
V:4,PH (0/14),pH
V:5,Fluorescence (0/50),µgl
V:6,Tension batterie,V
171222181638 0.890 16.709 35.514 8.892 8.328 0.476 10.731 
171222183137 0.919 16.667 35.493 8.901 8.329 0.425 10.819 
171222184637 0.979 16.667 35.495 8.903 8.329 0.461 10.845 
171222190137 0.920 16.660 35.500 8.905 8.329 0.430 10.819 
171222191637 1.064 16.662 36.023 8.902 8.328 0.416 10.846 
171222193137 0.924 16.666 35.502 8.901 8.328 0.365 10.856 
171222194637 0.855 16.651 35.526 8.901 8.328 0.458 10.861 
171222200137 0.984 16.643 35.508 8.902 8.328 0.403 10.823 
171222201637 1.049 16.634 35.495 8.906 8.328 0.432 10.848 
171222203137 0.891 16.613 35.507 8.912 8.328 0.473 10.858 
171222204637 0.989 16.622 35.521 8.911 8.329 0.375 10.862 
171222210137 0.955 16.637 35.504 8.910 8.329 0.342 10.812 
171222211637 0.910 16.637 35.517 8.913 8.329 0.338 10.844 
171222213137 0.902 16.631 35.518 8.912 8.328 0.391 10.856 
171222214637 1.049 16.623 35.522 8.916 8.329 0.446 10.861 
171222220137 1.008 16.606 35.522 8.916 8.329 0.433 10.822 
171222221637 0.946 16.621 35.472 8.921 8.329 0.359 10.849 
171222223137 1.035 16.640 35.519 8.921 8.329 0.420 10.858 
171222224637 0.967 16.661 35.548 8.916 8.329 0.314 10.862 
171222230137 0.968 16.616 35.525 8.925 8.329 0.420 10.822 
171222231637 1.020 16.624 35.545 8.927 8.330 0.398 10.848 
171222233137 0.984 16.599 35.517 8.926 8.330 0.486 10.858 
171222234637 1.046 16.586 35.509 8.933 8.330 0.351 10.862 
181222000137 1.020 16.569 35.482 8.935 8.331 0.419 10.812 
181222001637 0.964 16.574 35.513 8.938 8.331 0.373 10.844 
181222003137 0.957 16.590 35.515 8.929 8.330 0.395 10.856 
181222004637 1.030 16.579 35.487 8.923 8.332 0.384 10.861 
181222010137 1.012 16.586 35.508 8.921 8.332 0.434 10.823 
181222011637 1.010 16.576 35.509 8.917 8.332 0.482 10.848 
181222013137 0.955 16.603 35.502 8.904 8.330 0.383 10.858 
181222014637 1.001 16.596 35.514 8.895 8.331 0.467 10.862 
181222020137 1.064 16.600 35.508 8.893 8.331 0.362 10.823 
181222021637 1.066 16.598 35.506 8.886 8.331 0.432 10.849 
181222023137 1.020 16.636 35.517 8.871 8.330 0.470 10.858 
181222024637 0.995 16.598 35.514 8.870 8.330 0.462 10.862 
181222030137 1.012 16.625 35.505 8.859 8.330 0.432 10.811 
181222031637 1.019 16.613 35.506 8.857 8.330 0.385 10.844 
181222033137 1.002 16.603 35.507 8.854 8.330 0.465 10.856 
181222034637 1.020 16.594 35.496 8.856 8.330 0.438 10.861 
181222040137 1.008 16.612 35.496 8.842 8.330 0.395 10.823 
181222041637 1.082 16.622 35.509 8.833 8.330 0.374 10.849 
181222043137 1.002 16.617 35.502 8.831 8.330 0.450 10.858 
181222044637 1.041 16.587 35.505 8.835 8.330 0.419 10.862 
181222050137 0.996 16.584 35.507 8.834 8.330 0.397 10.823 
181222051637 1.018 16.608 35.502 8.818 8.330 0.471 10.849 
181222053137 1.009 16.604 35.509 8.815 8.330 0.466 10.858 
181222054637 1.082 16.588 35.518 8.818 8.331 0.379 10.862 
181222060137 1.015 16.592 35.502 8.812 8.330 0.465 10.822 
181222061637 1.015 16.583 35.502 8.808 8.330 0.479 10.848 
181222063137 1.027 16.589 35.497 8.802 8.330 0.520 10.858 
181222064637 1.029 16.583 35.482 8.815 8.331 0.412 10.862 
181222070137 1.065 16.579 35.490 8.817 8.331 0.464 10.807 
181222071637 1.062 16.576 35.484 8.822 8.331 0.383 10.843 
181222073137 1.048 16.595 35.493 8.822 8.330 0.389 10.855 
181222074637 1.080 16.604 35.493 8.823 8.330 0.465 10.861 
181222080137 1.067 16.583 35.489 8.832 8.330 0.412 10.823 
181222081637 1.077 16.594 35.503 8.834 8.329 0.421 10.848 
181222083137 1.037 16.580 35.483 8.836 8.331 0.620 10.858 
181222084637 1.066 16.580 35.470 8.831 8.331 0.506 10.862 
181222090137 1.014 16.598 35.490 8.827 8.330 0.432 10.809 
181222091637 1.077 16.570 35.476 8.838 8.330 0.445 10.843 
181222093137 1.045 16.572 35.474 8.833 8.330 0.413 10.856 
181222094637 1.080 16.582 35.498 8.821 8.331 0.465 10.861 
181222100137 1.051 16.569 35.473 8.815 8.330 0.282 10.822 
181222101637 1.066 16.584 35.848 8.806 8.330 0.260 10.847 
181222103137 1.061 16.578 35.869 8.801 8.330 0.355 10.857 
181222104637 1.091 16.587 35.473 8.801 8.329 0.180 10.862 
181222110137 1.058 16.584 35.489 8.798 8.330 0.185 10.822 
181222111637 1.061 16.585 35.840 8.795 8.330 0.156 10.848 
181222113137 1.104 16.592 35.501 8.787 8.329 0.180 10.857 
181222114637 1.070 16.609 35.473 8.779 8.328 0.161 10.862 
181222120137 1.050 16.610 35.469 8.788 8.329 0.126 10.822 
181222121637 1.097 16.619 35.405 8.793 8.329 0.095 10.848 
181222123137 1.088 16.624 35.379 8.800 8.328 0.141 10.858 
181222124637 1.082 16.633 35.372 8.807 8.328 0.136 10.862 
181222130137 1.034 16.644 35.473 8.818 8.329 0.114 10.812 
181222131637 1.050 16.653 35.456 8.822 8.328 0.140 10.844 
181222133137 1.074 16.661 35.431 8.833 8.328 0.147 10.856 
181222134637 1.060 16.669 35.817 8.838 8.328 0.152 10.862 
181222140137 1.001 16.680 35.425 8.843 8.327 0.129 10.811 
181222141637 1.060 16.688 35.407 8.852 8.327 0.177 10.844 
181222143137 0.995 16.699 35.447 8.852 8.327 0.150 10.856 
181222144637 1.067 16.690 35.464 8.864 8.327 0.136 10.862 
181222150137 1.029 16.698 35.413 8.873 8.327 0.115 10.821 
181222151637 1.086 16.691 35.884 8.878 8.327 0.169 10.848 
181222153137 1.028 16.694 35.473 8.881 8.327 0.173 10.858 
181222154637 1.120 16.696 35.784 8.884 8.327 0.224 10.862 
181222160137 1.066 16.691 35.666 8.887 8.327 0.333 10.812 
181222161637 1.061 16.694 35.422 8.888 8.327 0.282 10.844 
181222163137 1.030 16.688 35.890 8.888 8.327 0.392 10.856 
181222164637 1.120 16.667 35.449 8.891 8.327 0.423 10.861 
181222170137 1.080 16.649 35.427 8.892 8.329 0.519 10.824 
181222171637 1.087 16.658 35.914 8.886 8.328 0.397 10.849 
181222173137 1.068 16.649 35.835 8.887 8.328 0.424 10.859 
181222174637 1.053 16.633 35.932 8.884 8.328 0.433 10.863 
181222180137 1.154 16.623 35.906 8.884 8.328 0.581 10.821 
181222181637 1.091 16.627 35.473 8.876 8.328 0.442 10.848 
