SAMBAT Sea Ti  C/T/D/Odo/Fluo/pH GPS : 50195 
V:0,Pression (0/50),m
V:1,Température (-5/35),°C
V:2,Salinité (2/42),g/l
V:3,Oxygène (0/20),mgl
V:4,PH (0/14),pH
V:5,Fluorescence (0/50),µgl
V:6,Tension batterie,V
160922143317 0.714 25.443 38.515 7.645 8.287 0.077 10.807 
160922144816 0.743 25.437 38.520 7.650 8.286 0.050 10.866 
160922150316 0.786 25.449 38.516 7.652 8.286 0.062 10.907 
160922151816 0.707 25.472 38.516 7.648 8.284 0.124 10.930 
160922153316 0.759 25.523 38.500 7.635 8.280 0.099 10.936 
160922154816 0.646 25.536 38.497 7.632 8.277 0.110 10.886 
160922160316 0.879 25.548 38.500 7.623 8.275 0.142 10.920 
160922161816 0.786 25.560 38.497 7.616 8.275 0.156 10.935 
160922163316 0.662 25.556 38.505 7.616 8.278 0.137 10.939 
160922164816 0.573 25.563 38.506 7.609 8.278 0.124 10.888 
160922170316 0.768 25.559 38.504 7.603 8.279 0.177 10.921 
160922171816 0.686 25.550 38.505 7.602 8.278 0.133 10.936 
160922173316 0.806 25.551 38.508 7.596 8.279 0.212 10.940 
160922174816 0.902 25.551 38.506 7.595 8.280 0.187 10.888 
160922180316 0.718 25.550 38.504 7.596 8.281 0.144 10.912 
160922181816 0.764 25.544 38.501 7.597 8.283 0.203 10.933 
160922183316 0.703 25.545 38.501 7.602 8.284 0.239 10.938 
160922184816 0.675 25.535 38.499 7.609 8.285 0.199 10.887 
160922190316 0.802 25.541 38.499 7.608 8.285 0.270 10.921 
160922191816 0.738 25.529 38.504 7.617 8.286 0.239 10.935 
160922193316 0.855 25.541 38.494 7.624 8.286 0.276 10.939 
160922194816 0.668 25.515 38.499 7.632 8.288 0.230 10.887 
160922200316 0.754 25.523 38.503 7.638 8.288 0.198 10.911 
160922201816 0.741 25.514 38.497 7.642 8.289 0.268 10.933 
160922203316 0.615 25.536 38.482 7.643 8.289 0.221 10.938 
160922204816 0.648 25.524 38.489 7.642 8.290 0.211 10.887 
160922210316 0.769 25.518 38.487 7.645 8.291 0.208 10.921 
160922211816 0.476 25.506 38.483 7.648 8.292 0.253 10.935 
160922213316 0.791 25.506 38.483 7.652 8.293 0.209 10.939 
160922214816 0.652 25.490 38.483 7.652 8.294 0.261 10.887 
160922220316 0.791 25.478 38.481 7.652 8.294 0.304 10.922 
160922221816 0.671 25.463 38.488 7.653 8.295 0.229 10.935 
160922223316 0.722 25.460 38.484 7.648 8.296 0.214 10.939 
160922224816 0.753 25.457 38.480 7.646 8.296 0.217 10.887 
160922230316 0.693 25.463 38.482 7.646 8.297 0.212 10.911 
160922231816 0.732 25.482 38.485 7.643 8.298 0.489 10.932 
160922233316 0.735 25.439 38.486 7.650 8.298 0.228 10.938 
160922234816 0.684 25.446 38.487 7.648 8.299 0.203 10.886 
170922000316 0.734 25.452 38.480 7.645 8.299 0.205 10.920 
170922001816 0.747 25.458 38.486 7.640 8.300 0.200 10.935 
170922003316 0.742 25.454 38.484 7.639 8.300 0.199 10.939 
170922004816 0.664 25.436 38.488 7.638 8.300 0.190 10.887 
170922010316 0.680 25.436 38.496 7.636 8.301 0.189 10.911 
170922011816 0.700 25.431 38.490 7.639 8.300 0.189 10.932 
170922013316 0.808 25.437 38.498 7.631 8.301 0.212 10.938 
170922014816 0.656 25.430 38.495 7.633 8.301 0.190 10.886 
170922020316 0.671 25.416 38.486 7.633 8.301 0.195 10.920 
170922021816 0.738 25.401 38.497 7.629 8.301 0.183 10.935 
170922023316 0.679 25.445 38.494 7.621 8.301 0.284 10.939 
170922024816 0.495 25.436 38.493 7.623 8.301 0.187 10.886 
170922030316 0.676 25.410 38.498 7.626 8.301 0.250 10.919 
170922031816 0.815 25.413 38.498 7.628 8.301 0.228 10.934 
170922033316 0.821 25.427 38.494 7.628 8.301 0.259 10.939 
170922034816 0.802 25.422 38.497 7.631 8.301 0.226 10.886 
170922040316 0.776 25.413 38.489 7.631 8.302 0.243 10.911 
170922041816 0.801 25.400 38.490 7.634 8.303 0.280 10.932 
170922043316 0.587 25.389 38.494 7.637 8.303 0.217 10.938 
170922044816 0.705 25.398 38.488 7.639 8.304 0.285 10.886 
170922050316 0.645 25.379 38.502 7.639 8.304 0.245 10.920 
170922051816 0.811 25.389 38.492 7.637 8.303 0.220 10.934 
170922053316 0.735 25.386 38.494 7.635 8.303 0.228 10.938 
170922054816 0.660 25.363 38.499 7.639 8.303 0.219 10.886 
170922060316 0.601 25.363 38.499 7.633 8.302 0.233 10.919 
170922061816 0.612 25.360 38.496 7.629 8.302 0.256 10.934 
170922063316 0.730 25.363 38.510 7.622 8.302 0.170 10.938 
170922064816 0.784 25.352 38.505 7.618 8.302 0.234 10.886 
170922070316 0.558 25.348 38.480 7.614 8.302 0.251 10.910 
170922071816 0.683 25.337 38.508 7.608 8.301 0.227 10.931 
170922073316 0.826 25.352 38.496 7.599 8.302 0.261 10.937 
170922074816 0.626 25.330 38.502 7.599 8.301 0.236 10.886 
170922080316 0.737 25.327 38.494 7.595 8.302 0.320 10.919 
170922081816 0.675 25.333 38.501 7.590 8.302 0.200 10.934 
170922083316 0.704 25.331 38.498 7.590 8.302 0.262 10.938 
170922084816 0.751 25.327 38.503 7.591 8.300 0.181 10.886 
170922090316 0.577 25.322 38.500 7.593 8.300 0.168 10.909 
170922091816 0.784 25.321 38.500 7.593 8.298 0.160 10.931 
170922093316 0.860 25.314 38.505 7.594 8.298 0.204 10.937 
170922094816 0.650 25.330 38.505 7.596 8.298 0.156 10.885 
170922100316 0.864 25.319 38.510 7.601 8.297 0.151 10.920 
170922101816 0.667 25.316 38.514 7.599 8.296 0.230 10.934 
170922103316 0.865 25.316 38.519 7.599 8.296 0.201 10.938 
170922104816 0.724 25.318 38.499 7.602 8.295 0.219 10.886 
170922110316 0.824 25.311 38.518 7.603 8.295 0.201 10.920 
170922111816 0.791 25.296 38.519 7.607 8.295 0.240 10.934 
170922113316 0.818 25.312 38.522 7.599 8.294 0.219 10.938 
170922114816 0.655 25.315 38.522 7.601 8.291 0.212 10.886 
170922120316 0.807 25.297 38.522 7.604 8.291 0.164 10.909 
170922121816 0.809 25.311 38.521 7.598 8.291 0.219 10.931 
170922123316 0.797 25.316 38.518 7.600 8.290 0.121 10.937 
170922124816 0.743 25.314 38.513 7.605 8.291 0.185 10.886 
170922130316 0.720 25.309 38.514 7.609 8.289 0.155 10.919 
170922131816 0.843 25.305 38.520 7.608 8.288 0.107 10.933 
170922133316 0.766 25.305 38.514 7.609 8.287 0.111 10.938 
170922134816 0.875 25.314 38.512 7.612 8.287 0.127 10.886 
170922140316 0.713 25.303 38.519 7.621 8.286 0.137 10.919 
170922141816 0.695 25.303 38.526 7.624 8.286 0.116 10.933 
170922143316 0.745 25.306 38.522 7.624 8.285 0.127 10.938 
