SAMBAT Sea Ti  C/T/D/Odo/Fluo/pH GPS : 50195 
V:0,Pression (0/50),m
V:1,Température (-5/35),°C
V:2,Salinité (2/42),g/l
V:3,Oxygène (0/20),mgl
V:4,PH (0/14),pH
V:5,Fluorescence (0/50),µgl
V:6,Tension batterie,V
090922141657 0.833 26.949 38.453 7.574 8.272 0.092 10.812 
090922143156 0.753 26.943 38.459 7.579 8.272 0.075 10.923 
090922144656 0.814 26.953 38.458 7.580 8.272 0.068 10.944 
090922150156 0.821 26.956 38.462 7.580 8.271 0.047 10.919 
090922151656 0.816 26.949 38.453 7.579 8.270 0.100 10.944 
090922153156 0.834 26.993 38.462 7.570 8.269 0.099 10.949 
090922154656 0.940 26.962 38.453 7.578 8.270 0.086 10.951 
090922160156 0.835 26.951 38.449 7.573 8.271 0.085 10.932 
090922161656 0.856 26.964 38.455 7.570 8.270 0.124 10.947 
090922163156 0.766 26.959 38.455 7.566 8.268 0.136 10.951 
090922164656 0.857 26.948 38.451 7.569 8.270 0.106 10.952 
090922170156 0.967 26.966 38.458 7.566 8.270 0.132 10.932 
090922171656 0.836 26.954 38.456 7.565 8.270 0.127 10.947 
090922173156 0.847 26.966 38.460 7.558 8.268 0.181 10.951 
090922174656 0.836 26.953 38.459 7.559 8.270 0.148 10.952 
090922180156 0.873 26.978 38.467 7.547 8.267 0.177 10.931 
090922181656 0.629 26.978 38.467 7.543 8.270 0.249 10.947 
090922183156 0.938 26.990 38.459 7.537 8.269 0.252 10.951 
090922184656 0.795 26.985 38.463 7.530 8.268 0.311 10.952 
090922190156 0.799 27.006 38.471 7.516 8.266 0.365 10.921 
090922191656 0.893 27.001 38.469 7.504 8.267 0.329 10.944 
090922193156 0.820 26.966 38.454 7.506 8.271 0.260 10.950 
090922194656 0.803 26.943 38.449 7.508 8.273 0.349 10.951 
090922200156 0.961 26.943 38.453 7.504 8.273 0.261 10.933 
090922201656 0.744 26.954 38.456 7.500 8.274 0.291 10.947 
090922203156 0.804 26.941 38.453 7.503 8.274 0.297 10.951 
090922204656 0.846 26.953 38.455 7.493 8.274 0.251 10.952 
090922210156 0.746 26.945 38.458 7.491 8.274 0.300 10.931 
090922211656 0.778 26.958 38.461 7.483 8.275 0.291 10.947 
090922213156 0.892 26.948 38.458 7.490 8.276 0.285 10.951 
090922214656 0.838 26.940 38.454 7.493 8.277 0.296 10.952 
090922220156 0.853 26.940 38.455 7.489 8.279 0.280 10.923 
090922221656 0.887 26.935 38.461 7.482 8.278 0.371 10.945 
090922223156 0.795 26.940 38.459 7.477 8.279 0.284 10.950 
090922224656 0.763 26.927 38.458 7.476 8.280 0.265 10.951 
090922230156 0.873 26.916 38.460 7.476 8.280 0.338 10.933 
090922231656 0.785 26.911 38.457 7.478 8.283 0.258 10.947 
090922233156 0.909 26.903 38.457 7.481 8.284 0.281 10.951 
090922234656 0.806 26.905 38.453 7.487 8.284 0.262 10.951 
100922000156 0.719 26.881 38.443 7.490 8.285 0.243 10.933 
100922001656 0.784 26.887 38.450 7.491 8.286 0.230 10.947 
100922003156 0.804 26.885 38.444 7.493 8.286 0.292 10.950 
100922004656 0.830 26.871 38.448 7.500 8.286 0.234 10.951 
100922010156 0.831 26.877 38.442 7.503 8.288 0.219 10.921 
100922011656 0.920 26.877 38.446 7.502 8.288 0.239 10.944 
100922013156 0.815 26.855 38.440 7.511 8.289 0.217 10.950 
100922014656 0.927 26.836 38.439 7.517 8.289 0.227 10.951 
100922020156 0.815 26.837 38.442 7.514 8.289 0.226 10.932 
100922021656 0.825 26.844 38.448 7.511 8.290 0.306 10.947 
100922023156 0.806 26.842 38.446 7.512 8.290 0.210 10.950 
100922024656 0.814 26.840 38.445 7.514 8.290 0.252 10.951 
100922030156 0.840 26.852 38.444 7.514 8.291 0.242 10.932 
100922031656 0.946 26.834 38.444 7.519 8.291 0.201 10.947 
100922033156 0.888 26.845 38.445 7.515 8.291 0.240 10.950 
100922034656 0.774 26.836 38.441 7.516 8.291 0.225 10.951 
100922040156 0.795 26.832 38.438 7.514 8.291 0.224 10.922 
100922041656 0.732 26.812 38.433 7.516 8.292 0.214 10.944 
100922043156 0.790 26.813 38.440 7.514 8.292 0.193 10.949 
100922044656 0.798 26.801 38.434 7.517 8.293 0.206 10.951 
100922050156 0.935 26.805 38.435 7.519 8.293 0.223 10.922 
100922051656 0.835 26.815 38.436 7.518 8.293 0.231 10.944 
100922053156 0.861 26.793 38.429 7.519 8.294 0.166 10.949 
100922054656 0.837 26.781 38.428 7.519 8.294 0.215 10.951 
100922060156 0.796 26.761 38.425 7.528 8.296 0.170 10.932 
100922061656 0.816 26.751 38.425 7.533 8.296 0.177 10.946 
100922063156 0.689 26.748 38.419 7.540 8.296 0.193 10.950 
100922064656 0.808 26.729 38.423 7.545 8.295 0.197 10.951 
100922070156 0.828 26.742 38.432 7.548 8.295 0.172 10.921 
100922071656 0.883 26.738 38.425 7.547 8.295 0.195 10.944 
100922073156 0.810 26.735 38.427 7.547 8.295 0.215 10.949 
100922074656 0.808 26.713 38.428 7.553 8.295 0.179 10.950 
100922080156 0.831 26.735 38.431 7.545 8.294 0.182 10.931 
100922081656 0.847 26.743 38.434 7.546 8.294 0.192 10.946 
100922083156 0.741 26.719 38.436 7.546 8.293 0.129 10.950 
100922084656 0.823 26.715 38.431 7.546 8.293 0.123 10.950 
100922090156 0.956 26.729 38.425 7.538 8.292 0.190 10.930 
100922091656 0.912 26.703 38.430 7.542 8.292 0.176 10.946 
100922093156 0.831 26.710 38.429 7.538 8.291 0.075 10.949 
100922094656 0.891 26.719 38.429 7.539 8.290 0.102 10.951 
100922100156 0.858 26.697 38.438 7.540 8.289 0.095 10.919 
100922101656 0.891 26.708 38.432 7.540 8.288 0.109 10.943 
100922103156 0.669 26.700 38.430 7.544 8.286 0.110 10.949 
100922104656 0.772 26.680 38.427 7.546 8.286 0.075 10.950 
100922110156 0.898 26.676 38.423 7.548 8.285 0.128 10.931 
100922111656 0.841 26.691 38.422 7.550 8.283 0.053 10.946 
100922113156 0.805 26.672 38.418 7.557 8.282 0.095 10.949 
100922114656 0.872 26.670 38.412 7.562 8.281 0.089 10.950 
100922120156 0.920 26.662 38.415 7.570 8.281 0.080 10.929 
100922121656 0.881 26.683 38.415 7.568 8.280 0.075 10.945 
100922123156 0.824 26.662 38.414 7.581 8.279 0.089 10.949 
100922124656 0.853 26.673 38.413 7.576 8.278 0.071 10.950 
100922130156 0.823 26.673 38.420 7.578 8.277 0.055 10.919 
100922131656 0.896 26.707 38.424 7.575 8.273 0.120 10.943 
100922133156 0.706 26.730 38.445 7.575 8.269 0.136 10.948 
100922134656 0.740 26.773 38.455 7.565 8.267 0.222 10.950 
100922140156 0.808 26.769 38.446 7.567 8.267 0.206 10.929 
100922141656 0.859 26.761 38.448 7.570 8.268 0.159 10.945 
