SAMBAT Sea Ti  C/T/D/Odo/Fluo/pH GPS : 50195 
V:0,Pression (0/50),m
V:1,Température (-5/35),°C
V:2,Salinité (2/42),g/l
V:3,Oxygène (0/20),mgl
V:4,PH (0/14),pH
V:5,Fluorescence (0/50),µgl
V:6,Tension batterie,V
230922145112 0.908 23.922 38.599 7.709 8.306 0.065 10.788 
230922150611 0.864 23.902 38.598 7.722 8.304 0.075 10.886 
230922152111 0.871 23.903 38.595 7.725 8.300 0.058 10.912 
230922153611 0.894 23.904 38.598 7.724 8.305 0.074 10.920 
230922155111 0.907 23.910 38.597 7.717 8.305 0.084 10.884 
230922160611 0.852 23.903 38.593 7.714 8.301 0.060 10.907 
230922162111 0.916 23.913 38.588 7.710 8.302 0.078 10.920 
230922163611 0.923 23.916 38.585 7.699 8.302 0.087 10.924 
230922165111 0.904 23.922 38.589 7.694 8.303 0.126 10.886 
230922170611 0.904 23.934 38.593 7.681 8.305 0.130 10.903 
230922172111 0.904 23.943 38.592 7.669 8.295 0.129 10.919 
230922173611 0.877 23.952 38.593 7.662 8.296 0.139 10.924 
230922175111 0.902 23.947 38.599 7.654 8.301 0.148 10.886 
230922180611 0.880 23.946 38.596 7.645 8.303 0.170 10.909 
230922182111 0.871 23.942 38.603 7.635 8.301 0.173 10.921 
230922183611 0.886 23.936 38.598 7.630 8.303 0.170 10.925 
230922185111 0.894 23.925 38.602 7.629 8.302 0.161 10.886 
230922190611 0.895 23.921 38.597 7.628 8.306 0.183 10.907 
230922192111 0.884 23.914 38.593 7.620 8.305 0.198 10.920 
230922193611 0.890 23.909 38.591 7.617 8.307 0.225 10.924 
230922195111 0.885 23.902 38.588 7.605 8.303 0.188 10.886 
230922200611 0.899 23.891 38.587 7.595 8.306 0.159 10.909 
230922202111 0.880 23.895 38.588 7.584 8.310 0.193 10.921 
230922203611 0.888 23.877 38.584 7.575 8.306 0.149 10.925 
230922205111 0.883 23.866 38.585 7.573 8.310 0.165 10.886 
230922210611 0.879 23.857 38.585 7.566 8.306 0.172 10.907 
230922212111 0.900 23.835 38.578 7.558 8.310 0.153 10.920 
230922213611 0.892 23.837 38.579 7.549 8.313 0.150 10.924 
230922215111 0.883 23.842 38.582 7.549 8.310 0.230 10.886 
230922220611 0.926 23.821 38.585 7.549 8.316 0.148 10.903 
230922222111 0.901 23.824 38.580 7.555 8.314 0.223 10.918 
230922223611 0.876 23.824 38.581 7.564 8.316 0.168 10.923 
230922225111 0.898 23.819 38.585 7.567 8.313 0.173 10.885 
230922230611 0.913 23.795 38.587 7.581 8.316 0.156 10.908 
230922232111 0.914 23.781 38.584 7.585 8.311 0.147 10.920 
230922233611 0.902 23.787 38.589 7.588 8.315 0.151 10.924 
230922235111 0.895 23.805 38.586 7.589 8.312 0.188 10.885 
240922000611 0.887 23.813 38.593 7.597 8.318 0.124 10.905 
240922002111 0.910 23.809 38.595 7.600 8.318 0.125 10.919 
240922003611 0.890 23.810 38.599 7.603 8.317 0.212 10.923 
240922005111 0.878 23.813 38.605 7.612 8.312 0.160 10.885 
240922010611 0.872 23.817 38.601 7.615 8.318 0.143 10.908 
240922012111 0.900 23.820 38.599 7.620 8.319 0.151 10.920 
240922013611 0.894 23.828 38.600 7.615 8.317 0.138 10.924 
240922015111 0.906 23.810 38.599 7.612 8.318 0.200 10.885 
240922020611 0.896 23.810 38.614 7.605 8.316 0.166 10.908 
240922022111 0.886 23.816 38.607 7.600 8.319 0.148 10.920 
240922023611 0.881 23.812 38.604 7.590 8.313 0.170 10.924 
240922025111 0.901 23.806 38.607 7.587 8.312 0.127 10.885 
240922030611 0.887 23.799 38.610 7.587 8.320 0.126 10.902 
240922032111 0.893 23.806 38.608 7.576 8.320 0.170 10.918 
240922033611 0.894 23.799 38.626 7.565 8.314 0.153 10.923 
240922035111 0.903 23.788 38.624 7.562 8.314 0.210 10.885 
240922040611 0.865 23.795 38.609 7.557 8.311 0.165 10.907 
240922042111 0.893 23.799 38.618 7.546 8.313 0.171 10.920 
240922043611 0.890 23.801 38.615 7.544 8.308 0.181 10.924 
240922045111 0.876 23.788 38.614 7.538 8.309 0.176 10.885 
240922050611 0.871 23.777 38.614 7.525 8.312 0.132 10.907 
240922052111 0.878 23.768 38.619 7.515 8.309 0.145 10.919 
240922053611 0.868 23.779 38.613 7.513 8.315 0.160 10.924 
240922055111 0.880 23.773 38.613 7.514 8.314 0.180 10.885 
240922060611 0.879 23.780 38.614 7.509 8.318 0.233 10.902 
240922062111 0.882 23.772 38.611 7.508 8.316 0.137 10.918 
240922063611 0.873 23.787 38.612 7.507 8.315 0.126 10.923 
240922065111 0.848 23.758 38.610 7.525 8.311 0.189 10.884 
240922070611 0.849 23.763 38.610 7.531 8.318 0.242 10.907 
240922072111 0.879 23.761 38.610 7.541 8.312 0.202 10.920 
240922073611 0.863 23.750 38.601 7.564 8.314 0.181 10.923 
240922075111 0.861 23.732 38.605 7.571 8.312 0.125 10.884 
240922080611 0.891 23.728 38.602 7.571 8.314 0.111 10.908 
240922082111 0.882 23.739 38.606 7.572 8.318 0.164 10.919 
240922083611 0.856 23.729 38.603 7.580 8.308 0.121 10.923 
240922085111 0.881 23.729 38.598 7.585 8.314 0.176 10.884 
240922090611 0.872 23.714 38.597 7.589 8.310 0.096 10.901 
240922092111 0.869 23.708 38.607 7.580 8.310 0.165 10.917 
240922093611 0.869 23.707 38.601 7.564 8.305 0.128 10.923 
240922095111 0.859 23.732 38.598 7.544 8.314 0.155 10.884 
240922100611 0.870 23.736 38.604 7.526 8.308 0.112 10.907 
240922102111 0.875 23.735 38.603 7.521 8.306 0.125 10.919 
240922103611 0.876 23.736 38.601 7.508 8.313 0.128 10.923 
240922105111 0.871 23.730 38.601 7.493 8.314 0.120 10.884 
240922110611 0.867 23.717 38.593 7.483 8.315 0.141 10.907 
240922112111 0.857 23.713 38.597 7.482 8.318 0.161 10.919 
240922113611 0.877 23.714 38.597 7.485 8.316 0.143 10.923 
240922115111 0.852 23.708 38.590 7.488 8.319 0.195 10.885 
240922120611 0.865 23.702 38.611 7.505 8.319 0.110 10.907 
240922122111 0.853 23.700 38.599 7.522 8.318 0.121 10.919 
240922123611 0.863 23.689 38.599 7.534 8.318 0.103 10.923 
240922125111 0.865 23.673 38.600 7.548 8.319 0.182 10.884 
240922130611 0.839 23.675 38.599 7.557 8.318 0.153 10.901 
240922132111 0.877 23.670 38.598 7.566 8.313 0.152 10.917 
240922133611 0.860 23.663 38.594 7.575 8.317 0.129 10.922 
240922135111 0.852 23.663 38.593 7.573 8.312 0.180 10.884 
240922140611 0.858 23.655 38.586 7.566 8.317 0.180 10.907 
240922142111 0.854 23.649 38.588 7.586 8.319 0.155 10.919 
240922143611 0.855 23.647 38.592 7.600 8.320 0.195 10.923 
240922145111 0.820 23.633 38.586 7.625 8.320 0.151 10.883 
