SAMBAT Sea Ti  C/T/D/Odo/Fluo/pH GPS : 50195 
V:0,Pression (0/50),m
V:1,Température (-5/35),°C
V:2,Salinité (2/42),g/l
V:3,Oxygène (0/20),mgl
V:4,PH (0/14),pH
V:5,Fluorescence (0/50),µgl
V:6,Tension batterie,V
081022152631 0.888 22.223 38.428 8.161 8.317 0.105 10.773 
081022154130 0.925 22.225 38.430 8.154 8.317 0.165 10.871 
081022155630 0.902 22.184 38.431 8.159 8.317 0.179 10.858 
081022161130 0.900 22.202 38.429 8.158 8.318 0.138 10.892 
081022162630 0.932 22.188 38.421 8.162 8.318 0.140 10.903 
081022164130 0.923 22.196 38.421 8.160 8.318 0.150 10.907 
081022165630 0.910 22.201 38.424 8.154 8.317 0.190 10.863 
081022171130 0.933 22.186 38.420 8.153 8.318 0.161 10.896 
081022172630 0.905 22.174 38.419 8.149 8.318 0.221 10.905 
081022174130 0.929 22.173 38.419 8.143 8.318 0.255 10.909 
081022175630 0.926 22.167 38.419 8.146 8.318 0.519 10.862 
081022181130 0.885 22.168 38.426 8.140 8.319 0.439 10.896 
081022182630 0.899 22.172 38.426 8.132 8.319 0.255 10.905 
081022184130 0.899 22.156 38.421 8.125 8.320 1.438 10.909 
081022185630 0.930 22.142 38.422 8.117 8.321 0.619 10.864 
081022191130 0.905 22.125 38.419 8.106 8.322 0.243 10.896 
081022192630 0.928 22.106 38.422 8.099 8.321 0.281 10.906 
081022194130 0.924 22.098 38.418 8.097 8.322 0.256 10.909 
081022195630 0.920 22.084 38.414 8.083 8.321 0.243 10.844 
081022201130 0.921 22.084 38.417 8.068 8.321 0.318 10.890 
081022202630 0.926 22.074 38.417 8.053 8.321 0.267 10.903 
081022204130 0.929 22.074 38.419 8.038 8.322 0.256 10.908 
081022205630 0.922 22.075 38.417 8.022 8.320 0.271 10.865 
081022211130 0.920 22.064 38.419 8.004 8.320 0.239 10.896 
081022212630 0.920 22.062 38.421 7.982 8.320 0.425 10.905 
081022214130 0.926 22.060 38.420 7.961 8.319 0.266 10.909 
081022215630 0.916 22.062 38.422 7.949 8.315 0.448 10.865 
081022221130 0.920 22.060 38.424 7.931 8.321 0.258 10.896 
081022222630 0.921 22.056 38.420 7.918 8.322 0.236 10.905 
081022224130 0.927 22.049 38.422 7.899 8.319 0.618 10.909 
081022225630 0.915 22.038 38.423 7.882 8.313 0.245 10.844 
081022231130 0.917 22.033 38.425 7.859 8.320 0.311 10.890 
081022232630 0.929 22.038 38.419 7.838 8.318 0.285 10.903 
081022234130 0.912 22.037 38.421 7.818 8.319 0.261 10.907 
081022235630 0.915 22.025 38.408 7.817 8.319 0.307 10.865 
091022001130 0.920 22.001 38.407 7.819 8.322 0.348 10.896 
091022002630 0.921 21.992 38.408 7.810 8.321 0.394 10.905 
091022004130 0.912 21.995 38.413 7.795 8.325 0.334 10.909 
091022005630 0.928 21.994 38.410 7.792 8.321 0.276 10.864 
091022011130 0.907 21.988 38.406 7.805 8.327 0.489 10.895 
091022012630 0.924 21.990 38.404 7.800 8.325 0.311 10.905 
091022014130 0.922 21.985 38.413 7.804 8.324 0.351 10.908 
091022015630 0.928 21.990 38.412 7.803 8.325 0.648 10.862 
091022021130 0.913 21.977 38.404 7.808 8.325 0.332 10.895 
091022022630 0.930 21.960 38.402 7.800 8.327 0.329 10.904 
091022024130 0.915 21.968 38.410 7.786 8.322 0.322 10.908 
091022025630 0.921 21.964 38.405 7.803 8.327 0.303 10.842 
091022031130 0.898 21.948 38.401 7.818 8.332 0.659 10.889 
091022032630 0.908 21.936 38.404 7.820 8.327 0.499 10.902 
091022034130 0.920 21.939 38.403 7.814 8.327 0.539 10.907 
091022035630 0.915 21.950 38.408 7.824 8.328 15.554 10.863 
091022041130 0.909 21.940 38.408 7.823 8.327 0.512 10.895 
091022042630 0.914 21.920 38.403 7.841 8.326 0.380 10.904 
091022044130 0.908 21.915 38.406 7.833 8.325 0.351 10.908 
091022045630 0.905 21.921 38.409 7.835 8.324 0.341 10.863 
091022051130 0.917 21.922 38.411 7.834 8.328 0.345 10.895 
091022052630 0.903 21.920 38.409 7.810 8.327 0.366 10.904 
091022054130 0.918 21.915 38.406 7.785 8.326 0.524 10.907 
091022055630 0.913 21.905 38.405 7.765 8.326 0.468 10.863 
091022061130 0.907 21.901 38.406 7.758 8.329 0.622 10.894 
091022062630 0.914 21.937 38.420 7.752 8.330 0.304 10.904 
091022064130 0.914 21.931 38.414 7.761 8.327 0.307 10.907 
091022065630 0.915 21.924 38.415 7.748 8.327 1.218 10.841 
091022071130 0.903 21.915 38.410 7.763 8.329 1.216 10.888 
091022072630 0.908 21.914 38.412 7.772 8.327 0.905 10.901 
091022074130 0.908 21.904 38.411 7.774 8.320 0.776 10.906 
091022075630 0.919 21.896 38.402 7.769 8.329 0.755 10.863 
091022081130 0.908 21.897 38.405 7.766 8.327 0.308 10.894 
091022082630 0.906 21.893 38.403 7.778 8.328 0.331 10.904 
091022084130 0.917 21.900 38.410 7.774 8.327 0.273 10.907 
091022085630 0.917 21.888 38.398 7.772 8.330 0.307 10.861 
091022091130 0.923 21.910 38.408 7.781 8.329 0.181 10.894 
091022092630 0.913 21.931 38.413 7.800 8.327 0.191 10.904 
091022094130 0.920 21.937 38.417 7.818 8.324 0.189 10.907 
091022095630 0.913 21.942 38.421 7.836 8.323 0.150 10.855 
091022101130 0.912 21.922 38.415 7.871 8.330 0.158 10.892 
091022102630 0.919 21.927 38.418 7.901 8.329 0.173 10.903 
091022104130 0.904 21.932 38.419 7.948 8.328 0.177 10.907 
091022105630 0.928 21.931 38.420 7.983 8.329 0.130 10.842 
091022111130 0.924 21.931 38.424 8.014 8.326 0.177 10.888 
091022112630 0.932 21.941 38.424 8.037 8.326 0.708 10.901 
091022114130 0.922 21.950 38.383 8.052 8.328 0.187 10.906 
091022115630 0.905 21.961 38.423 8.064 8.327 0.128 10.864 
091022121130 0.922 21.980 38.424 8.069 8.325 0.746 10.895 
091022122630 0.900 22.007 38.427 8.084 8.327 0.207 10.904 
091022124130 0.933 22.011 38.425 8.097 8.326 0.833 10.908 
091022125630 0.899 22.049 38.433 8.108 8.325 1.245 10.861 
091022131130 0.920 22.054 38.429 8.114 8.323 1.759 10.894 
091022132630 0.919 22.068 38.434 8.115 8.322 1.091 10.904 
091022134130 0.914 22.019 38.423 8.130 8.321 0.204 10.908 
091022135630 0.906 21.994 38.425 8.133 8.326 0.179 10.842 
091022141130 0.902 21.973 38.428 8.129 8.326 0.194 10.889 
091022142630 0.910 21.963 38.425 8.138 8.326 0.248 10.902 
091022144130 0.919 21.969 38.431 8.137 8.327 0.215 10.907 
091022145630 0.878 21.965 38.432 8.134 8.329 0.228 10.862 
091022151130 0.904 21.963 38.424 8.136 8.328 0.210 10.894 
091022152630 0.912 21.964 38.424 8.124 8.324 0.212 10.903 
