SAMBAT Sea Ti  C/T/D/Odo/Fluo/pH GPS : 50195 
V:0,Pression (0/50),m
V:1,Température (-5/35),°C
V:2,Salinité (2/42),g/l
V:3,Oxygène (0/20),mgl
V:4,PH (0/14),pH
V:5,Fluorescence (0/50),µgl
V:6,Tension batterie,V
111022153343 0.904 22.238 38.423 8.162 8.318 0.768 10.774 
111022154842 0.935 22.227 38.422 8.160 8.318 1.546 10.871 
111022160342 0.900 22.300 38.425 8.142 8.317 0.188 10.868 
111022161842 0.880 22.346 38.436 8.133 8.317 1.664 10.892 
111022163342 0.903 22.285 38.422 8.137 8.317 0.301 10.904 
111022164842 0.920 22.398 38.437 8.120 8.317 1.305 10.904 
111022170342 0.885 22.383 38.421 8.124 8.316 0.366 10.884 
111022171842 0.923 22.285 38.412 8.132 8.318 0.179 10.900 
111022173342 0.909 22.332 38.375 8.119 8.317 0.279 10.907 
111022174842 0.900 22.216 38.408 8.130 8.319 0.395 10.906 
111022180342 0.952 22.266 38.436 8.120 8.319 1.181 10.884 
111022181842 0.909 22.273 38.426 8.089 8.318 1.097 10.898 
111022183342 0.891 22.303 38.422 8.092 8.319 1.409 10.905 
111022184842 0.880 22.359 38.432 8.087 8.319 1.449 10.910 
111022190342 0.906 22.315 38.429 8.105 8.320 0.512 10.870 
111022191842 0.875 22.253 38.419 8.108 8.320 0.947 10.898 
111022193342 0.879 22.202 38.423 8.123 8.320 0.321 10.907 
111022194842 0.908 22.116 38.419 8.138 8.322 0.267 10.905 
111022200342 0.904 22.097 38.422 8.130 8.319 0.224 10.885 
111022201842 0.929 22.082 38.423 8.121 8.323 0.328 10.902 
111022203342 0.916 22.103 38.423 8.110 8.322 0.281 10.908 
111022204842 0.929 22.079 38.426 8.098 8.322 0.471 10.906 
111022210342 0.958 22.041 38.422 8.100 8.323 0.331 10.880 
111022211842 0.922 22.007 38.427 8.096 8.324 0.273 10.901 
111022213342 0.942 21.951 38.436 8.101 8.324 0.298 10.907 
111022214842 0.869 21.930 38.427 8.106 8.324 0.263 10.909 
111022220342 0.910 21.911 38.423 8.108 8.326 0.301 10.872 
111022221842 0.922 21.882 38.424 8.107 8.327 0.280 10.897 
111022223342 0.907 21.863 38.421 8.102 8.327 0.274 10.905 
111022224842 0.926 21.862 38.418 8.094 8.325 0.264 10.908 
111022230342 0.901 21.832 38.423 8.091 8.327 0.330 10.883 
111022231842 0.942 21.827 38.426 8.077 8.327 0.234 10.900 
111022233342 0.918 21.823 38.426 8.065 8.328 0.301 10.906 
111022234842 0.881 21.813 38.423 8.064 8.328 0.265 10.908 
121022000342 0.956 21.801 38.420 8.060 8.328 0.427 10.882 
121022001842 0.930 21.802 38.426 8.052 8.328 0.213 10.899 
121022003342 0.906 21.797 38.429 8.051 8.328 0.222 10.906 
121022004842 0.937 21.794 38.423 8.043 8.328 0.215 10.908 
121022010342 0.948 21.804 38.426 8.049 8.328 0.274 10.868 
121022011842 0.915 21.797 38.423 8.056 8.328 0.221 10.895 
121022013342 0.922 21.794 38.426 8.062 8.328 0.202 10.904 
121022014842 0.929 21.782 38.424 8.066 8.329 0.211 10.907 
121022020342 0.927 21.771 38.427 8.073 8.331 0.211 10.883 
121022021842 0.928 21.771 38.430 8.076 8.320 0.243 10.900 
121022023342 0.942 21.774 38.425 8.076 8.329 0.222 10.905 
121022024842 0.926 21.779 38.430 8.063 8.329 0.256 10.908 
121022030342 0.930 21.773 38.422 8.066 8.329 0.265 10.882 
121022031842 0.931 21.774 38.426 8.063 8.330 0.197 10.899 
121022033342 0.929 21.768 38.424 8.049 8.329 0.286 10.901 
121022034842 0.918 21.761 38.421 8.050 8.329 0.225 10.907 
121022040342 0.921 21.762 38.415 8.037 8.329 0.214 10.879 
121022041842 0.919 21.749 38.414 8.029 8.329 0.759 10.898 
121022043342 0.922 21.731 38.417 8.030 8.330 0.222 10.905 
121022044842 0.918 21.726 38.416 8.026 8.329 0.265 10.907 
121022050342 0.908 21.713 38.416 8.032 8.330 0.231 10.870 
121022051842 0.931 21.696 38.412 8.024 8.330 0.296 10.895 
121022053342 0.922 21.692 38.416 8.021 8.331 1.231 10.903 
121022054842 0.926 21.687 38.418 8.014 8.330 0.255 10.907 
121022060342 0.911 21.676 38.424 8.007 8.329 0.606 10.881 
121022061842 0.927 21.664 38.413 7.999 8.329 0.266 10.899 
121022063342 0.922 21.676 38.411 7.982 8.330 0.215 10.905 
121022064842 0.911 21.672 38.417 7.983 8.332 0.230 10.907 
121022070342 0.928 21.670 38.417 7.984 8.331 1.791 10.869 
121022071842 0.943 21.666 38.410 7.988 8.331 0.645 10.894 
121022073342 0.902 21.665 38.413 7.977 8.332 0.247 10.899 
121022074842 0.929 21.664 38.413 7.972 8.332 1.372 10.905 
121022080342 0.929 21.661 38.411 7.967 8.330 0.861 10.881 
121022081842 0.917 21.664 38.409 7.970 8.331 3.767 10.898 
121022083342 0.922 21.666 38.410 7.975 8.330 1.320 10.904 
121022084842 0.934 21.664 38.416 7.968 8.330 1.240 10.907 
121022090342 0.923 21.674 38.414 7.949 8.329 1.023 10.881 
121022091842 0.942 21.675 38.410 7.943 8.324 0.584 10.898 
121022093342 0.942 21.672 38.416 7.951 8.330 0.638 10.904 
121022094842 0.937 21.680 38.410 7.990 8.330 0.465 10.903 
121022100342 0.922 21.692 38.412 8.005 8.331 0.324 10.869 
121022101842 0.945 21.701 38.411 8.068 8.325 0.666 10.890 
121022103342 0.930 21.731 38.413 8.087 8.330 0.583 10.902 
121022104842 0.934 21.723 38.412 8.110 8.329 0.263 10.906 
121022110342 0.915 21.730 38.410 8.118 8.330 0.106 10.880 
121022111842 0.881 21.726 38.409 8.119 8.329 0.151 10.898 
121022113342 0.962 21.725 38.407 8.117 8.327 0.204 10.904 
121022114842 0.899 21.728 38.412 8.114 8.327 0.170 10.907 
121022120342 0.931 21.732 38.414 8.112 8.326 0.187 10.882 
121022121842 0.941 21.753 38.416 8.108 8.327 0.327 10.899 
121022123342 0.916 21.758 38.420 8.104 8.326 0.179 10.905 
121022124842 0.860 21.767 38.417 8.096 8.325 0.211 10.907 
121022130342 0.920 21.776 38.420 8.104 8.326 0.498 10.866 
121022131842 0.928 21.772 38.410 8.113 8.327 0.128 10.894 
121022133342 0.912 21.781 38.407 8.119 8.324 0.140 10.903 
121022134842 0.930 21.787 38.418 8.116 8.325 1.529 10.906 
121022140342 0.909 21.787 38.413 8.134 8.326 0.392 10.878 
121022141842 0.902 21.781 38.418 8.144 8.327 0.906 10.898 
121022143342 0.896 21.787 38.413 8.143 8.318 0.180 10.905 
121022144842 0.921 21.784 38.417 8.141 8.322 0.166 10.907 
121022150342 0.906 21.772 38.417 8.145 8.324 0.181 10.882 
121022151842 0.934 21.774 38.416 8.129 8.325 0.233 10.899 
121022153342 0.921 21.762 38.416 8.121 8.323 0.225 10.903 
