SAMBAT Sea Ti  C/T/D/Odo/Fluo/pH GPS : 50195 
V:0,Pression (0/50),m
V:1,Température (-5/35),°C
V:2,Salinité (2/42),g/l
V:3,Oxygène (0/20),mgl
V:4,PH (0/14),pH
V:5,Fluorescence (0/50),µgl
V:6,Tension batterie,V
161222181415 0.859 16.706 35.500 8.874 8.340 0.569 10.729 
161222182914 0.800 16.616 35.419 8.881 8.342 0.532 10.819 
161222184414 0.777 16.654 35.480 8.874 8.341 0.595 10.844 
161222185914 0.862 16.581 35.446 8.887 8.342 0.611 10.812 
161222191414 0.855 16.668 35.482 8.864 8.340 0.426 10.844 
161222192914 0.802 16.564 35.462 8.883 8.341 0.618 10.855 
161222194414 0.813 16.598 35.498 8.868 8.341 0.462 10.860 
161222195914 0.860 16.626 35.500 8.860 8.341 0.519 10.816 
161222201414 0.856 16.721 35.538 8.842 8.340 0.416 10.846 
161222202914 0.847 16.719 35.536 8.838 8.341 0.467 10.857 
161222204414 0.804 16.724 35.536 8.840 8.341 0.442 10.862 
161222205914 0.849 16.726 35.519 8.849 8.341 0.474 10.801 
161222211414 0.795 16.740 35.532 8.851 8.341 0.442 10.842 
161222212914 0.867 16.721 35.521 8.863 8.341 0.414 10.855 
161222214414 0.795 16.726 35.523 8.866 8.341 0.474 10.861 
161222215914 0.848 16.697 35.528 8.881 8.341 0.561 10.816 
161222221414 0.851 16.717 35.526 8.876 8.341 0.547 10.847 
161222222914 0.829 16.711 35.512 8.886 8.341 0.379 10.858 
161222224414 0.840 16.707 35.523 8.886 8.341 0.490 10.863 
161222225914 0.822 16.717 35.519 8.880 8.340 0.491 10.816 
161222231414 0.834 16.717 35.528 8.880 8.340 0.486 10.847 
161222232914 0.790 16.707 35.520 8.876 8.339 0.415 10.858 
161222234414 0.792 16.716 35.578 8.873 8.340 0.465 10.863 
161222235914 0.866 16.687 35.542 8.879 8.340 0.449 10.801 
171222001414 0.895 16.681 35.506 8.878 8.339 0.434 10.842 
171222002914 0.932 16.685 35.475 8.873 8.339 0.428 10.856 
171222004414 0.795 16.711 35.474 8.864 8.339 0.396 10.862 
171222005914 0.901 16.677 35.454 8.873 8.340 0.421 10.816 
171222011414 0.886 16.672 35.459 8.870 8.339 0.370 10.847 
171222012914 0.799 16.699 35.464 8.867 8.339 0.577 10.858 
171222014414 0.898 16.654 35.824 8.876 8.340 0.472 10.862 
171222015914 0.728 16.642 35.966 8.872 8.339 0.452 10.816 
171222021414 0.923 16.640 35.528 8.866 8.339 0.459 10.847 
171222022914 0.761 16.637 35.508 8.864 8.338 0.430 10.857 
171222024414 0.899 16.656 35.516 8.856 8.338 0.404 10.863 
171222025914 0.754 16.665 35.905 8.855 8.338 0.383 10.802 
171222031414 0.892 16.684 36.011 8.848 8.337 0.451 10.841 
171222032914 0.921 16.678 35.493 8.845 8.337 0.500 10.855 
171222034414 0.894 16.684 35.492 8.846 8.337 0.458 10.861 
171222035914 0.847 16.682 35.499 8.845 8.337 0.369 10.816 
171222041414 0.873 16.673 35.476 8.847 8.338 0.471 10.847 
171222042914 0.857 16.665 35.481 8.856 8.337 0.429 10.858 
171222044414 0.903 16.656 35.475 8.860 8.337 0.483 10.862 
171222045914 0.814 16.664 35.480 8.860 8.337 0.486 10.812 
171222051414 0.814 16.667 35.486 8.864 8.337 0.465 10.845 
171222052914 0.895 16.644 35.491 8.869 8.337 0.482 10.857 
171222054414 0.750 16.637 35.473 8.872 8.337 0.510 10.862 
171222055914 0.845 16.629 35.973 8.873 8.338 0.411 10.802 
171222061414 0.862 16.636 35.477 8.874 8.338 0.385 10.842 
171222062914 0.816 16.638 35.484 8.872 8.338 0.520 10.855 
171222064414 0.905 16.648 35.471 8.867 8.338 0.333 10.861 
171222065914 0.875 16.644 35.476 8.868 8.338 0.438 10.817 
171222071414 0.799 16.628 35.473 8.875 8.338 0.351 10.847 
171222072914 0.963 16.645 35.466 8.869 8.338 0.451 10.857 
171222074414 0.865 16.637 35.819 8.872 8.339 0.465 10.862 
171222075914 0.904 16.620 36.006 8.875 8.337 0.438 10.815 
171222081414 0.885 16.630 35.971 8.868 8.338 0.450 10.846 
171222082914 0.855 16.595 35.752 8.881 8.339 0.613 10.857 
171222084414 0.865 16.595 35.540 8.874 8.339 0.481 10.862 
171222085914 0.958 16.571 35.531 8.875 8.338 0.434 10.801 
171222091414 0.977 16.447 35.470 8.896 8.337 0.446 10.841 
171222092914 0.912 16.419 35.457 8.887 8.337 0.386 10.854 
171222094414 0.838 16.453 35.496 8.866 8.337 0.341 10.860 
171222095914 1.028 16.552 35.538 8.830 8.338 0.270 10.814 
171222101414 0.911 16.533 35.499 8.824 8.338 0.231 10.845 
171222102914 0.976 16.558 35.542 8.815 8.338 0.183 10.856 
171222104414 0.927 16.572 35.546 8.810 8.337 0.178 10.861 
171222105914 0.941 16.566 35.559 8.802 8.337 0.167 10.800 
171222111414 0.936 16.546 35.521 8.802 8.335 0.195 10.840 
171222112914 0.962 16.598 35.543 8.786 8.335 0.137 10.854 
171222114414 0.870 16.683 35.553 8.781 8.334 0.103 10.861 
171222115914 0.885 16.694 35.544 8.791 8.334 0.147 10.815 
171222121414 0.947 16.699 35.555 8.803 8.334 0.162 10.846 
171222122914 0.919 16.707 35.555 8.808 8.334 0.152 10.857 
171222124414 0.927 16.709 35.542 8.816 8.333 0.178 10.862 
171222125914 0.866 16.717 35.531 8.812 8.334 0.160 10.813 
171222131414 0.902 16.723 35.571 8.821 8.334 0.122 10.846 
171222132914 0.858 16.720 36.043 8.827 8.333 0.167 10.857 
171222134414 0.899 16.730 35.568 8.838 8.332 0.119 10.862 
171222135914 0.985 16.728 35.548 8.844 8.333 0.158 10.801 
171222141414 0.936 16.730 35.568 8.847 8.333 0.145 10.842 
171222142914 0.924 16.722 35.520 8.853 8.332 0.137 10.855 
171222144414 0.952 16.729 35.533 8.853 8.332 0.194 10.862 
171222145914 0.985 16.736 35.539 8.854 8.332 0.132 10.816 
171222151414 0.920 16.732 35.937 8.858 8.332 0.173 10.847 
171222152914 0.873 16.733 35.533 8.862 8.330 0.173 10.857 
171222154414 0.933 16.734 35.524 8.861 8.330 0.224 10.863 
171222155914 0.965 16.726 35.524 8.870 8.331 0.328 10.801 
171222161414 0.922 16.720 35.677 8.869 8.331 0.304 10.842 
171222162914 0.874 16.726 35.450 8.870 8.330 0.364 10.855 
171222164414 0.979 16.722 35.549 8.871 8.330 0.479 10.861 
171222165914 0.929 16.722 35.561 8.870 8.330 0.351 10.816 
171222171414 0.938 16.721 35.531 8.873 8.330 0.414 10.847 
171222172914 0.966 16.724 35.938 8.877 8.331 0.417 10.858 
171222174414 0.940 16.719 35.531 8.878 8.330 0.534 10.862 
171222175914 1.007 16.712 35.515 8.883 8.331 0.420 10.802 
171222181414 0.969 16.691 35.507 8.894 8.330 0.417 10.842 
