SAMBAT Sea Ti  C/T/D/Odo/Fluo/pH GPS : 50195 
V:0,Pression (0/50),m
V:1,Température (-5/35),°C
V:2,Salinité (2/42),g/l
V:3,Oxygène (0/20),mgl
V:4,PH (0/14),pH
V:5,Fluorescence (0/50),µgl
V:6,Tension batterie,V
091122164254 0.911 21.271 37.686 8.294 8.325 0.159 10.772 
091122165753 0.891 21.270 37.683 8.297 8.326 0.187 10.839 
091122171253 0.902 21.260 37.647 8.303 8.328 0.210 10.882 
091122172753 0.890 21.253 37.677 8.302 8.328 0.210 10.896 
091122174253 0.856 21.258 37.674 8.310 8.329 0.166 10.902 
091122175753 0.876 21.241 37.641 8.323 8.327 0.209 10.836 
091122181253 0.918 21.237 37.680 8.332 8.328 0.262 10.884 
091122182753 0.902 21.222 37.668 8.337 8.328 0.218 10.898 
091122184253 0.895 21.222 37.675 8.338 8.327 0.189 10.903 
091122185753 0.878 21.218 37.669 8.339 8.327 0.185 10.857 
091122191253 0.930 21.201 37.677 8.339 8.327 0.271 10.890 
091122192753 0.913 21.210 37.674 8.335 8.327 0.285 10.901 
091122194253 0.914 21.201 37.636 8.336 8.330 0.233 10.905 
091122195753 0.872 21.201 37.635 8.337 8.330 0.225 10.856 
091122201253 0.898 21.191 37.658 8.334 8.331 0.232 10.890 
091122202753 0.878 21.193 37.631 8.327 8.330 0.289 10.901 
091122204253 0.871 21.193 37.642 8.326 8.330 0.243 10.905 
091122205753 0.836 21.182 37.627 8.327 8.330 0.231 10.836 
091122211253 0.903 21.182 37.656 8.332 8.331 0.277 10.884 
091122212753 0.940 21.179 37.652 8.326 8.330 0.235 10.898 
091122214253 0.871 21.190 37.638 8.328 8.331 0.228 10.903 
091122215753 0.896 21.185 37.657 8.326 8.327 0.229 10.859 
091122221253 0.908 21.191 37.663 8.314 8.327 0.230 10.891 
091122222753 0.871 21.174 37.656 8.301 8.331 0.221 10.901 
091122224253 0.943 21.165 37.654 8.295 8.330 0.232 10.905 
091122225753 0.927 21.162 37.661 8.287 8.330 0.261 10.859 
091122231253 0.926 21.184 37.652 8.282 8.331 0.227 10.891 
091122232753 0.956 21.175 37.662 8.281 8.332 0.209 10.901 
091122234253 0.933 21.167 37.645 8.275 8.333 0.225 10.905 
091122235753 0.926 21.157 37.657 8.278 8.332 0.244 10.836 
101122001253 0.880 21.174 37.653 8.264 8.331 0.218 10.884 
101122002753 0.880 21.175 37.660 8.263 8.332 0.223 10.898 
101122004253 0.906 21.182 37.664 8.268 8.330 0.224 10.903 
101122005753 0.893 21.142 37.649 8.284 8.333 0.210 10.857 
101122011253 0.891 21.156 37.660 8.279 8.333 0.244 10.890 
101122012753 0.892 21.174 37.646 8.275 8.332 0.309 10.900 
101122014253 0.898 21.173 37.655 8.270 8.333 0.282 10.905 
101122015753 0.930 21.176 37.652 8.268 8.333 0.279 10.855 
101122021253 0.914 21.173 37.661 8.268 8.332 0.320 10.890 
101122022753 0.910 21.168 37.656 8.262 8.333 0.219 10.900 
101122024253 0.901 21.161 37.668 8.259 8.332 0.287 10.904 
101122025753 0.926 21.159 37.667 8.256 8.333 0.275 10.836 
101122031253 0.907 21.145 37.654 8.252 8.334 0.204 10.883 
101122032753 0.942 21.169 37.638 8.247 8.335 0.249 10.898 
101122034253 0.909 21.164 37.651 8.247 8.334 0.208 10.903 
101122035753 0.905 21.151 37.631 8.254 8.336 0.266 10.857 
101122041253 0.930 21.146 37.642 8.262 8.337 0.217 10.890 
101122042753 0.929 21.162 37.630 8.264 8.337 0.226 10.900 
101122044253 0.965 21.150 37.647 8.271 8.335 0.274 10.904 
101122045753 0.941 21.151 37.645 8.272 8.336 0.201 10.858 
101122051253 0.895 21.161 37.652 8.272 8.334 0.283 10.890 
101122052753 0.929 21.157 37.643 8.272 8.334 0.207 10.901 
101122054253 0.915 21.140 37.654 8.270 8.332 0.246 10.904 
101122055753 0.930 21.140 37.655 8.260 8.335 0.232 10.855 
101122061253 0.920 21.136 37.663 8.256 8.337 0.250 10.890 
101122062753 0.903 21.138 37.655 8.252 8.335 0.232 10.900 
101122064253 0.915 21.145 37.653 8.243 8.334 0.313 10.904 
101122065753 0.913 21.130 37.652 8.233 8.335 0.581 10.836 
101122071253 0.955 21.130 37.651 8.224 8.335 0.262 10.883 
101122072753 0.924 21.136 37.648 8.220 8.336 0.245 10.898 
101122074253 0.926 21.134 37.646 8.224 8.335 0.232 10.903 
101122075753 0.900 21.123 37.654 8.223 8.334 0.263 10.858 
101122081253 0.923 21.127 37.663 8.229 8.334 0.275 10.890 
101122082753 0.942 21.117 37.660 8.229 8.336 0.243 10.900 
101122084253 0.938 21.124 37.657 8.227 8.334 0.306 10.904 
101122085753 0.955 21.111 37.657 8.225 8.336 0.236 10.857 
101122091253 0.948 21.122 37.657 8.216 8.334 0.208 10.890 
101122092753 0.929 21.117 37.654 8.220 8.333 0.228 10.900 
101122094253 0.924 21.125 37.654 8.219 8.334 0.226 10.904 
101122095753 0.927 21.125 37.650 8.220 8.334 0.103 10.857 
101122101253 0.935 21.132 37.576 8.190 8.330 0.136 10.890 
101122102753 0.922 21.133 37.589 8.193 8.333 0.107 10.900 
101122104253 0.925 21.145 37.593 8.193 8.330 0.171 10.904 
101122105753 0.949 21.140 37.616 8.195 8.332 0.219 10.836 
101122111253 0.958 21.142 37.634 8.201 8.332 0.183 10.884 
101122112753 0.982 21.152 37.629 8.194 8.331 0.119 10.898 
101122114253 0.945 21.159 37.630 8.193 8.331 0.180 10.903 
101122115753 0.980 21.175 37.641 8.191 8.330 0.161 10.857 
101122121253 0.991 21.181 37.628 8.192 8.328 0.135 10.890 
101122122753 0.968 21.196 37.633 8.196 8.328 0.096 10.900 
101122124253 0.880 21.186 37.634 8.226 8.329 0.068 10.904 
101122125753 0.966 21.192 37.632 8.231 8.328 0.089 10.857 
101122131253 0.965 21.201 37.642 8.236 8.327 0.085 10.890 
101122132753 0.936 21.219 37.627 8.239 8.327 0.066 10.901 
101122134253 0.976 21.210 37.643 8.244 8.326 0.045 10.904 
101122135753 0.993 21.222 37.632 8.254 8.326 0.085 10.853 
101122141253 0.949 21.226 37.619 8.267 8.324 0.063 10.889 
101122142753 0.949 21.250 37.622 8.266 8.325 0.108 10.900 
101122144253 0.968 21.260 37.616 8.274 8.325 0.092 10.905 
101122145753 0.952 21.278 37.625 8.277 8.324 0.064 10.837 
101122151253 0.941 21.314 37.604 8.283 8.323 0.081 10.884 
101122152753 0.980 21.308 37.606 8.289 8.323 0.111 10.898 
101122154253 0.929 21.364 37.583 8.280 8.323 0.131 10.904 
101122155753 0.895 21.433 37.613 8.275 8.320 0.111 10.857 
101122161253 0.918 21.458 37.601 8.275 8.320 0.161 10.891 
101122162753 0.990 21.438 37.599 8.287 8.321 0.140 10.902 
101122164253 0.992 21.423 37.586 8.297 8.321 0.194 10.906 
