SAMBAT Sea Ti  C/T/D/Odo/Fluo/pH GPS : 50195 
V:0,Pression (0/50),m
V:1,Température (-5/35),°C
V:2,Salinité (2/42),g/l
V:3,Oxygène (0/20),mgl
V:4,PH (0/14),pH
V:5,Fluorescence (0/50),µgl
V:6,Tension batterie,V
211122171310 0.886 20.244 36.629 8.226 8.318 0.380 10.761 
211122172809 0.821 20.216 36.627 8.230 8.318 0.472 10.855 
211122174309 0.850 20.238 36.623 8.219 8.318 0.391 10.880 
211122175809 0.816 20.218 36.627 8.217 8.318 0.394 10.845 
211122181309 0.721 20.214 36.623 8.214 8.318 0.307 10.879 
211122182809 0.787 20.202 36.625 8.215 8.318 0.332 10.890 
211122184309 0.767 20.199 36.637 8.206 8.317 0.304 10.894 
211122185809 0.834 20.209 36.646 8.198 8.318 0.404 10.835 
211122191309 0.797 20.225 36.637 8.192 8.318 0.296 10.877 
211122192809 0.877 20.201 36.629 8.196 8.319 0.314 10.889 
211122194309 0.743 20.232 36.648 8.183 8.319 0.334 10.894 
211122195809 0.770 20.206 36.630 8.191 8.320 0.324 10.848 
211122201309 0.730 20.197 36.624 8.197 8.320 0.322 10.880 
211122202809 0.721 20.198 36.617 8.193 8.319 0.296 10.891 
211122204309 0.737 20.201 36.625 8.186 8.321 0.361 10.895 
211122205809 0.840 20.214 36.651 8.184 8.322 0.281 10.848 
211122211309 0.734 20.218 36.617 8.189 8.322 0.269 10.881 
211122212809 0.812 20.235 36.619 8.186 8.322 0.277 10.891 
211122214309 0.769 20.182 36.616 8.200 8.322 0.365 10.896 
211122215809 0.699 20.203 36.615 8.197 8.322 0.284 10.849 
211122221309 0.792 20.194 36.615 8.194 8.323 0.337 10.881 
211122222809 0.636 20.185 36.604 8.198 8.324 0.328 10.892 
211122224309 0.741 20.191 36.622 8.191 8.323 0.397 10.896 
211122225809 0.746 20.209 36.620 8.187 8.325 0.297 10.843 
211122231309 0.740 20.154 36.583 8.198 8.325 0.280 10.879 
211122232809 0.816 20.135 36.593 8.198 8.325 0.272 10.891 
211122234309 0.751 20.148 36.579 8.188 8.325 0.327 10.895 
211122235809 0.659 20.117 36.531 8.186 8.325 0.304 10.836 
221122001309 0.653 20.114 36.550 8.180 8.326 0.276 10.877 
221122002809 0.706 20.096 36.552 8.177 8.325 0.302 10.889 
221122004309 0.661 20.111 36.574 8.164 8.325 0.336 10.894 
221122005809 0.762 20.145 36.568 8.153 8.325 0.355 10.837 
221122011309 0.709 20.148 36.563 8.146 8.327 0.302 10.877 
221122012809 0.671 20.120 36.551 8.147 8.327 0.255 10.890 
221122014309 0.631 20.146 36.555 8.133 8.327 0.289 10.894 
221122015809 0.662 20.157 36.568 8.117 8.326 0.289 10.848 
221122021309 0.668 20.153 36.560 8.111 8.326 0.290 10.880 
221122022809 0.641 20.165 36.567 8.104 8.327 0.326 10.891 
221122024309 0.652 20.135 36.571 8.104 8.325 0.348 10.895 
221122025809 0.640 20.152 36.604 8.096 8.326 0.329 10.847 
221122031309 0.690 20.167 36.610 8.085 8.327 0.262 10.880 
221122032809 0.714 20.158 36.576 8.083 8.327 0.294 10.891 
221122034309 0.624 20.178 36.544 8.073 8.327 0.374 10.895 
221122035809 0.672 20.176 36.554 8.076 8.327 0.333 10.849 
221122041309 0.663 20.186 36.551 8.080 8.327 0.264 10.881 
221122042809 0.669 20.172 36.556 8.093 8.329 0.239 10.891 
221122044309 0.603 20.142 36.520 8.111 8.331 0.315 10.896 
221122045809 0.642 20.125 36.442 8.122 8.332 0.264 10.846 
221122051309 0.642 20.100 36.484 8.140 8.331 0.244 10.880 
221122052809 0.686 20.131 36.503 8.151 8.332 0.281 10.890 
221122054309 0.639 20.058 36.466 8.181 8.333 0.326 10.895 
221122055809 0.664 20.081 36.509 8.193 8.332 0.339 10.848 
221122061309 0.690 20.097 36.515 8.207 8.332 0.249 10.880 
221122062809 0.726 20.092 36.514 8.220 8.333 0.244 10.890 
221122064309 0.659 20.083 36.516 8.233 8.334 0.318 10.895 
221122065809 0.650 20.116 36.517 8.235 8.333 0.351 10.849 
221122071309 0.644 20.100 36.470 8.245 8.333 0.268 10.881 
221122072809 0.647 20.118 36.486 8.248 8.332 0.253 10.891 
221122074309 0.596 20.095 36.538 8.258 8.333 0.308 10.895 
221122075809 0.594 20.104 36.503 8.255 8.334 0.252 10.837 
221122081309 0.652 20.122 36.500 8.252 8.332 0.271 10.877 
221122082809 0.675 20.112 36.546 8.246 8.332 0.332 10.889 
221122084309 0.433 20.103 36.542 8.246 8.333 0.297 10.894 
221122085809 0.610 20.107 36.514 8.244 8.333 0.322 10.845 
221122091309 0.705 20.096 36.506 8.240 8.334 0.285 10.879 
221122092809 0.655 20.102 36.517 8.235 8.333 0.270 10.890 
221122094309 0.674 20.089 36.524 8.234 8.334 0.296 10.895 
221122095809 0.754 20.094 36.415 8.235 8.334 0.239 10.848 
221122101309 0.563 20.096 36.508 8.233 8.334 0.322 10.880 
221122102809 0.612 20.094 36.526 8.235 8.334 0.249 10.891 
221122104309 0.671 20.088 36.521 8.235 8.334 0.349 10.895 
221122105809 0.546 20.060 36.500 8.242 8.334 0.263 10.848 
221122111309 0.689 20.068 36.494 8.238 8.334 0.302 10.880 
221122112809 0.609 20.070 36.510 8.236 8.334 0.285 10.891 
221122114309 0.488 20.053 36.516 8.239 8.334 0.306 10.895 
221122115809 0.697 20.070 36.522 8.233 8.334 0.297 10.837 
221122121309 0.747 20.054 36.506 8.235 8.334 0.346 10.877 
221122122809 0.661 20.056 36.480 8.228 8.334 0.271 10.889 
221122124309 0.782 20.043 36.514 8.228 8.335 0.346 10.894 
221122125809 0.771 20.042 36.498 8.225 8.334 0.291 10.845 
221122131309 0.689 20.029 36.519 8.226 8.335 0.297 10.879 
221122132809 0.702 20.043 36.515 8.226 8.335 0.320 10.890 
221122134309 0.748 20.032 36.510 8.228 8.335 0.261 10.894 
221122135809 0.642 20.045 36.505 8.225 8.334 0.238 10.848 
221122141309 0.648 20.034 36.520 8.226 8.334 0.200 10.880 
221122142809 0.661 20.047 36.511 8.224 8.333 0.296 10.890 
221122144309 0.678 20.034 36.487 8.227 8.334 0.328 10.895 
221122145809 0.631 20.037 36.481 8.232 8.333 0.383 10.846 
221122151309 0.664 20.039 36.503 8.231 8.333 0.276 10.879 
221122152809 0.818 20.031 36.485 8.236 8.333 0.223 10.890 
221122154309 0.711 20.034 36.479 8.234 8.332 0.255 10.894 
221122155809 0.665 20.038 36.470 8.233 8.331 0.258 10.837 
221122161309 0.529 20.035 36.498 8.231 8.332 0.230 10.877 
221122162809 0.606 20.022 36.510 8.231 8.331 0.223 10.889 
221122164309 0.676 20.014 36.487 8.232 8.331 0.347 10.894 
221122165809 0.710 20.023 36.494 8.232 8.331 0.316 10.837 
221122171309 0.595 20.027 36.490 8.230 8.330 0.351 10.876 
