SAMBAT Sea Ti  C/T/D/Odo/Fluo/pH GPS : 50195 
V:0,Pression (0/50),m
V:1,Température (-5/35),°C
V:2,Salinité (2/42),g/l
V:3,Oxygène (0/20),mgl
V:4,PH (0/14),pH
V:5,Fluorescence (0/50),µgl
V:6,Tension batterie,V
290922150519 0.769 22.811 38.465 7.880 8.309 0.318 10.775 
290922152018 0.821 22.814 38.470 7.872 8.310 0.343 10.876 
290922153518 0.777 22.816 38.475 7.869 8.308 0.327 10.900 
290922155018 0.557 22.807 38.465 7.867 8.310 0.334 10.863 
290922160518 0.773 22.806 38.454 7.864 8.311 0.349 10.892 
290922162018 0.782 22.819 38.460 7.858 8.310 0.379 10.907 
290922163518 0.737 22.817 38.462 7.846 8.311 0.361 10.912 
290922165018 0.740 22.816 38.466 7.842 8.311 0.537 10.867 
290922170518 0.664 22.814 38.472 7.836 8.313 0.337 10.894 
290922172018 0.830 22.815 38.462 7.835 8.312 0.375 10.908 
290922173518 0.747 22.810 38.465 7.834 8.313 0.426 10.913 
290922175018 0.769 22.811 38.471 7.833 8.312 0.423 10.868 
290922180518 0.741 22.808 38.468 7.836 8.313 0.536 10.886 
290922182018 0.788 22.802 38.470 7.837 8.315 0.417 10.906 
290922183518 0.691 22.810 38.449 7.834 8.313 0.341 10.912 
290922185018 0.716 22.798 38.449 7.838 8.314 0.342 10.866 
290922190518 0.649 22.800 38.448 7.841 8.315 0.374 10.894 
290922192018 0.639 22.794 38.457 7.837 8.316 0.393 10.908 
290922193518 0.716 22.795 38.447 7.836 8.316 0.341 10.913 
290922195018 0.719 22.775 38.441 7.833 8.317 0.384 10.867 
290922200518 0.742 22.774 38.442 7.834 8.318 0.420 10.894 
290922202018 0.603 22.783 38.436 7.828 8.318 0.339 10.908 
290922203518 0.720 22.779 38.435 7.820 8.318 0.372 10.914 
290922205018 0.788 22.764 38.447 7.828 8.318 0.432 10.868 
290922210518 0.760 22.741 38.443 7.835 8.320 66.417 10.885 
290922212018 0.818 22.751 38.432 7.834 8.320 0.365 10.906 
290922213518 0.755 22.764 38.441 7.830 8.320 0.465 10.912 
290922215018 0.776 22.756 38.436 7.825 8.320 0.330 10.866 
290922220518 0.823 22.766 38.437 7.818 8.321 0.326 10.894 
290922222018 0.734 22.754 38.427 7.822 8.321 0.702 10.908 
290922223518 0.754 22.745 38.442 7.817 8.322 0.301 10.913 
290922225018 0.803 22.737 38.443 7.817 8.322 0.393 10.867 
290922230518 0.681 22.734 38.444 7.820 8.322 0.404 10.886 
290922232018 0.790 22.745 38.430 7.811 8.322 0.540 10.905 
290922233518 0.817 22.727 38.422 7.805 8.322 0.950 10.912 
290922235018 0.757 22.728 38.442 7.795 8.321 0.489 10.866 
300922000518 0.760 22.714 38.445 7.794 8.323 0.321 10.886 
300922002018 0.727 22.727 38.431 7.793 8.322 0.289 10.905 
300922003518 0.726 22.716 38.440 7.799 8.323 9.534 10.911 
300922005018 0.741 22.737 38.433 7.792 8.322 1.828 10.867 
300922010518 0.852 22.723 38.433 7.796 8.323 9.883 10.894 
300922012018 0.821 22.718 38.436 7.801 8.320 7.854 10.908 
300922013518 0.664 22.728 38.425 7.795 8.321 7.142 10.913 
300922015018 0.735 22.716 38.438 7.797 8.321 0.470 10.867 
300922020518 0.769 22.731 38.437 7.801 8.322 0.415 10.892 
300922022018 0.769 22.720 38.431 7.803 8.321 0.317 10.907 
300922023518 0.729 22.718 38.431 7.803 8.322 0.357 10.913 
300922025018 0.621 22.705 38.437 7.802 8.322 0.304 10.865 
300922030518 0.731 22.697 38.433 7.804 8.322 0.288 10.885 
300922032018 0.738 22.693 38.437 7.805 8.322 0.321 10.905 
300922033518 0.845 22.677 38.440 7.808 8.323 0.419 10.911 
300922035018 0.767 22.683 38.438 7.802 8.322 0.844 10.866 
300922040518 0.754 22.690 38.440 7.797 8.323 0.306 10.892 
300922042018 0.804 22.697 38.447 7.791 8.322 0.345 10.907 
300922043518 0.797 22.690 38.444 7.786 8.323 0.284 10.913 
300922045018 0.772 22.694 38.450 7.792 8.322 2.195 10.867 
300922050518 0.805 22.702 38.443 7.792 8.324 1.681 10.893 
300922052018 0.776 22.681 38.436 7.790 8.323 2.053 10.907 
300922053518 0.759 22.681 38.440 7.784 8.321 1.444 10.912 
300922055018 0.715 22.675 38.439 7.781 8.322 0.795 10.866 
300922060518 0.756 22.667 38.440 7.778 8.322 6.021 10.885 
300922062018 0.719 22.662 38.443 7.777 8.322 0.522 10.905 
300922063518 0.774 22.653 38.448 7.784 8.321 2.861 10.911 
300922065018 0.831 22.660 38.433 7.785 8.323 0.303 10.866 
300922070518 0.746 22.660 38.428 7.782 8.322 0.394 10.892 
300922072018 0.709 22.658 38.422 7.778 8.324 3.698 10.907 
300922073518 0.771 22.645 38.425 7.780 8.325 1.260 10.912 
300922075018 0.768 22.656 38.422 7.780 8.325 0.313 10.866 
300922080518 0.795 22.641 38.423 7.783 8.324 2.258 10.892 
300922082018 0.699 22.638 38.416 7.780 8.324 1.154 10.907 
300922083518 0.835 22.633 38.415 7.781 8.325 0.279 10.912 
300922085018 0.762 22.625 38.416 7.776 8.325 0.274 10.867 
300922090518 0.846 22.632 38.409 7.759 8.325 1.812 10.886 
300922092018 0.744 22.624 38.413 7.758 8.325 0.672 10.905 
300922093518 0.815 22.609 38.406 7.759 8.325 0.272 10.911 
300922095018 0.701 22.623 38.410 7.753 8.325 0.300 10.866 
300922100518 0.823 22.629 38.402 7.751 8.324 0.275 10.893 
300922102018 0.822 22.615 38.411 7.747 8.323 0.273 10.907 
300922103518 0.818 22.616 38.407 7.742 8.324 0.279 10.912 
300922105018 0.791 22.616 38.406 7.744 8.323 0.242 10.866 
300922110518 0.824 22.582 38.397 7.745 8.325 0.169 10.892 
300922112018 0.816 22.557 38.387 7.761 8.323 0.165 10.907 
300922113518 0.721 22.590 38.404 7.755 8.322 0.156 10.912 
300922115018 0.823 22.617 38.404 7.751 8.322 0.240 10.867 
300922120518 0.777 22.609 38.407 7.749 8.322 0.194 10.885 
300922122018 0.738 22.568 38.389 7.760 8.321 0.165 10.904 
300922123518 0.791 22.574 38.386 7.752 8.323 0.140 10.911 
300922125018 0.786 22.582 38.394 7.754 8.323 0.138 10.865 
300922130518 0.785 22.578 38.395 7.750 8.319 0.223 10.892 
300922132018 0.800 22.582 38.400 7.750 8.321 0.197 10.907 
300922133518 0.775 22.589 38.392 7.748 8.319 0.226 10.912 
300922135018 0.764 22.590 38.396 7.740 8.321 0.666 10.866 
300922140518 0.810 22.574 38.395 7.743 8.322 0.269 10.891 
300922142018 0.798 22.571 38.394 7.740 8.322 1.233 10.906 
300922143518 0.792 22.573 38.390 7.751 8.322 2.162 10.911 
300922145018 0.720 22.573 38.379 7.756 8.322 0.343 10.866 
300922150518 0.794 22.569 38.381 7.756 8.321 0.283 10.885 
