SAMBAT Sea Ti  C/T/D/Odo/Fluo/pH GPS : 50195 
V:0,Pression (0/50),m
V:1,Température (-5/35),°C
V:2,Salinité (2/42),g/l
V:3,Oxygène (0/20),mgl
V:4,PH (0/14),pH
V:5,Fluorescence (0/50),µgl
V:6,Tension batterie,V
111122164747 1.015 21.305 37.510 8.306 8.321 0.187 10.770 
111122170246 1.033 21.293 37.516 8.306 8.322 0.186 10.846 
111122171746 1.007 21.269 37.513 8.311 8.324 0.203 10.883 
111122173246 1.044 21.259 37.509 8.312 8.321 0.211 10.896 
111122174746 1.013 21.252 37.513 8.310 8.323 0.290 10.902 
111122180246 1.016 21.264 37.516 8.309 8.323 0.270 10.873 
111122181746 1.001 21.289 37.520 8.305 8.321 0.263 10.894 
111122183246 1.038 21.281 37.520 8.308 8.323 0.291 10.902 
111122184746 1.040 21.266 37.525 8.316 8.323 0.232 10.905 
111122190246 1.018 21.249 37.513 8.325 8.326 0.239 10.874 
111122191746 1.067 21.230 37.507 8.342 8.325 0.254 10.895 
111122193246 1.035 21.216 37.505 8.346 8.325 0.190 10.903 
111122194746 1.024 21.202 37.500 8.355 8.327 0.200 10.905 
111122200246 0.975 21.181 37.488 8.357 8.327 0.242 10.860 
111122201746 0.973 21.195 37.481 8.362 8.329 0.214 10.890 
111122203246 1.050 21.182 37.501 8.361 8.328 0.197 10.900 
111122204746 1.019 21.173 37.500 8.362 8.329 0.184 10.904 
111122210246 1.018 21.161 37.500 8.361 8.329 0.277 10.874 
111122211746 1.093 21.186 37.497 8.355 8.327 0.217 10.895 
111122213246 1.035 21.184 37.495 8.354 8.330 0.410 10.902 
111122214746 1.064 21.182 37.515 8.351 8.328 0.239 10.905 
111122220246 0.979 21.179 37.465 8.352 8.329 0.192 10.874 
111122221746 1.007 21.161 37.482 8.348 8.329 0.279 10.895 
111122223246 1.015 21.159 37.497 8.347 8.328 0.255 10.902 
111122224746 1.083 21.170 37.478 8.343 8.330 0.269 10.905 
111122230246 1.084 21.155 37.508 8.347 8.330 0.259 10.857 
111122231746 1.082 21.167 37.504 8.349 8.329 0.295 10.889 
111122233246 1.062 21.155 37.507 8.348 8.330 0.312 10.900 
111122234746 1.075 21.153 37.508 8.347 8.330 0.236 10.904 
121122000246 1.008 21.156 37.535 8.343 8.331 0.249 10.874 
121122001746 0.982 21.155 37.529 8.342 8.331 0.229 10.895 
121122003246 1.019 21.132 37.528 8.347 8.332 0.203 10.902 
121122004746 1.025 21.113 37.510 8.355 8.331 0.284 10.905 
121122010246 1.053 21.148 37.519 8.346 8.332 0.270 10.873 
121122011746 1.082 21.144 37.509 8.342 8.332 0.229 10.895 
121122013246 1.040 21.147 37.518 8.333 8.331 0.236 10.902 
121122014746 1.035 21.138 37.507 8.332 8.333 0.291 10.905 
121122020246 1.059 21.136 37.505 8.330 8.334 0.246 10.872 
121122021746 1.008 21.111 37.510 8.332 8.333 0.343 10.894 
121122023246 1.088 21.136 37.503 8.329 8.333 0.194 10.902 
121122024746 1.072 21.130 37.511 8.330 8.333 0.304 10.905 
121122030246 1.032 21.140 37.506 8.324 8.332 0.262 10.857 
121122031746 1.033 21.140 37.519 8.317 8.332 0.219 10.889 
121122033246 1.044 21.138 37.517 8.318 8.332 0.212 10.900 
121122034746 1.049 21.138 37.520 8.323 8.331 0.260 10.903 
121122040246 0.983 21.135 37.504 8.326 8.333 0.276 10.872 
121122041746 1.059 21.115 37.507 8.331 8.334 0.261 10.894 
121122043246 1.017 21.093 37.465 8.340 8.332 0.240 10.901 
121122044746 1.061 21.127 37.489 8.336 8.332 0.282 10.905 
121122050246 1.042 21.139 37.480 8.332 8.334 0.273 10.872 
121122051746 1.016 21.127 37.493 8.337 8.334 0.244 10.894 
121122053246 1.037 21.135 37.500 8.333 8.333 0.304 10.902 
121122054746 1.002 21.130 37.500 8.340 8.335 0.229 10.905 
121122060246 1.028 21.130 37.490 8.338 8.337 0.305 10.860 
121122061746 1.008 21.122 37.492 8.340 8.335 0.300 10.890 
121122063246 1.067 21.112 37.487 8.342 8.337 0.288 10.900 
121122064746 1.052 21.119 37.489 8.342 8.337 0.258 10.904 
121122070246 1.064 21.116 37.494 8.347 8.337 0.266 10.874 
121122071746 1.030 21.104 37.497 8.347 8.337 0.325 10.895 
121122073246 1.023 21.098 37.501 8.347 8.337 0.269 10.902 
121122074746 0.987 21.104 37.516 8.342 8.338 0.286 10.905 
121122080246 1.023 21.100 37.513 8.341 8.337 0.290 10.873 
121122081746 1.001 21.098 37.338 8.341 8.338 0.288 10.894 
121122083246 1.025 21.103 37.511 8.339 8.337 0.285 10.902 
121122084746 1.056 21.106 37.512 8.334 8.336 0.250 10.905 
121122090246 1.009 21.104 37.496 8.326 8.334 0.318 10.860 
121122091746 1.030 21.105 37.515 8.318 8.334 0.305 10.890 
121122093246 1.010 21.101 37.516 8.312 8.335 0.274 10.900 
121122094746 1.046 21.103 37.503 8.310 8.335 0.215 10.904 
121122100246 1.047 21.100 37.508 8.306 8.334 0.215 10.873 
121122101746 0.988 21.092 37.505 8.304 8.334 0.195 10.894 
121122103246 1.021 21.093 37.502 8.306 8.334 0.186 10.901 
121122104746 1.022 21.092 37.510 8.301 8.334 0.152 10.905 
121122110246 1.016 21.099 37.499 8.301 8.334 0.124 10.871 
121122111746 1.046 21.099 37.505 8.302 8.334 0.160 10.894 
121122113246 1.041 21.103 37.497 8.303 8.332 0.114 10.901 
121122114746 0.988 21.093 37.488 8.312 8.333 0.111 10.905 
121122120246 1.024 21.104 37.502 8.316 8.332 0.128 10.856 
121122121746 1.004 21.095 37.510 8.315 8.332 0.128 10.889 
121122123246 1.025 21.107 37.511 8.315 8.330 0.170 10.899 
121122124746 1.015 21.109 37.499 8.320 8.332 0.132 10.903 
121122130246 1.034 21.105 37.501 8.318 8.329 0.120 10.873 
121122131746 1.035 21.106 37.509 8.324 8.330 0.142 10.894 
121122133246 1.033 21.110 37.500 8.321 8.330 0.164 10.902 
121122134746 0.990 21.113 37.480 8.318 8.329 0.133 10.904 
121122140246 1.018 21.112 37.505 8.318 8.330 0.121 10.875 
121122141746 1.003 21.112 37.501 8.313 8.330 0.117 10.895 
121122143246 0.986 21.128 37.504 8.312 8.330 0.142 10.902 
121122144746 1.035 21.133 37.509 8.314 8.329 0.162 10.905 
121122150246 0.982 21.132 37.510 8.314 8.330 0.192 10.858 
121122151746 1.063 21.130 37.502 8.313 8.328 0.192 10.889 
121122153246 1.002 21.128 37.485 8.316 8.328 0.208 10.899 
121122154746 0.992 21.132 37.494 8.315 8.330 0.246 10.903 
121122160246 1.001 21.132 37.506 8.320 8.329 0.210 10.873 
121122161746 1.007 21.129 37.484 8.324 8.330 0.223 10.894 
121122163246 0.997 21.132 37.479 8.328 8.328 0.254 10.901 
121122164746 1.004 21.133 37.500 8.334 8.330 0.214 10.905 
