SAMBAT Sea Ti  C/T/D/Odo/Fluo/pH GPS : 50195 
V:0,Pression (0/50),dba
V:1,Température (-5/35),°C
V:2,Salinité (2/42),g/l
V:3,Oxygène (0/20),mgl
V:4,PH (0/14),pH
V:5,Fluorescence (0/500),ppb
V:6,Tension batterie,V
280623134501 0.739 26.540 38.556 8.281 8.267 1.108 10.836 
280623140000 0.797 26.554 38.550 8.274 8.267 1.245 10.942 
280623141500 0.697 26.504 38.560 8.282 8.267 0.881 10.953 
280623143000 0.742 26.474 38.557 8.291 8.270 1.032 10.955 
280623144500 0.732 26.529 38.531 8.288 8.269 1.010 10.931 
280623150000 0.705 26.486 38.558 8.292 8.270 1.116 10.954 
280623151500 0.744 26.456 38.563 8.303 8.270 1.040 10.956 
280623153000 0.756 26.413 38.560 8.312 8.270 1.116 10.956 
280623154500 0.690 26.413 38.540 8.316 8.272 1.025 10.921 
280623160000 0.756 26.510 38.526 8.297 8.272 1.518 10.953 
280623161500 0.733 26.526 38.542 8.299 8.272 1.776 10.956 
280623163000 0.739 26.303 38.584 8.338 8.271 1.594 10.957 
280623164500 0.691 26.499 38.547 8.314 8.272 1.306 10.933 
280623170000 0.728 26.574 38.556 8.298 8.272 1.442 10.955 
280623171500 0.743 26.592 38.552 8.303 8.271 1.404 10.957 
280623173000 0.759 26.592 38.555 8.304 8.271 1.587 10.957 
280623174500 0.731 26.638 38.530 8.304 8.271 1.693 10.933 
280623180000 0.698 26.592 38.550 8.316 8.271 2.186 10.955 
280623181500 0.761 26.511 38.563 8.337 8.271 1.549 10.957 
280623183000 0.735 26.496 38.563 8.346 8.272 1.526 10.957 
280623184500 0.754 26.504 38.564 8.348 8.272 1.700 10.935 
280623190000 0.709 26.452 38.565 8.362 8.272 1.693 10.955 
280623191500 0.731 26.438 38.567 8.367 8.272 1.625 10.957 
280623193000 0.794 26.434 38.568 8.370 8.274 1.761 10.957 
280623194500 0.795 26.384 38.570 8.382 8.273 1.784 10.919 
280623200000 0.750 26.380 38.576 8.384 8.273 1.845 10.953 
280623201500 0.730 26.373 38.574 8.386 8.273 1.921 10.956 
280623203000 0.776 26.420 38.571 8.382 8.274 2.156 10.956 
280623204500 0.698 26.422 38.582 8.381 8.276 1.784 10.932 
280623210000 0.778 26.405 38.586 8.383 8.277 1.875 10.954 
280623211500 0.758 26.331 38.586 8.401 8.277 1.852 10.956 
280623213000 0.738 26.089 38.563 8.444 8.267 2.019 10.956 
280623214500 0.813 26.082 38.561 8.438 8.267 1.731 10.931 
280623220000 0.755 26.049 38.568 8.440 8.267 2.110 10.953 
280623221500 0.767 26.040 38.580 8.432 8.267 1.989 10.955 
280623223000 0.751 26.074 38.577 8.414 8.267 1.776 10.955 
280623224500 0.761 26.094 38.569 8.404 8.267 2.065 10.921 
280623230000 0.789 26.096 38.576 8.393 8.267 1.685 10.951 
280623231500 0.799 26.111 38.575 8.382 8.267 1.951 10.954 
280623233000 0.729 26.112 38.578 8.373 8.267 1.708 10.955 
280623234500 0.817 26.106 38.577 8.365 8.268 2.133 10.931 
290623000000 0.736 26.072 38.581 8.365 8.267 1.784 10.953 
290623001500 0.788 26.035 38.580 8.365 8.267 1.852 10.954 
290623003000 0.780 25.999 38.587 8.361 8.267 1.981 10.955 
290623004500 0.780 25.956 38.564 8.361 8.267 1.959 10.930 
290623010000 0.771 25.946 38.581 8.353 8.267 1.966 10.952 
290623011500 0.769 25.910 38.582 8.348 8.267 1.898 10.954 
290623013000 0.782 25.881 38.580 8.342 8.267 1.875 10.954 
290623014500 0.788 25.858 38.576 8.341 8.267 2.065 10.918 
290623020000 0.773 25.829 38.578 8.336 8.267 1.867 10.950 
290623021500 0.806 25.821 38.582 8.325 8.268 1.890 10.953 
290623023000 0.767 25.812 38.581 8.315 8.267 1.898 10.953 
290623024500 0.784 25.809 38.581 8.307 8.268 2.034 10.928 
290623030000 0.747 25.808 38.586 8.295 8.269 1.685 10.951 
290623031500 0.765 25.805 38.579 8.286 8.269 1.746 10.953 
290623033000 0.763 25.805 38.584 8.274 8.269 1.602 10.953 
290623034500 0.785 25.802 38.585 8.271 8.268 1.678 10.916 
290623040000 0.771 25.783 38.582 8.268 8.268 1.587 10.949 
290623041500 0.757 25.782 38.579 8.263 8.268 2.080 10.952 
290623043000 0.773 25.774 38.586 8.261 8.267 1.837 10.953 
290623044500 0.775 25.761 38.587 8.262 8.267 1.769 10.927 
290623050000 0.773 25.750 38.586 8.262 8.267 2.201 10.950 
290623051500 0.782 25.745 38.594 8.260 8.267 1.716 10.952 
290623053000 0.782 25.732 38.600 8.259 8.268 1.754 10.953 
290623054500 0.788 25.724 38.600 8.258 8.268 1.822 10.927 
290623060000 0.757 25.721 38.589 8.255 8.267 1.716 10.949 
290623061500 0.768 25.715 38.589 8.254 8.267 1.511 10.952 
290623063000 0.782 25.723 38.594 8.253 8.268 1.564 10.953 
290623064500 0.799 25.729 38.591 8.251 8.268 1.708 10.917 
290623070000 0.779 25.741 38.594 8.248 8.269 1.609 10.948 
290623071500 0.768 25.753 38.608 8.246 8.268 1.860 10.951 
290623073000 0.774 25.750 38.609 8.247 8.267 1.754 10.952 
290623074500 0.803 25.761 38.609 8.246 8.269 1.571 10.924 
290623080000 0.787 25.767 38.607 8.245 8.269 1.503 10.949 
290623081500 0.753 25.788 38.596 8.242 8.271 1.511 10.952 
290623083000 0.779 25.821 38.597 8.241 8.272 1.048 10.952 
290623084500 0.780 25.858 38.600 8.237 8.272 1.040 10.926 
290623090000 0.762 25.894 38.599 8.232 8.274 1.116 10.949 
290623091500 0.802 25.901 38.559 8.238 8.276 1.086 10.952 
290623093000 0.784 25.904 38.591 8.241 8.275 0.767 10.953 
290623094500 0.809 25.939 38.565 8.242 8.274 0.994 10.918 
290623100000 0.813 25.933 38.560 8.247 8.272 1.344 10.949 
290623101500 0.797 25.951 38.557 8.250 8.273 1.253 10.952 
290623103000 0.808 25.965 38.567 8.256 8.272 0.812 10.953 
290623104500 0.755 25.931 38.595 8.265 8.270 0.729 10.928 
290623110000 0.754 25.853 38.605 8.283 8.262 1.124 10.950 
290623111500 0.763 26.089 38.559 8.245 8.269 0.934 10.952 
290623113000 0.752 26.174 38.592 8.231 8.270 0.911 10.953 
290623114500 0.809 26.117 38.587 8.253 8.267 0.774 10.931 
290623120000 0.791 26.253 38.578 8.237 8.268 1.139 10.951 
290623121500 0.784 26.375 38.611 8.209 8.265 0.600 10.953 
290623123000 0.787 26.456 38.620 8.199 8.263 0.949 10.954 
290623124500 0.805 26.442 38.659 8.196 8.262 1.192 10.933 
290623130000 0.782 26.497 38.634 8.194 8.260 0.767 10.952 
290623131500 0.749 26.460 38.630 8.208 8.257 0.903 10.955 
290623133000 0.751 26.384 38.640 8.225 8.256 0.881 10.955 
290623134500 0.800 26.450 38.607 8.217 8.253 0.691 10.920 
