SAMBAT Sea Ti  C/T/D/Odo/Fluo/pH GPS : 50195 
V:0,Pression (0/50),dba
V:1,Température (-5/35),°C
V:2,Salinité (2/42),g/l
V:3,Oxygène (0/20),mgl
V:4,PH (0/14),pH
V:5,Fluorescence (0/500),ppb
V:6,Tension batterie,V
190623132127 0.807 25.267 38.270 8.312 8.245 0.463 10.831 
190623133626 0.788 25.043 38.271 8.352 8.245 0.524 10.932 
190623135126 0.794 24.929 38.257 8.367 8.246 0.615 10.932 
190623140626 0.783 24.967 38.259 8.362 8.247 0.714 10.945 
190623142126 0.786 25.111 38.281 8.325 8.246 0.478 10.948 
190623143626 0.792 25.117 38.272 8.332 8.246 0.653 10.949 
190623145126 0.789 25.347 38.281 8.289 8.244 0.752 10.940 
190623150626 0.735 25.042 38.306 8.323 8.244 0.645 10.948 
190623152126 0.783 25.130 38.329 8.321 8.245 0.827 10.950 
190623153626 0.773 24.772 38.266 8.392 8.245 0.850 10.950 
190623155126 0.766 24.932 38.251 8.370 8.246 0.820 10.941 
190623160626 0.780 24.899 38.255 8.368 8.247 0.668 10.949 
190623162126 0.801 25.100 38.273 8.348 8.244 1.063 10.950 
190623163626 0.790 25.486 38.134 8.286 8.244 0.979 10.950 
190623165126 0.787 25.846 38.320 8.167 8.243 1.154 10.937 
190623170626 0.797 25.830 38.301 8.169 8.241 1.139 10.949 
190623172126 0.788 25.575 38.281 8.212 8.239 0.835 10.951 
190623173626 0.771 25.349 38.269 8.258 8.240 1.154 10.951 
190623175126 0.805 25.261 38.297 8.271 8.241 1.146 10.942 
190623180626 0.787 25.223 38.284 8.278 8.241 1.397 10.949 
190623182126 0.788 25.190 38.286 8.278 8.243 1.199 10.950 
190623183626 0.784 25.198 38.288 8.275 8.241 1.412 10.950 
190623185126 0.779 25.150 38.284 8.289 8.243 1.389 10.940 
190623190626 0.778 25.099 38.289 8.298 8.243 1.230 10.948 
190623192126 0.769 24.979 38.279 8.322 8.244 1.397 10.949 
190623193626 0.804 24.936 38.292 8.333 8.245 1.298 10.949 
190623195126 0.757 24.944 38.275 8.334 8.246 1.655 10.935 
190623200626 0.761 24.935 38.295 8.332 8.247 1.321 10.946 
190623202126 0.766 24.910 38.294 8.336 8.246 1.366 10.947 
190623203626 0.788 24.893 38.290 8.337 8.247 1.571 10.948 
190623205126 0.767 24.830 38.282 8.350 8.246 1.738 10.938 
190623210626 0.780 24.803 38.290 8.351 8.247 1.571 10.946 
190623212126 0.814 24.768 38.286 8.356 8.247 1.898 10.947 
190623213626 0.774 24.736 38.286 8.362 8.247 1.450 10.947 
190623215126 0.780 24.693 38.289 8.370 8.246 1.693 10.937 
190623220626 0.785 24.663 38.284 8.376 8.247 1.662 10.945 
190623222126 0.784 24.651 38.286 8.375 8.249 1.670 10.946 
190623223626 0.796 24.627 38.287 8.373 8.246 1.731 10.946 
190623225126 0.766 24.716 38.285 8.351 8.248 1.746 10.932 
190623230626 0.799 24.751 38.285 8.345 8.248 1.283 10.944 
190623232126 0.808 24.926 38.292 8.308 8.249 1.328 10.946 
190623233626 0.795 24.944 38.295 8.306 8.248 1.344 10.946 
190623235126 0.794 24.948 38.290 8.307 8.247 1.313 10.937 
200623000626 0.786 24.916 38.294 8.313 8.248 1.427 10.945 
200623002126 0.770 24.920 38.288 8.314 8.248 1.564 10.946 
200623003626 0.780 24.910 38.286 8.317 8.248 1.139 10.947 
200623005126 0.770 24.888 38.288 8.321 8.248 1.458 10.937 
200623010626 0.795 24.897 38.285 8.322 8.249 1.199 10.945 
200623012126 0.796 24.864 38.284 8.331 8.248 1.458 10.946 
200623013626 0.785 24.825 38.280 8.341 8.248 1.465 10.946 
200623015126 0.792 24.788 38.280 8.349 8.249 1.495 10.932 
200623020626 0.796 24.806 38.279 8.347 8.250 1.450 10.944 
200623022126 0.781 24.819 38.284 8.347 8.248 1.450 10.946 
200623023626 0.771 24.840 38.284 8.342 8.249 1.199 10.946 
200623025126 0.772 24.833 38.276 8.347 8.249 1.442 10.936 
200623030626 0.781 24.839 38.282 8.344 8.249 1.549 10.945 
200623032126 0.779 24.848 38.279 8.345 8.250 1.253 10.946 
200623033626 0.789 24.854 38.284 8.347 8.249 1.655 10.946 
200623035126 0.771 24.843 38.284 8.351 8.250 1.420 10.936 
200623040626 0.785 24.845 38.277 8.356 8.251 1.359 10.945 
200623042126 0.810 24.835 38.283 8.359 8.250 1.564 10.946 
200623043626 0.799 24.842 38.285 8.361 8.250 1.700 10.946 
200623045126 0.792 24.827 38.284 8.369 8.250 1.366 10.932 
200623050626 0.797 24.822 38.286 8.373 8.250 1.640 10.944 
200623052126 0.784 24.801 38.283 8.380 8.250 1.518 10.945 
200623053626 0.797 24.751 38.288 8.392 8.250 1.260 10.946 
200623055126 0.786 24.720 38.281 8.400 8.250 1.503 10.936 
200623060626 0.794 24.670 38.274 8.412 8.251 1.275 10.944 
200623062126 0.776 24.604 38.278 8.424 8.250 1.222 10.945 
200623063626 0.778 24.621 38.277 8.421 8.251 1.237 10.945 
200623065126 0.741 24.604 38.272 8.422 8.251 1.374 10.935 
200623070626 0.760 24.578 38.270 8.426 8.253 1.086 10.944 
200623072126 0.771 24.527 38.270 8.439 8.251 1.389 10.945 
200623073626 0.790 24.559 38.273 8.431 8.253 0.805 10.945 
200623075126 0.787 24.591 38.276 8.421 8.253 0.941 10.930 
200623080626 0.787 24.607 38.278 8.418 8.253 0.972 10.942 
200623082126 0.750 24.666 38.279 8.408 8.253 0.820 10.944 
200623083626 0.706 24.635 38.268 8.416 8.251 0.805 10.944 
200623085126 0.778 24.598 38.266 8.421 8.251 0.729 10.935 
200623090626 0.748 24.641 38.272 8.414 8.253 1.237 10.943 
200623092126 0.782 24.713 38.278 8.402 8.253 1.002 10.944 
200623093626 0.732 24.700 38.280 8.404 8.253 1.086 10.945 
200623095126 0.789 24.736 38.286 8.398 8.253 0.683 10.935 
200623100626 0.782 24.827 38.305 8.378 8.253 0.888 10.943 
200623102126 0.794 24.830 38.292 8.377 8.252 0.638 10.945 
200623103626 0.771 24.926 38.285 8.358 8.251 0.645 10.945 
200623105126 0.770 24.953 38.285 8.351 8.249 0.759 10.931 
200623110626 0.793 24.925 38.280 8.357 8.249 0.645 10.943 
200623112126 0.747 24.868 38.269 8.371 8.247 0.706 10.945 
200623113626 0.772 24.896 38.271 8.362 8.247 0.387 10.946 
200623115126 0.778 24.945 38.276 8.351 8.246 0.531 10.936 
200623120626 0.765 25.040 38.275 8.333 8.248 0.903 10.944 
200623122126 0.814 25.114 38.298 8.313 8.247 0.653 10.946 
200623123626 0.728 25.177 38.291 8.301 8.247 0.789 10.946 
200623125126 0.777 25.158 38.271 8.305 8.245 0.660 10.937 
200623130626 0.729 25.165 38.257 8.307 8.246 0.630 10.945 
200623132126 0.727 25.195 38.263 8.297 8.246 0.615 10.947 
