SAMBAT Sea Ti  C/T/D/Odo/Fluo/pH GPS : 50195 
V:0,Pression (0/50),dba
V:1,Température (-5/35),°C
V:2,Salinité (2/42),g/l
V:3,Oxygène (0/20),mgl
V:4,PH (0/14),pH
V:5,Fluorescence (0/500),ppb
V:6,Tension batterie,V
020423101049 0.876 14.828 38.124 10.716 8.241 1.488 10.721 
020423102548 0.713 14.841 38.128 10.715 8.241 0.888 10.801 
020423104048 0.795 14.849 38.134 10.703 8.240 1.161 10.795 
020423105548 0.718 14.869 38.133 10.695 8.239 0.964 10.827 
020423111048 0.804 14.896 38.127 10.681 8.238 0.714 10.841 
020423112548 0.745 14.899 38.134 10.674 8.238 1.055 10.847 
020423114048 0.780 14.901 38.140 10.670 8.238 1.237 10.807 
020423115548 0.720 14.904 38.140 10.666 8.238 0.714 10.835 
020423121048 0.694 14.949 38.131 10.653 8.238 1.237 10.846 
020423122548 0.749 14.932 38.137 10.656 8.239 0.903 10.851 
020423124048 0.604 14.934 38.137 10.657 8.241 0.736 10.807 
020423125548 0.803 14.956 38.151 10.650 8.243 0.964 10.836 
020423131048 0.776 14.980 38.146 10.639 8.242 0.896 10.847 
020423132548 0.753 14.958 38.153 10.652 8.243 0.729 10.851 
020423134048 0.756 15.001 38.151 10.636 8.243 1.237 10.799 
020423135548 0.672 14.986 38.149 10.641 8.243 0.903 10.833 
020423141048 0.784 14.988 38.151 10.643 8.243 0.592 10.846 
020423142548 0.752 14.984 38.150 10.645 8.242 1.086 10.851 
020423144048 0.596 14.957 38.153 10.661 8.241 1.336 10.812 
020423145548 0.805 14.938 38.151 10.667 8.240 1.359 10.839 
020423151048 0.809 14.942 38.149 10.668 8.240 1.161 10.848 
020423152548 0.814 14.934 38.154 10.672 8.239 1.389 10.853 
020423154048 0.661 14.986 38.146 10.654 8.236 1.146 10.810 
020423155548 0.739 14.973 38.153 10.665 8.236 1.435 10.838 
020423161048 0.772 14.955 38.150 10.674 8.236 1.799 10.848 
020423162548 0.677 14.933 38.151 10.681 8.237 2.429 10.853 
020423164048 0.837 14.920 38.149 10.687 8.237 2.786 10.796 
020423165548 0.779 14.895 38.152 10.692 8.237 2.444 10.832 
020423171048 0.823 14.936 38.151 10.684 8.238 2.444 10.845 
020423172548 0.744 14.939 38.155 10.685 8.238 2.171 10.850 
020423174048 0.649 14.969 38.158 10.679 8.240 1.951 10.811 
020423175548 0.766 14.981 38.154 10.676 8.241 2.209 10.838 
020423181048 0.755 14.964 38.154 10.689 8.241 2.513 10.848 
020423182548 0.758 14.964 38.148 10.693 8.242 2.376 10.853 
020423184048 0.844 14.963 38.152 10.694 8.243 2.384 10.812 
020423185548 0.780 14.972 38.153 10.692 8.243 3.097 10.839 
020423191048 0.798 14.955 38.154 10.701 8.243 2.604 10.849 
020423192548 0.854 14.937 38.151 10.710 8.243 2.293 10.848 
020423194048 0.828 14.928 38.155 10.714 8.244 2.786 10.800 
020423195548 0.811 14.919 38.154 10.719 8.243 2.247 10.833 
020423201048 0.822 14.905 38.153 10.730 8.244 2.748 10.841 
020423202548 0.784 14.877 38.155 10.740 8.245 2.968 10.850 
020423204048 0.831 14.864 38.153 10.753 8.246 2.953 10.810 
020423205548 0.826 14.828 38.148 10.766 8.246 3.029 10.837 
020423211048 0.783 14.793 38.147 10.777 8.246 2.991 10.847 
020423212548 0.810 14.768 38.147 10.791 8.245 3.264 10.851 
020423214048 0.771 14.729 38.149 10.800 8.244 3.985 10.798 
020423215548 0.789 14.728 38.152 10.799 8.243 4.107 10.831 
020423221048 0.730 14.706 38.148 10.804 8.243 4.532 10.844 
020423222548 0.802 14.706 38.152 10.803 8.247 3.340 10.849 
020423224048 0.838 14.700 38.147 10.802 8.245 4.319 10.810 
020423225548 0.818 14.692 38.149 10.799 8.246 3.720 10.836 
020423231048 0.817 14.692 38.148 10.782 8.246 3.606 10.842 
020423232548 0.798 14.672 38.149 10.783 8.246 4.540 10.849 
020423234048 0.771 14.678 38.144 10.776 8.245 4.175 10.809 
020423235548 0.797 14.663 38.141 10.772 8.245 4.942 10.836 
030423001048 0.790 14.657 38.146 10.764 8.244 4.418 10.846 
030423002548 0.803 14.656 38.145 10.756 8.244 5.003 10.850 
030423004048 0.770 14.641 38.142 10.758 8.244 4.357 10.797 
030423005548 0.766 14.645 38.146 10.748 8.244 4.593 10.830 
030423011048 0.808 14.641 38.143 10.742 8.244 5.777 10.842 
030423012548 0.782 14.643 38.148 10.732 8.244 4.532 10.848 
030423014048 0.783 14.643 38.151 10.712 8.243 5.132 10.807 
030423015548 0.788 14.636 38.151 10.708 8.244 5.192 10.834 
030423021048 0.843 14.635 38.153 10.695 8.244 5.815 10.845 
030423022548 0.787 14.637 38.152 10.684 8.244 5.997 10.849 
030423024048 0.809 14.633 38.153 10.667 8.244 5.580 10.792 
030423025548 0.773 14.643 38.154 10.658 8.245 5.466 10.829 
030423031048 0.792 14.638 38.154 10.656 8.245 5.785 10.841 
030423032548 0.798 14.633 38.154 10.651 8.245 5.982 10.847 
030423034048 0.773 14.639 38.153 10.644 8.245 5.299 10.808 
030423035548 0.766 14.635 38.156 10.640 8.245 5.413 10.834 
030423041048 0.792 14.629 38.156 10.638 8.245 5.230 10.845 
030423042548 0.779 14.618 38.147 10.638 8.246 5.048 10.849 
030423044048 0.812 14.617 38.148 10.633 8.246 5.413 10.808 
030423045548 0.791 14.624 38.150 10.629 8.247 4.798 10.835 
030423051048 0.795 14.620 38.151 10.627 8.247 4.547 10.845 
030423052548 0.779 14.621 38.150 10.625 8.247 4.790 10.849 
030423054048 0.771 14.622 38.154 10.625 8.248 4.866 10.797 
030423055548 0.805 14.627 38.158 10.623 8.248 5.830 10.830 
030423061048 0.788 14.629 38.157 10.623 8.248 4.691 10.842 
030423062548 0.818 14.625 38.159 10.625 8.247 4.820 10.848 
030423064048 0.773 14.643 38.152 10.620 8.248 3.902 10.808 
030423065548 0.817 14.648 38.160 10.617 8.248 3.887 10.835 
030423071048 0.780 14.630 38.154 10.627 8.248 3.591 10.845 
030423072548 0.808 14.649 38.153 10.621 8.246 2.072 10.849 
030423074048 0.781 14.651 38.158 10.621 8.246 2.050 10.805 
030423075548 0.789 14.654 38.159 10.619 8.247 2.520 10.833 
030423081048 0.812 14.652 38.159 10.623 8.246 2.308 10.844 
030423082548 0.773 14.652 38.161 10.622 8.245 1.792 10.849 
030423084048 0.787 14.664 38.157 10.622 8.246 2.072 10.807 
030423085548 0.769 14.598 38.142 10.647 8.246 1.867 10.834 
030423091048 0.788 14.620 38.153 10.642 8.245 1.420 10.845 
030423092548 0.801 14.609 38.140 10.646 8.244 1.351 10.849 
030423094048 0.723 14.552 38.106 10.660 8.242 0.911 10.797 
030423095548 0.824 14.602 38.105 10.647 8.241 0.934 10.829 
030423101048 0.821 14.651 38.115 10.634 8.241 0.903 10.842 
