SAMBAT Sea Ti  C/T/D/Odo/Fluo/pH GPS : 50195 
V:0,Pression (0/50),dba
V:1,Température (-5/35),°C
V:2,Salinité (2/42),g/l
V:3,Oxygène (0/20),mgl
V:4,PH (0/14),pH
V:5,Fluorescence (0/500),ppb
V:6,Tension batterie,V
300623134945 0.673 25.741 38.707 8.284 8.257 0.987 10.837 
300623140444 0.890 25.761 38.706 8.283 8.257 1.291 10.939 
300623141944 0.676 25.727 38.706 8.294 8.257 1.397 10.951 
300623143444 0.602 25.707 38.715 8.297 8.256 1.435 10.952 
300623144944 0.653 25.659 38.711 8.310 8.256 1.526 10.942 
300623150444 0.801 25.635 38.825 8.318 8.256 0.759 10.952 
300623151944 0.830 25.575 38.697 8.330 8.256 1.723 10.953 
300623153444 0.790 25.531 38.696 8.340 8.257 1.093 10.953 
300623154944 0.806 25.494 38.700 8.349 8.257 0.903 10.934 
300623160444 0.723 25.470 38.691 8.355 8.258 1.313 10.950 
300623161944 0.756 25.464 38.693 8.356 8.258 0.979 10.952 
300623163444 0.837 25.468 38.715 8.353 8.258 0.903 10.953 
300623164944 0.705 25.462 38.726 8.356 8.258 2.604 10.940 
300623170444 0.743 25.446 38.711 8.360 8.258 1.245 10.951 
300623171944 0.721 25.425 38.714 8.366 8.258 1.237 10.953 
300623173444 0.841 25.402 38.715 8.368 8.258 1.420 10.953 
300623174944 0.756 25.419 38.709 8.368 8.259 1.442 10.940 
300623180444 0.704 25.413 38.710 8.369 8.259 1.404 10.951 
300623181944 0.654 25.420 38.716 8.368 8.260 1.700 10.952 
300623183444 0.754 25.422 38.714 8.368 8.260 1.974 10.953 
300623184944 0.746 25.408 38.713 8.370 8.261 1.640 10.933 
300623190444 0.838 25.420 38.719 8.370 8.262 1.708 10.950 
300623191944 0.762 25.420 38.716 8.372 8.262 2.065 10.951 
300623193444 0.720 25.434 38.720 8.369 8.262 1.898 10.952 
300623194944 0.707 25.413 38.730 8.373 8.262 2.095 10.940 
300623200444 0.635 25.431 38.737 8.369 8.263 2.399 10.951 
300623201944 0.716 25.455 38.717 8.365 8.264 1.875 10.952 
300623203444 0.681 25.455 38.724 8.365 8.265 1.997 10.952 
300623204944 0.829 25.467 38.718 8.365 8.266 2.186 10.939 
300623210444 0.751 25.483 38.731 8.362 8.266 2.095 10.950 
300623211944 0.860 25.488 38.731 8.361 8.266 2.118 10.952 
300623213444 0.872 25.485 38.734 8.364 8.266 2.110 10.952 
300623214944 0.693 25.479 38.732 8.371 8.267 1.913 10.933 
300623220444 0.759 25.485 38.727 8.373 8.267 1.943 10.950 
300623221944 0.688 25.483 38.735 8.376 8.267 2.338 10.951 
300623223444 0.691 25.480 38.744 8.378 8.267 2.057 10.952 
300623224944 0.745 25.468 38.746 8.382 8.267 2.088 10.940 
300623230444 0.735 25.470 38.744 8.386 8.268 1.898 10.951 
300623231944 0.511 25.476 38.751 8.384 8.268 2.080 10.952 
300623233444 0.789 25.480 38.755 8.381 8.268 2.057 10.952 
300623234944 0.687 25.480 38.746 8.388 8.268 2.201 10.934 
010723000444 0.609 25.477 38.751 8.389 8.269 2.414 10.949 
010723001944 0.762 25.461 38.744 8.392 8.268 1.974 10.951 
010723003444 0.676 25.443 38.751 8.396 8.270 2.558 10.952 
010723004944 0.663 25.453 38.755 8.395 8.270 2.050 10.940 
010723010444 0.678 25.437 38.756 8.398 8.271 1.875 10.950 
010723011944 0.874 25.423 38.612 8.402 8.272 2.179 10.951 
010723013444 0.841 25.437 38.729 8.398 8.272 1.943 10.952 
010723014944 0.771 25.462 38.754 8.389 8.272 2.247 10.933 
010723020444 0.688 25.465 38.749 8.392 8.271 2.034 10.949 
010723021944 0.690 25.467 38.765 8.391 8.270 1.784 10.951 
010723023444 0.598 25.456 38.757 8.397 8.270 1.792 10.951 
010723024944 0.807 25.459 38.767 8.397 8.270 1.792 10.939 
010723030444 0.743 25.453 38.762 8.396 8.269 1.807 10.949 
010723031944 0.712 25.447 38.752 8.395 8.269 1.974 10.951 
010723033444 0.591 25.449 38.774 8.394 8.268 1.898 10.951 
010723034944 0.699 25.438 38.770 8.394 8.269 1.928 10.932 
010723040444 0.721 25.458 38.771 8.390 8.268 1.754 10.949 
010723041944 0.747 25.458 38.777 8.391 8.270 1.625 10.950 
010723043444 0.670 25.450 38.783 8.390 8.269 1.867 10.951 
010723044944 0.699 25.467 38.774 8.386 8.269 2.141 10.938 
010723050444 0.809 25.453 38.775 8.387 8.269 1.943 10.949 
010723051944 0.788 25.465 38.780 8.382 8.270 2.239 10.951 
010723053444 0.723 25.462 38.779 8.384 8.270 2.558 10.951 
010723054944 0.737 25.470 38.775 8.378 8.269 2.186 10.932 
010723060444 0.760 25.468 38.800 8.377 8.270 2.004 10.949 
010723061944 0.725 25.485 38.799 8.371 8.270 2.368 10.950 
010723063444 0.898 25.498 38.806 8.369 8.270 2.361 10.951 
010723064944 0.747 25.492 38.801 8.367 8.270 2.323 10.940 
010723070444 0.739 25.497 38.775 8.366 8.270 2.232 10.950 
010723071944 0.694 25.495 38.793 8.364 8.269 2.346 10.951 
010723073444 0.666 25.467 38.791 8.372 8.269 2.558 10.951 
010723074944 0.679 25.416 38.792 8.380 8.270 2.384 10.931 
010723080444 0.722 25.353 38.794 8.393 8.269 2.148 10.948 
010723081944 0.757 25.242 38.790 8.412 8.268 2.217 10.950 
010723083444 0.696 25.161 38.791 8.423 8.267 2.186 10.949 
010723084944 0.790 25.056 38.784 8.440 8.267 1.678 10.937 
010723090444 0.714 24.982 38.775 8.446 8.266 1.374 10.948 
010723091944 0.755 24.922 38.781 8.452 8.266 2.277 10.949 
010723093444 0.680 24.950 38.796 8.441 8.266 1.883 10.949 
010723094944 0.717 24.935 38.781 8.434 8.267 1.761 10.936 
010723100444 0.701 24.967 38.722 8.421 8.267 1.154 10.946 
010723101944 0.709 25.023 38.714 8.403 8.267 1.086 10.948 
010723103444 0.731 25.080 38.783 8.384 8.267 1.215 10.949 
010723104944 0.695 25.078 38.790 8.378 8.267 1.131 10.929 
010723110444 0.658 25.124 38.798 8.365 8.267 1.040 10.946 
010723111944 0.751 25.167 38.796 8.351 8.267 0.949 10.947 
010723113444 0.554 25.176 38.802 8.345 8.267 0.873 10.948 
010723114944 0.760 25.158 38.799 8.346 8.266 0.729 10.937 
010723120444 0.831 25.167 38.800 8.341 8.266 0.911 10.947 
010723121944 0.666 25.161 38.785 8.337 8.266 1.070 10.948 
010723123444 0.783 25.143 38.714 8.336 8.265 1.063 10.949 
010723124944 0.715 25.117 38.713 8.338 8.265 0.888 10.937 
010723130444 0.781 25.114 38.703 8.336 8.265 0.812 10.947 
010723131944 0.671 25.097 38.777 8.336 8.265 0.774 10.948 
010723133444 0.820 25.073 38.792 8.337 8.265 1.222 10.949 
010723134944 0.727 25.046 38.799 8.342 8.264 0.888 10.929 
