SAMBAT Sea Ti  C/T/D/Odo/Fluo/pH GPS : 50195 
V:0,Pression (0/50),dba
V:1,Température (-5/35),°C
V:2,Salinité (2/42),g/l
V:3,Oxygène (0/20),mgl
V:4,PH (0/14),pH
V:5,Fluorescence (0/500),ppb
V:6,Tension batterie,V
080623125344 0.786 21.809 38.172 9.163 8.255 0.349 10.802 
080623130843 0.800 21.856 38.186 9.141 8.255 0.448 10.899 
080623132343 0.804 21.863 38.182 9.153 8.254 0.433 10.920 
080623133843 0.806 21.889 38.181 9.129 8.254 0.311 10.865 
080623135343 0.798 21.857 38.167 9.150 8.254 0.243 10.915 
080623140843 0.788 21.765 38.151 9.175 8.254 0.440 10.921 
080623142343 0.802 22.102 38.189 9.084 8.255 0.547 10.928 
080623143843 0.797 22.545 38.206 8.987 8.252 0.304 10.869 
080623145343 0.809 22.385 38.155 9.022 8.251 0.228 10.918 
080623150843 0.793 22.386 38.176 9.016 8.250 0.486 10.928 
080623152343 0.773 22.022 38.165 9.093 8.251 0.387 10.929 
080623153843 0.792 22.249 38.210 9.040 8.251 0.311 10.875 
080623155343 0.802 22.311 38.180 9.026 8.251 0.342 10.921 
080623160843 0.806 22.221 38.188 9.042 8.250 0.410 10.926 
080623162343 0.767 22.069 38.180 9.083 8.250 0.585 10.931 
080623163843 0.801 22.153 38.131 9.062 8.251 0.585 10.875 
080623165343 0.785 22.087 38.148 9.071 8.253 0.660 10.919 
080623170843 0.782 21.935 38.169 9.105 8.253 0.357 10.929 
080623172343 0.775 22.100 38.214 9.064 8.252 0.516 10.929 
080623173843 0.788 21.814 38.152 9.133 8.253 0.721 10.874 
080623175343 0.771 21.809 38.162 9.131 8.254 1.146 10.920 
080623180843 0.780 21.834 38.185 9.129 8.254 0.714 10.927 
080623182343 0.791 21.834 38.143 9.129 8.255 0.888 10.927 
080623183843 0.792 21.774 38.174 9.141 8.255 0.767 10.872 
080623185343 0.776 21.811 38.176 9.134 8.255 1.161 10.920 
080623190843 0.784 21.766 38.173 9.152 8.256 0.721 10.928 
080623192343 0.791 21.762 38.148 9.165 8.257 0.805 10.928 
080623193843 0.788 21.765 38.154 9.171 8.257 1.040 10.870 
080623195343 0.792 21.739 38.167 9.179 8.257 0.577 10.916 
080623200843 0.799 21.719 38.153 9.183 8.258 1.898 10.923 
080623202343 0.802 21.776 38.180 9.180 8.257 0.827 10.929 
080623203843 0.797 21.699 38.178 9.195 8.258 0.911 10.869 
080623205343 0.802 21.865 38.173 9.157 8.258 0.858 10.918 
080623210843 0.790 22.029 38.175 9.108 8.257 1.207 10.928 
080623212343 0.802 22.581 38.142 8.976 8.256 1.063 10.926 
080623213843 0.791 22.358 38.179 9.036 8.254 0.979 10.870 
080623215343 0.793 22.605 38.186 8.945 8.255 1.063 10.919 
080623220843 0.793 22.310 38.171 9.004 8.254 1.025 10.925 
080623222343 0.796 21.985 38.190 9.079 8.254 1.313 10.930 
080623223843 0.798 22.017 38.177 9.064 8.257 1.017 10.870 
080623225343 0.798 21.923 38.173 9.087 8.258 1.283 10.918 
080623230843 0.795 21.741 38.170 9.127 8.258 1.215 10.927 
080623232343 0.809 21.681 38.163 9.135 8.258 1.146 10.929 
080623233843 0.808 21.544 38.166 9.160 8.259 1.086 10.868 
080623235343 0.803 21.561 38.160 9.160 8.260 0.850 10.913 
090623000843 0.797 21.544 38.187 9.141 8.260 1.040 10.922 
090623002343 0.784 21.477 38.165 9.159 8.261 0.820 10.926 
090623003843 0.801 21.541 38.174 9.152 8.262 0.903 10.866 
090623005343 0.788 21.524 38.176 9.163 8.262 1.002 10.915 
090623010843 0.794 21.538 38.177 9.164 8.262 0.736 10.920 
090623012343 0.785 21.537 38.176 9.172 8.262 1.101 10.925 
090623013843 0.788 21.528 38.176 9.181 8.262 0.987 10.866 
090623015343 0.798 21.518 38.178 9.185 8.263 1.412 10.914 
090623020843 0.788 21.507 38.174 9.193 8.264 1.609 10.919 
090623022343 0.783 21.488 38.180 9.197 8.264 0.987 10.921 
090623023843 0.788 21.498 38.177 9.196 8.264 1.010 10.866 
090623025343 0.790 21.535 38.175 9.190 8.265 1.215 10.910 
090623030843 0.784 21.551 38.181 9.183 8.265 1.412 10.918 
090623032343 0.793 21.550 38.182 9.186 8.265 1.230 10.924 
090623033843 0.787 21.601 38.180 9.175 8.265 0.873 10.867 
090623035343 0.789 21.591 38.185 9.175 8.265 1.169 10.913 
090623040843 0.788 21.570 38.185 9.179 8.265 1.830 10.923 
090623042343 0.784 21.576 38.183 9.178 8.265 1.351 10.925 
090623043843 0.792 21.582 38.182 9.176 8.265 1.207 10.866 
090623045343 0.788 21.567 38.182 9.182 8.266 1.442 10.913 
090623050843 0.781 21.602 38.185 9.174 8.266 1.040 10.923 
090623052343 0.783 21.560 38.181 9.182 8.266 1.465 10.925 
090623053843 0.791 21.563 38.179 9.183 8.265 0.820 10.880 
090623055343 0.790 21.608 38.177 9.179 8.266 1.055 10.907 
090623060843 0.785 21.598 38.176 9.181 8.265 1.025 10.922 
090623062343 0.779 21.592 38.181 9.182 8.265 0.934 10.925 
090623063853 0.787 21.640 38.186 9.171 8.265 1.017 10.858 
090623065343 0.791 21.764 38.191 9.145 8.265 1.010 10.912 
090623070843 0.797 21.815 38.192 9.132 8.264 0.752 10.923 
090623072343 0.788 21.849 38.193 9.122 8.263 1.184 10.921 
090623073843 0.786 21.910 38.195 9.108 8.262 0.797 10.866 
090623075343 0.783 21.983 38.199 9.085 8.262 1.078 10.909 
090623080843 0.794 22.041 38.202 9.073 8.260 0.448 10.923 
090623082343 0.799 22.088 38.199 9.052 8.260 0.638 10.922 
090623083843 0.787 22.095 38.205 9.050 8.260 0.319 10.867 
090623085343 0.788 22.131 38.203 9.041 8.259 0.501 10.909 
090623090843 0.780 22.136 38.199 9.036 8.258 0.630 10.919 
090623092343 0.766 22.170 38.215 9.034 8.258 0.554 10.926 
090623093843 0.795 22.133 38.193 9.033 8.258 0.448 10.866 
090623095343 0.781 22.143 38.189 9.029 8.258 0.653 10.916 
090623100843 0.781 22.176 38.197 9.023 8.258 0.266 10.926 
090623102343 0.781 22.233 38.200 9.007 8.257 0.288 10.928 
090623103843 0.796 22.381 38.211 8.964 8.257 0.463 10.871 
090623105343 0.786 22.347 38.196 8.971 8.256 0.789 10.917 
090623110843 0.774 22.310 38.185 8.982 8.256 0.509 10.923 
090623112343 0.775 22.337 38.198 8.979 8.255 0.607 10.924 
090623113843 0.795 22.423 38.219 8.957 8.255 0.524 10.871 
090623115343 0.781 22.370 38.196 8.970 8.254 0.744 10.912 
090623120843 0.785 22.320 38.195 8.992 8.254 0.820 10.921 
090623122343 0.782 22.401 38.200 8.972 8.254 0.304 10.927 
090623123843 0.784 22.452 38.206 8.958 8.253 0.486 10.870 
090623125343 0.771 22.492 38.174 8.959 8.253 0.539 10.918 
