SAMBAT Sea Ti  C/T/D/Odo/Fluo/pH GPS : 50195 
V:0,Pression (0/50),dba
V:1,Température (-5/35),°C
V:2,Salinité (2/42),g/l
V:3,Oxygène (0/20),mgl
V:4,PH (0/14),pH
V:5,Fluorescence (0/500),ppb
V:6,Tension batterie,V
180423105010 0.795 15.188 38.143 10.583 8.265 0.835 10.725 
180423110509 0.820 15.177 38.142 10.587 8.265 0.622 10.807 
180423112009 0.817 15.201 38.145 10.582 8.265 0.934 10.836 
180423113509 0.850 15.227 38.140 10.576 8.264 0.645 10.849 
180423115009 0.831 15.261 38.120 10.570 8.268 0.577 10.828 
180423120509 0.836 15.274 38.116 10.574 8.266 0.342 10.846 
180423122009 0.816 15.295 38.121 10.569 8.265 0.676 10.854 
180423123509 0.802 15.336 38.127 10.560 8.265 0.562 10.858 
180423125009 0.826 15.352 38.123 10.560 8.264 0.767 10.835 
180423130509 0.821 15.475 38.130 10.529 8.262 0.676 10.851 
180423132009 0.856 15.421 38.139 10.546 8.262 0.820 10.858 
180423133509 0.836 15.523 38.107 10.528 8.262 1.108 10.861 
180423135009 0.834 15.440 38.133 10.550 8.262 1.275 10.838 
180423140509 0.831 15.453 38.143 10.548 8.262 1.040 10.853 
180423142009 0.816 15.453 38.136 10.550 8.260 0.896 10.859 
180423143509 0.809 15.500 38.140 10.540 8.261 1.002 10.862 
180423145009 0.833 15.475 38.145 10.547 8.262 1.412 10.838 
180423150509 0.790 15.489 38.136 10.545 8.262 1.822 10.853 
180423152009 0.824 15.477 38.132 10.548 8.262 1.625 10.859 
180423153509 0.819 15.496 38.125 10.549 8.261 1.640 10.862 
180423155009 0.784 15.470 38.133 10.558 8.261 1.670 10.834 
180423160509 0.814 15.441 38.145 10.565 8.260 1.344 10.852 
180423162009 0.835 15.445 38.141 10.568 8.260 1.207 10.858 
180423163509 0.856 15.479 38.143 10.560 8.260 2.027 10.862 
180423165009 0.790 15.484 38.156 10.558 8.259 1.556 10.834 
180423170509 0.789 15.553 38.150 10.537 8.258 1.313 10.851 
180423172009 0.846 15.551 38.152 10.536 8.258 1.799 10.858 
180423173509 0.821 15.583 38.161 10.528 8.258 2.551 10.862 
180423175009 0.758 15.587 38.158 10.527 8.258 2.680 10.837 
180423180509 0.768 15.592 38.155 10.523 8.258 3.029 10.853 
180423182009 0.809 15.624 38.140 10.513 8.258 3.613 10.860 
180423183509 0.837 15.609 38.141 10.517 8.259 3.067 10.862 
180423185009 0.821 15.581 38.145 10.523 8.260 3.598 10.839 
180423190509 0.845 15.572 38.141 10.526 8.260 3.135 10.854 
180423192009 0.831 15.528 38.147 10.532 8.261 2.945 10.860 
180423193509 0.841 15.491 38.138 10.549 8.262 2.907 10.863 
180423195009 0.826 15.494 38.147 10.550 8.262 2.923 10.839 
180423200509 0.815 15.493 38.152 10.551 8.262 2.945 10.854 
180423202009 0.831 15.474 38.152 10.555 8.262 3.090 10.860 
180423203509 0.859 15.472 38.152 10.559 8.263 2.498 10.862 
180423205009 0.842 15.447 38.152 10.565 8.263 2.930 10.838 
180423210509 0.836 15.418 38.148 10.579 8.264 2.771 10.853 
180423212009 0.849 15.401 38.147 10.587 8.265 2.733 10.859 
180423213509 0.835 15.371 38.147 10.596 8.266 2.870 10.861 
180423215009 0.833 15.383 38.145 10.594 8.266 2.854 10.837 
180423220509 0.861 15.372 38.143 10.599 8.266 3.014 10.852 
180423222009 0.864 15.361 38.142 10.603 8.266 3.021 10.858 
180423223509 0.854 15.358 38.142 10.603 8.267 2.877 10.861 
180423225009 0.841 15.342 38.147 10.608 8.268 2.695 10.836 
180423230509 0.835 15.341 38.145 10.614 8.271 2.915 10.852 
180423232009 0.852 15.335 38.145 10.619 8.271 2.923 10.857 
180423233509 0.854 15.325 38.150 10.627 8.270 2.816 10.860 
180423235009 0.835 15.286 38.149 10.647 8.272 2.687 10.836 
190423000509 0.831 15.250 38.143 10.664 8.274 2.285 10.851 
190423002009 0.837 15.251 38.137 10.668 8.273 2.854 10.857 
190423003509 0.835 15.239 38.135 10.673 8.273 2.642 10.860 
190423005009 0.858 15.189 38.146 10.694 8.273 2.285 10.831 
190423010509 0.853 15.181 38.136 10.704 8.275 2.065 10.849 
190423012009 0.845 15.138 38.138 10.718 8.276 2.262 10.855 
190423013509 0.851 15.145 38.135 10.718 8.274 2.422 10.858 
190423015009 0.849 15.129 38.139 10.721 8.275 1.936 10.831 
190423020509 0.830 15.113 38.145 10.724 8.273 2.437 10.848 
190423022009 0.833 15.108 38.143 10.723 8.272 2.718 10.855 
190423023509 0.855 15.089 38.146 10.725 8.272 3.090 10.858 
190423025009 0.845 15.089 38.137 10.727 8.270 2.945 10.833 
190423030509 0.843 15.089 38.142 10.723 8.269 2.566 10.849 
190423032009 0.840 15.075 38.151 10.730 8.271 2.581 10.855 
190423033509 0.843 15.087 38.140 10.723 8.269 3.181 10.857 
190423035009 0.847 15.062 38.138 10.727 8.271 2.452 10.833 
190423040509 0.801 15.083 38.142 10.715 8.268 2.665 10.849 
190423042009 0.857 15.090 38.149 10.704 8.269 2.854 10.854 
190423043509 0.816 15.080 38.146 10.706 8.269 2.368 10.858 
190423045009 0.858 15.061 38.144 10.708 8.268 2.892 10.829 
190423050509 0.858 15.077 38.147 10.695 8.269 2.953 10.847 
190423052009 0.828 15.077 38.146 10.688 8.269 2.961 10.853 
190423053509 0.836 15.083 38.143 10.677 8.268 3.682 10.857 
190423055009 0.829 15.077 38.154 10.671 8.269 3.021 10.824 
190423060509 0.833 15.086 38.146 10.663 8.269 2.703 10.844 
190423062009 0.846 15.079 38.140 10.659 8.268 2.528 10.852 
190423063509 0.843 15.080 38.139 10.652 8.268 2.224 10.856 
190423065009 0.850 15.084 38.141 10.643 8.267 1.966 10.833 
190423070509 0.839 15.082 38.142 10.635 8.266 1.366 10.848 
190423072009 0.849 15.082 38.146 10.626 8.265 1.359 10.854 
190423073509 0.838 15.088 38.138 10.614 8.264 1.086 10.857 
190423075009 0.840 15.094 38.142 10.605 8.263 0.683 10.833 
190423080509 0.820 15.102 38.140 10.598 8.262 1.048 10.848 
190423082009 0.825 15.119 38.144 10.590 8.261 0.729 10.854 
190423083509 0.833 15.121 38.148 10.585 8.261 0.607 10.857 
190423085009 0.849 15.157 38.132 10.577 8.260 0.258 10.829 
190423090509 0.846 15.175 38.141 10.567 8.259 0.061 10.846 
190423092009 0.841 15.173 38.142 10.564 8.259 0.691 10.854 
190423093509 0.816 15.162 38.143 10.562 8.258 0.213 10.857 
190423095009 0.837 15.182 38.147 10.556 8.258 0.645 10.825 
190423100509 0.841 15.385 38.117 10.497 8.257 0.592 10.845 
190423102009 0.841 15.335 38.126 10.516 8.257 0.387 10.853 
190423103509 0.826 15.471 38.157 10.464 8.255 0.562 10.857 
190423105009 0.830 15.555 38.126 10.440 8.255 0.539 10.835 
