SAMBAT Sea Ti  C/T/D/Odo/Fluo/pH GPS : 50195 
V:0,Pression (0/50),dba
V:1,Température (-5/35),°C
V:2,Salinité (2/42),g/l
V:3,Oxygène (0/20),mgl
V:4,PH (0/14),pH
V:5,Fluorescence (0/500),ppb
V:6,Tension batterie,V
220423105942 0.831 16.287 38.081 10.669 8.296 0.903 10.734 
220423111441 0.826 16.310 38.088 10.682 8.291 1.245 10.819 
220423112941 0.824 16.306 38.115 10.699 8.285 1.010 10.847 
220423114441 0.809 16.514 38.094 10.644 8.285 0.964 10.827 
220423115941 0.817 16.319 38.118 10.716 8.279 1.040 10.852 
220423121441 0.832 16.604 38.148 10.629 8.280 0.941 10.862 
220423122941 0.822 16.780 38.107 10.598 8.291 1.442 10.866 
220423124441 0.860 16.802 38.085 10.601 8.302 1.495 10.822 
220423125941 0.831 16.855 38.072 10.610 8.310 1.754 10.853 
220423131441 0.805 16.852 38.096 10.630 8.315 1.533 10.864 
220423132941 0.808 16.781 38.121 10.663 8.312 1.283 10.869 
220423134441 0.812 16.800 38.111 10.685 8.321 1.344 10.836 
220423135941 0.834 16.697 38.092 10.749 8.315 1.002 10.860 
220423141441 0.839 16.737 38.107 10.756 8.316 1.374 10.868 
220423142941 0.849 16.889 38.084 10.753 8.318 1.002 10.871 
220423144441 0.824 17.125 38.115 10.772 8.321 1.480 10.836 
220423145941 0.813 17.001 38.112 10.797 8.321 1.526 10.860 
220423151441 0.803 16.701 38.120 10.856 8.320 0.721 10.868 
220423152941 0.798 17.007 38.112 10.839 8.318 1.199 10.872 
220423154441 0.799 17.053 38.075 10.855 8.316 0.676 10.826 
220423155941 0.807 17.019 38.132 10.870 8.312 2.148 10.856 
220423161441 0.816 16.973 38.087 10.890 8.318 2.088 10.867 
220423162941 0.815 17.066 38.086 10.906 8.319 2.239 10.871 
220423164441 0.782 17.048 38.081 10.927 8.318 2.763 10.838 
220423165941 0.808 17.033 38.096 10.946 8.319 2.786 10.862 
220423171441 0.838 16.780 38.074 10.989 8.315 2.353 10.869 
220423172941 0.806 16.769 38.100 11.015 8.316 2.179 10.873 
220423174441 0.814 16.792 38.092 11.036 8.314 3.021 10.834 
220423175941 0.811 16.720 38.053 11.077 8.312 2.862 10.860 
220423181441 0.812 16.775 38.055 11.088 8.313 2.581 10.868 
220423182941 0.798 16.657 38.057 11.141 8.312 2.619 10.871 
220423184441 0.791 16.643 38.074 11.158 8.313 2.657 10.825 
220423185941 0.828 16.657 38.059 11.165 8.313 2.733 10.855 
220423191441 0.789 16.643 38.061 11.171 8.313 3.074 10.864 
220423192941 0.809 16.575 38.023 11.194 8.313 3.014 10.869 
220423194441 0.831 16.616 38.008 11.185 8.312 2.938 10.836 
220423195941 0.803 16.619 38.067 11.162 8.311 2.611 10.858 
220423201441 0.811 16.627 38.072 11.155 8.311 2.611 10.866 
220423202941 0.831 16.632 38.078 11.145 8.312 3.401 10.869 
220423204441 0.814 16.651 38.065 11.135 8.312 3.173 10.835 
220423205941 0.795 16.678 38.063 11.118 8.312 3.097 10.858 
220423211441 0.825 16.674 38.058 11.109 8.312 2.892 10.866 
220423212941 0.811 16.671 38.061 11.100 8.313 3.469 10.869 
220423214441 0.828 16.663 38.068 11.093 8.313 3.257 10.823 
220423215941 0.809 16.626 38.065 11.091 8.313 2.596 10.853 
220423221441 0.819 16.586 38.069 11.100 8.312 3.287 10.863 
220423222941 0.806 16.643 38.070 11.071 8.312 3.568 10.868 
220423224441 0.819 16.654 38.069 11.056 8.306 2.771 10.835 
220423225941 0.829 16.693 38.071 11.031 8.308 3.249 10.857 
220423231441 0.829 16.715 38.069 11.007 8.305 2.953 10.865 
220423232941 0.807 16.724 38.072 10.990 8.305 2.824 10.869 
220423234441 0.821 16.609 38.065 11.004 8.296 3.325 10.833 
220423235941 0.815 16.405 38.064 11.040 8.279 3.530 10.857 
230423001441 0.828 16.339 38.067 11.037 8.275 2.892 10.865 
230423002941 0.816 16.218 38.061 11.036 8.261 2.870 10.868 
230423004441 0.827 16.169 38.055 11.013 8.254 3.234 10.821 
230423005941 0.810 16.085 38.053 10.992 8.248 2.854 10.850 
230423011441 0.807 16.065 38.052 10.956 8.248 3.037 10.861 
230423012941 0.810 16.050 38.052 10.917 8.247 3.067 10.864 
230423014441 0.822 16.028 38.050 10.879 8.248 2.718 10.831 
230423015941 0.822 16.058 38.052 10.826 8.248 3.355 10.853 
230423021441 0.815 16.099 38.050 10.770 8.249 3.386 10.861 
230423022941 0.800 16.160 38.056 10.712 8.249 3.120 10.865 
230423024441 0.818 16.196 38.057 10.658 8.250 4.046 10.831 
230423025941 0.813 16.204 38.052 10.617 8.251 3.560 10.853 
230423031441 0.824 16.194 38.046 10.580 8.250 4.289 10.861 
230423032941 0.802 16.208 38.061 10.536 8.249 3.826 10.865 
230423034441 0.799 16.212 38.064 10.495 8.248 3.371 10.818 
230423035941 0.831 16.198 38.069 10.459 8.248 3.697 10.848 
230423041441 0.818 16.211 38.063 10.416 8.247 3.538 10.858 
230423042941 0.814 16.212 38.053 10.379 8.247 3.606 10.863 
230423044441 0.818 16.206 38.065 10.342 8.247 3.272 10.830 
230423045941 0.808 16.194 38.058 10.310 8.243 3.621 10.853 
230423051441 0.804 16.202 38.061 10.273 8.247 3.689 10.861 
230423052941 0.811 16.193 38.058 10.243 8.247 4.699 10.865 
230423054441 0.795 16.166 38.067 10.221 8.248 3.705 10.824 
230423055941 0.806 16.161 38.076 10.195 8.247 4.228 10.851 
230423061441 0.802 16.175 38.065 10.175 8.244 4.152 10.860 
230423062941 0.808 16.216 38.065 10.148 8.246 4.175 10.864 
230423064441 0.820 16.253 38.066 10.131 8.245 4.676 10.830 
230423065941 0.810 16.236 38.077 10.134 8.245 4.942 10.853 
230423071441 0.812 16.264 38.074 10.128 8.245 3.629 10.861 
230423072941 0.810 16.265 38.077 10.128 8.245 3.970 10.865 
230423074441 0.805 16.240 38.069 10.136 8.245 2.710 10.819 
230423075941 0.807 16.222 38.066 10.143 8.245 2.566 10.848 
230423081441 0.797 16.279 38.074 10.127 8.244 2.733 10.859 
230423082941 0.819 16.280 38.072 10.127 8.243 2.498 10.863 
230423084441 0.810 16.327 38.076 10.110 8.243 2.573 10.830 
230423085941 0.787 16.316 38.073 10.112 8.241 1.890 10.853 
230423091441 0.812 16.315 38.043 10.121 8.241 1.336 10.862 
230423092941 0.809 16.339 38.061 10.111 8.241 0.850 10.865 
230423094441 0.793 16.301 38.065 10.120 8.241 1.397 10.832 
230423095941 0.809 16.292 38.067 10.121 8.241 1.116 10.854 
230423101441 0.812 16.385 38.076 10.101 8.239 1.716 10.862 
230423102941 0.783 16.392 38.072 10.094 8.240 1.306 10.866 
230423104441 0.830 16.369 38.070 10.107 8.241 1.473 10.820 
230423105941 0.799 16.405 38.071 10.098 8.240 1.382 10.850 
