SAMBAT Sea Ti  C/T/D/Odo/Fluo/pH GPS : 50195 
V:0,Pression (0/50),dba
V:1,Température (-5/35),°C
V:2,Salinité (2/42),g/l
V:3,Oxygène (0/20),mgl
V:4,PH (0/14),pH
V:5,Fluorescence (0/500),ppb
V:6,Tension batterie,V
060623124859 0.854 21.614 38.187 9.552 8.287 0.585 10.793 
060623130358 0.817 21.546 38.167 9.589 8.287 0.827 10.892 
060623131858 0.823 21.509 38.166 9.587 8.287 1.010 10.916 
060623133358 0.841 21.595 38.192 9.564 8.286 0.911 10.923 
060623134858 0.867 21.580 38.180 9.573 8.286 0.911 10.903 
060623140358 0.804 21.648 38.194 9.558 8.286 0.767 10.920 
060623141858 0.867 21.688 38.190 9.551 8.285 0.698 10.925 
060623143358 0.837 21.695 38.193 9.552 8.285 0.433 10.927 
060623144858 0.831 21.655 38.194 9.565 8.285 0.797 10.902 
060623150358 0.809 21.725 38.205 9.548 8.285 0.919 10.922 
060623151858 0.823 21.810 38.204 9.538 8.284 0.554 10.922 
060623153358 0.804 21.855 38.191 9.527 8.284 0.607 10.927 
060623154858 0.798 21.865 38.197 9.516 8.283 0.987 10.899 
060623160358 0.778 21.854 38.195 9.521 8.282 0.850 10.921 
060623161858 0.809 21.909 38.204 9.498 8.282 1.002 10.923 
060623163358 0.788 21.896 38.192 9.499 8.279 0.805 10.927 
060623164858 0.773 21.879 38.197 9.498 8.278 0.759 10.908 
060623170358 0.842 21.857 38.188 9.503 8.278 0.911 10.924 
060623171858 0.817 21.867 38.189 9.493 8.278 0.850 10.924 
060623173358 0.840 21.831 38.193 9.499 8.278 1.040 10.928 
060623174858 0.795 21.810 38.191 9.500 8.279 0.949 10.907 
060623180358 0.824 21.719 38.190 9.522 8.280 1.222 10.924 
060623181858 0.867 21.703 38.206 9.519 8.279 1.306 10.927 
060623183358 0.709 21.601 38.190 9.541 8.279 1.207 10.928 
060623184858 0.832 21.561 38.191 9.539 8.277 1.351 10.903 
060623190358 0.791 21.498 38.187 9.548 8.277 1.754 10.919 
060623191858 0.805 21.459 38.191 9.542 8.278 1.291 10.921 
060623193358 0.860 21.465 38.188 9.535 8.277 1.253 10.923 
060623194858 0.853 21.474 38.190 9.530 8.277 1.101 10.897 
060623200358 0.856 21.444 38.188 9.536 8.277 1.199 10.920 
060623201858 0.852 21.395 38.178 9.545 8.278 1.321 10.925 
060623203358 0.827 21.363 38.189 9.549 8.279 1.184 10.922 
060623204858 0.857 21.330 38.187 9.559 8.279 1.298 10.904 
060623210358 0.859 21.330 38.192 9.556 8.279 1.480 10.921 
060623211858 0.830 21.313 38.191 9.554 8.279 1.397 10.922 
060623213358 0.848 21.300 38.191 9.552 8.279 1.503 10.921 
060623214858 0.853 21.267 38.191 9.557 8.280 1.427 10.903 
060623220358 0.842 21.240 38.189 9.560 8.281 1.116 10.918 
060623221858 0.835 21.194 38.192 9.570 8.281 1.313 10.924 
060623223358 0.842 21.128 38.191 9.583 8.281 1.328 10.923 
060623224858 0.845 21.058 38.192 9.596 8.280 1.215 10.897 
060623230358 0.839 20.987 38.192 9.601 8.279 1.253 10.914 
060623231858 0.850 20.867 38.196 9.621 8.277 1.260 10.921 
060623233358 0.854 20.811 38.195 9.614 8.276 1.640 10.923 
060623234858 0.834 20.750 38.192 9.607 8.277 1.541 10.902 
070623000358 0.848 20.714 38.193 9.585 8.278 1.192 10.914 
070623001858 0.843 20.665 38.196 9.562 8.279 1.283 10.917 
070623003358 0.843 20.609 38.192 9.555 8.279 1.275 10.921 
070623004858 0.852 20.562 38.190 9.549 8.279 1.306 10.899 
070623010358 0.849 20.508 38.191 9.527 8.278 1.283 10.912 
070623011858 0.846 20.451 38.191 9.526 8.277 1.420 10.919 
070623013358 0.840 20.391 38.196 9.530 8.274 1.382 10.920 
070623014858 0.840 20.402 38.194 9.515 8.275 1.336 10.888 
070623020358 0.851 20.397 38.194 9.491 8.276 0.964 10.910 
070623021858 0.843 20.375 38.193 9.485 8.277 1.298 10.917 
070623023358 0.848 20.369 38.189 9.474 8.277 1.124 10.919 
070623024858 0.846 20.385 38.195 9.459 8.278 1.177 10.896 
070623030358 0.842 20.409 38.196 9.445 8.278 1.291 10.913 
070623031858 0.841 20.400 38.196 9.437 8.279 1.291 10.918 
070623033358 0.842 20.420 38.198 9.410 8.279 1.086 10.915 
070623034858 0.833 20.423 38.195 9.407 8.279 1.078 10.894 
070623040358 0.846 20.406 38.196 9.409 8.279 1.192 10.913 
070623041858 0.844 20.397 38.196 9.398 8.280 1.161 10.913 
070623043358 0.858 20.372 38.196 9.393 8.280 1.374 10.916 
070623044858 0.843 20.416 38.200 9.376 8.284 0.926 10.895 
070623050358 0.836 20.494 38.205 9.357 8.284 1.237 10.913 
070623051858 0.851 20.619 38.209 9.344 8.283 1.070 10.917 
070623053358 0.846 20.674 38.210 9.341 8.283 1.237 10.919 
070623054858 0.832 20.723 38.212 9.338 8.282 0.972 10.886 
070623060358 0.844 20.775 38.207 9.340 8.282 1.784 10.910 
070623061858 0.821 20.811 38.208 9.347 8.281 0.941 10.915 
070623063358 0.829 20.830 38.209 9.350 8.279 1.040 10.919 
070623064858 0.843 20.832 38.213 9.351 8.275 0.653 10.897 
070623070358 0.843 20.840 38.215 9.353 8.275 1.124 10.914 
070623071858 0.828 20.849 38.218 9.355 8.273 0.562 10.919 
070623073358 0.846 20.838 38.218 9.358 8.272 0.524 10.920 
070623074858 0.844 20.814 38.213 9.359 8.271 0.478 10.898 
070623080358 0.837 20.839 38.215 9.360 8.270 0.577 10.915 
070623081858 0.855 20.868 38.208 9.365 8.268 0.698 10.915 
070623083358 0.837 20.879 38.207 9.367 8.268 0.509 10.920 
070623084858 0.846 20.893 38.210 9.368 8.267 0.296 10.889 
070623090358 0.841 20.890 38.212 9.373 8.267 0.311 10.909 
070623091858 0.832 20.913 38.207 9.372 8.266 0.387 10.918 
070623093358 0.848 21.015 38.197 9.347 8.266 0.311 10.920 
070623094858 0.858 21.178 38.205 9.308 8.265 0.630 10.898 
070623100358 0.805 21.188 38.221 9.312 8.263 0.721 10.912 
070623101858 0.854 21.241 38.205 9.307 8.263 0.281 10.918 
070623103358 0.838 21.267 38.211 9.294 8.262 0.486 10.917 
070623104858 0.858 21.274 38.205 9.293 8.262 0.425 10.891 
070623110358 0.859 21.263 38.197 9.306 8.262 0.622 10.911 
070623111858 0.836 21.267 38.197 9.304 8.262 0.167 10.919 
070623113358 0.753 21.346 38.191 9.295 8.261 0.296 10.918 
070623114858 0.803 21.339 38.197 9.297 8.261 0.349 10.900 
070623120358 0.807 21.389 38.197 9.290 8.260 0.463 10.914 
070623121858 0.779 21.447 38.199 9.282 8.260 0.190 10.921 
070623123358 0.809 21.500 38.211 9.265 8.259 0.387 10.923 
070623124858 0.851 21.585 38.196 9.244 8.258 0.311 10.904 
