SAMBAT Sea Ti  C/T/D/Odo/Fluo/pH GPS : 50195 
V:0,Pression (0/50),dba
V:1,Température (-5/35),°C
V:2,Salinité (2/42),g/l
V:3,Oxygène (0/20),mgl
V:4,PH (0/14),pH
V:5,Fluorescence (0/500),ppb
V:6,Tension batterie,V
200323093944 0.889 14.381 38.052 10.514 8.198 5.944 10.711 
200323095443 0.903 14.384 38.063 10.513 8.199 4.760 10.784 
200323100943 0.870 14.397 38.078 10.507 8.198 3.811 10.813 
200323102443 0.876 14.368 37.929 10.518 8.200 2.209 10.831 
200323103943 0.904 14.372 37.966 10.515 8.200 1.974 10.783 
200323105443 0.872 14.365 38.020 10.515 8.201 4.107 10.818 
200323110943 0.882 14.365 37.991 10.514 8.200 4.972 10.833 
200323112443 0.887 14.392 38.036 10.508 8.200 4.745 10.841 
200323113943 0.858 14.446 38.039 10.486 8.199 1.685 10.800 
200323115443 0.874 14.482 38.036 10.480 8.198 1.480 10.829 
200323120943 0.859 14.504 38.014 10.478 8.198 1.473 10.836 
200323122443 0.884 14.520 37.991 10.478 8.198 1.359 10.844 
200323123943 0.878 14.542 37.987 10.472 8.198 1.564 10.805 
200323125443 0.852 14.563 37.998 10.464 8.198 1.199 10.831 
200323130943 0.862 14.587 38.052 10.461 8.198 1.488 10.842 
200323132443 0.849 14.588 38.049 10.463 8.198 1.169 10.847 
200323133943 0.868 14.622 38.040 10.457 8.198 1.253 10.792 
200323135443 0.874 14.644 38.097 10.465 8.198 2.042 10.821 
200323140943 0.870 14.670 38.090 10.456 8.198 1.222 10.839 
200323142443 0.852 14.680 38.097 10.456 8.198 1.253 10.846 
200323143943 0.858 14.676 38.090 10.471 8.198 1.450 10.802 
200323145443 0.881 14.651 38.093 10.483 8.198 1.556 10.831 
200323150943 0.885 14.649 38.091 10.483 8.198 1.146 10.842 
200323152443 0.849 14.654 38.102 10.490 8.198 1.207 10.848 
200323153943 0.862 14.669 38.099 10.492 8.198 1.556 10.805 
200323155443 0.864 14.702 38.082 10.488 8.198 1.002 10.833 
200323160943 0.875 14.735 38.074 10.484 8.198 1.253 10.844 
200323162443 0.854 14.761 38.068 10.468 8.198 1.306 10.849 
200323163943 0.850 14.880 37.994 10.458 8.198 2.088 10.792 
200323165443 0.881 14.813 38.043 10.467 8.199 2.293 10.827 
200323170943 0.857 14.976 37.862 10.424 8.199 3.613 10.841 
200323172443 0.877 14.871 37.984 10.459 8.198 4.168 10.848 
200323173943 0.847 14.993 37.876 10.420 8.199 5.868 10.808 
200323175443 0.866 15.131 37.825 10.389 8.198 6.787 10.834 
200323180943 0.862 15.023 37.909 10.407 8.198 6.680 10.845 
200323182443 0.856 15.031 37.896 10.424 8.198 8.047 10.850 
200323183943 0.861 14.993 37.888 10.438 8.198 7.986 10.809 
200323185443 0.892 14.964 37.917 10.449 8.198 6.642 10.835 
200323190943 0.853 14.955 37.942 10.454 8.198 8.965 10.845 
200323192443 0.855 14.985 37.914 10.443 8.198 7.326 10.850 
200323193943 0.881 14.981 37.887 10.450 8.198 7.652 10.795 
200323195443 0.867 14.925 37.837 10.467 8.199 8.381 10.828 
200323200943 0.854 14.876 37.854 10.478 8.199 8.981 10.842 
200323202443 0.869 14.833 37.805 10.494 8.200 7.493 10.848 
200323203943 0.879 14.787 37.697 10.512 8.201 8.525 10.807 
200323205443 0.884 14.813 37.722 10.509 8.201 8.548 10.833 
200323210943 0.874 14.858 37.677 10.491 8.202 7.963 10.844 
200323212443 0.882 14.885 37.701 10.489 8.201 9.269 10.849 
200323213943 0.874 14.889 37.716 10.490 8.201 7.493 10.807 
200323215443 0.853 14.882 37.764 10.493 8.201 7.781 10.833 
200323220943 0.864 14.889 37.756 10.493 8.201 7.371 10.844 
200323222443 0.899 14.917 37.798 10.491 8.202 7.766 10.849 
200323223943 0.862 14.791 37.766 10.534 8.212 5.853 10.793 
200323225443 0.899 14.614 37.786 10.606 8.221 5.284 10.827 
200323230943 0.897 14.488 37.868 10.658 8.222 7.303 10.840 
200323232443 0.877 14.501 37.825 10.670 8.234 5.656 10.846 
200323233943 0.870 14.563 37.688 10.669 8.235 6.612 10.805 
200323235443 0.863 14.628 37.483 10.667 8.236 5.952 10.832 
210323000943 0.904 14.595 37.569 10.693 8.234 5.367 10.842 
210323002443 0.852 14.498 37.423 10.740 8.234 5.322 10.847 
210323003943 0.885 14.503 37.528 10.777 8.232 5.238 10.787 
210323005443 0.884 14.508 37.613 10.792 8.229 5.413 10.823 
210323010943 0.871 14.527 37.748 10.805 8.224 5.261 10.836 
210323012443 0.895 14.549 37.793 10.816 8.222 5.322 10.841 
210323013943 0.860 14.515 37.781 10.858 8.222 5.974 10.798 
210323015443 0.865 14.492 37.838 10.879 8.219 5.724 10.827 
210323020943 0.880 14.458 37.861 10.902 8.217 6.035 10.835 
210323022443 0.879 14.452 37.868 10.898 8.216 5.906 10.839 
210323023943 0.865 14.459 37.915 10.889 8.214 5.891 10.802 
210323025443 0.864 14.431 37.961 10.882 8.213 5.625 10.829 
210323030943 0.896 14.430 37.930 10.860 8.216 5.929 10.838 
210323032443 0.868 14.481 37.935 10.822 8.217 5.458 10.840 
210323033943 0.885 14.468 37.965 10.815 8.217 5.223 10.789 
210323035443 0.893 14.466 37.950 10.808 8.218 5.215 10.823 
210323040943 0.869 14.464 37.991 10.801 8.219 5.997 10.836 
210323042443 0.885 14.456 37.985 10.800 8.219 5.595 10.843 
210323043943 0.854 14.470 37.972 10.792 8.220 4.813 10.802 
210323045443 0.872 14.461 37.992 10.785 8.217 4.707 10.825 
210323050943 0.874 14.458 37.979 10.785 8.218 5.762 10.839 
210323052443 0.885 14.464 37.945 10.774 8.217 5.329 10.840 
210323053943 0.885 14.447 37.950 10.771 8.217 5.557 10.802 
210323055443 0.885 14.400 37.926 10.789 8.215 6.316 10.829 
210323060943 0.863 14.366 37.945 10.787 8.212 7.265 10.840 
210323062443 0.856 14.355 37.942 10.788 8.212 7.394 10.844 
210323063943 0.854 14.341 37.959 10.775 8.211 7.014 10.800 
210323065443 0.871 14.331 37.947 10.769 8.212 6.141 10.829 
210323070943 0.868 14.319 37.948 10.753 8.213 5.792 10.835 
210323072443 0.854 14.326 37.957 10.740 8.212 5.557 10.843 
210323073943 0.881 14.336 37.971 10.722 8.211 4.289 10.788 
210323075443 0.905 14.434 38.034 10.689 8.209 3.067 10.822 
210323080943 0.876 14.463 38.022 10.667 8.209 2.619 10.836 
210323082443 0.875 14.515 38.048 10.638 8.207 1.799 10.840 
210323083943 0.874 14.517 38.028 10.618 8.208 1.222 10.798 
210323085443 0.849 14.560 38.048 10.595 8.207 1.670 10.828 
210323090943 0.852 14.554 37.989 10.593 8.210 1.253 10.839 
210323092443 0.843 14.564 37.979 10.585 8.211 1.655 10.840 
210323093943 0.849 14.521 37.979 10.602 8.212 2.164 10.803 
