SAMBAT Sea Ti  C/T/D/Odo/Fluo/pH GPS : 50195 
V:0,Pression (0/50),dba
V:1,Température (-5/35),°C
V:2,Salinité (2/42),g/l
V:3,Oxygène (0/20),mgl
V:4,PH (0/14),pH
V:5,Fluorescence (0/500),ppb
V:6,Tension batterie,V
260423110902 0.801 16.225 37.747 10.689 8.290 0.554 10.737 
260423112401 0.829 16.386 37.738 10.648 8.287 0.395 10.821 
260423113901 0.835 16.204 37.745 10.700 8.288 0.326 10.792 
260423115401 0.811 16.205 37.742 10.703 8.286 0.395 10.840 
260423120901 0.837 16.168 37.735 10.715 8.286 0.349 10.857 
260423122401 0.837 16.379 37.723 10.650 8.287 0.645 10.865 
260423123901 0.815 16.354 37.742 10.662 8.285 0.372 10.813 
260423125401 0.793 16.555 37.720 10.598 8.285 0.539 10.852 
260423130901 0.827 16.783 37.733 10.530 8.285 0.949 10.864 
260423132401 0.801 16.620 37.719 10.585 8.283 0.653 10.870 
260423133901 0.810 16.911 37.760 10.505 8.283 0.478 10.814 
260423135401 0.831 16.744 37.741 10.535 8.280 0.668 10.855 
260423140901 0.820 16.858 37.719 10.505 8.281 0.478 10.867 
260423142401 0.797 16.871 37.731 10.504 8.280 0.676 10.872 
260423143901 0.752 16.859 37.511 10.501 8.280 0.342 10.804 
260423145401 0.819 16.667 37.675 10.550 8.279 0.903 10.851 
260423150901 0.783 16.635 37.613 10.557 8.279 0.486 10.866 
260423152401 0.808 16.698 37.722 10.543 8.278 0.812 10.871 
260423153901 0.809 16.940 37.712 10.497 8.276 0.820 10.817 
260423155401 0.799 17.231 37.713 10.475 8.270 1.222 10.857 
260423160901 0.734 17.384 37.519 10.416 8.262 1.670 10.869 
260423162401 0.801 17.480 37.512 10.377 8.253 1.936 10.875 
260423163901 0.820 17.558 37.655 10.366 8.251 1.898 10.819 
260423165401 0.830 17.465 37.659 10.378 8.246 2.422 10.860 
260423170901 0.766 17.182 37.632 10.438 8.252 2.733 10.871 
260423172401 0.823 17.276 37.623 10.428 8.248 2.247 10.876 
260423173901 0.777 17.017 37.650 10.418 8.245 3.241 10.808 
260423175401 0.760 17.254 37.510 10.398 8.237 4.828 10.855 
260423180901 0.799 17.248 37.575 10.375 8.236 5.382 10.870 
260423182401 0.822 17.296 37.604 10.353 8.236 5.921 10.875 
260423183901 0.823 17.072 37.678 10.365 8.238 4.653 10.821 
260423185401 0.830 17.336 37.616 10.321 8.238 7.660 10.860 
260423190901 0.809 17.045 37.653 10.341 8.239 7.318 10.871 
260423192401 0.830 17.356 37.648 10.290 8.245 4.130 10.875 
260423193901 0.831 16.946 37.668 10.318 8.239 6.407 10.820 
260423195401 0.859 17.242 37.664 10.298 8.246 4.691 10.859 
260423200901 0.812 17.296 37.575 10.267 8.246 4.365 10.871 
260423202401 0.822 17.160 37.688 10.280 8.245 4.494 10.875 
260423203901 0.811 17.087 37.692 10.274 8.254 2.862 10.806 
260423205401 0.814 17.050 37.397 10.266 8.255 2.763 10.854 
260423210901 0.823 16.831 37.444 10.266 8.257 2.460 10.868 
260423212401 0.823 16.735 37.610 10.275 8.262 2.543 10.873 
260423213901 0.804 16.645 37.598 10.296 8.264 2.050 10.818 
260423215401 0.825 16.642 37.565 10.288 8.270 2.300 10.856 
260423220901 0.833 16.602 37.658 10.291 8.270 2.232 10.868 
260423222401 0.842 16.601 37.611 10.296 8.275 2.467 10.872 
260423223901 0.830 16.656 37.615 10.285 8.276 2.976 10.817 
260423225401 0.823 16.662 37.573 10.288 8.277 2.209 10.855 
260423230901 0.842 16.631 37.548 10.297 8.277 1.913 10.866 
260423232401 0.832 16.602 37.791 10.313 8.284 2.490 10.871 
260423233901 0.814 16.392 37.756 10.393 8.290 1.913 10.802 
260423235401 0.840 16.203 37.735 10.453 8.290 2.247 10.848 
270423000901 0.845 16.174 37.768 10.474 8.282 2.657 10.862 
270423002401 0.812 16.071 37.755 10.513 8.280 1.579 10.867 
270423003901 0.860 16.011 37.517 10.532 8.280 1.602 10.812 
270423005401 0.838 15.993 37.691 10.538 8.279 1.617 10.850 
270423010901 0.866 16.011 37.699 10.540 8.278 1.890 10.862 
270423012401 0.820 15.987 37.709 10.547 8.279 1.807 10.866 
270423013901 0.840 15.976 37.709 10.551 8.279 2.308 10.797 
270423015401 0.860 15.975 37.701 10.556 8.280 1.883 10.843 
270423020901 0.833 15.977 37.709 10.556 8.280 2.141 10.858 
270423022401 0.827 15.946 37.712 10.570 8.281 1.921 10.864 
270423023901 0.842 15.954 37.708 10.568 8.282 1.989 10.811 
270423025401 0.845 15.929 37.703 10.579 8.282 1.898 10.848 
270423030901 0.842 15.930 37.702 10.578 8.281 1.723 10.860 
270423032401 0.861 15.944 37.707 10.576 8.281 2.186 10.864 
270423033901 0.856 15.936 37.772 10.577 8.282 1.738 10.809 
270423035401 0.852 15.919 37.820 10.579 8.281 1.587 10.847 
270423040901 0.856 15.916 37.811 10.577 8.281 1.495 10.859 
270423042401 0.836 15.891 37.813 10.583 8.280 1.746 10.864 
270423043901 0.829 15.908 37.810 10.574 8.279 2.164 10.795 
270423045401 0.861 15.916 37.817 10.565 8.279 2.528 10.842 
270423050901 0.846 15.901 37.813 10.561 8.278 2.573 10.856 
270423052401 0.856 15.980 37.812 10.529 8.280 2.907 10.862 
270423053901 0.833 16.048 37.818 10.504 8.277 2.376 10.809 
270423055401 0.836 16.040 37.817 10.494 8.277 2.050 10.847 
270423060901 0.832 16.038 37.812 10.482 8.271 3.196 10.859 
270423062401 0.833 16.029 37.823 10.476 8.271 3.029 10.864 
270423063901 0.830 16.027 37.833 10.471 8.267 2.353 10.809 
270423065401 0.826 16.020 37.819 10.468 8.270 1.708 10.848 
270423070901 0.849 16.030 37.813 10.460 8.267 2.110 10.860 
270423072401 0.857 16.038 37.812 10.453 8.267 1.465 10.865 
270423073901 0.860 16.087 37.818 10.432 8.269 0.767 10.797 
270423075401 0.852 16.095 37.819 10.424 8.267 1.291 10.843 
270423080901 0.865 16.085 37.812 10.422 8.266 0.979 10.858 
270423082401 0.856 16.108 37.811 10.412 8.263 1.017 10.864 
270423083901 0.830 16.140 37.816 10.398 8.264 0.084 10.796 
270423085401 0.857 16.159 37.811 10.390 8.263 0.949 10.843 
270423090901 0.837 16.277 37.808 10.346 8.261 0.805 10.858 
270423092401 0.834 16.244 37.806 10.347 8.261 0.850 10.864 
270423093901 0.852 16.214 37.812 10.352 8.259 0.774 10.811 
270423095401 0.850 16.373 37.809 10.300 8.257 0.425 10.849 
270423100901 0.852 16.466 37.814 10.268 8.256 0.774 10.862 
270423102401 0.852 16.387 37.764 10.291 8.255 0.820 10.867 
270423103901 0.843 16.591 37.828 10.221 8.253 0.949 10.812 
270423105401 0.854 16.588 37.776 10.260 8.253 0.782 10.851 
270423110901 0.836 16.573 37.814 10.210 8.252 0.812 10.863 
