SAMBAT Sea Ti  C/T/D/Odo/Fluo/pH GPS : 50195 
V:0,Pression (0/50),dba
V:1,Température (-5/35),°C
V:2,Salinité (2/42),g/l
V:3,Oxygène (0/20),mgl
V:4,PH (0/14),pH
V:5,Fluorescence (0/500),ppb
V:6,Tension batterie,V
110523114555 0.776 18.483 38.097 10.129 8.252 0.425 10.767 
110523120054 0.776 18.661 38.133 10.062 8.252 0.197 10.858 
110523121554 0.816 18.712 38.111 10.051 8.253 0.197 10.885 
110523123054 0.791 18.757 38.091 10.036 8.253 0.266 10.894 
110523124554 0.846 18.832 38.112 10.000 8.252 0.471 10.868 
110523130054 0.785 18.820 38.114 9.991 8.250 0.266 10.891 
110523131554 0.748 18.725 38.093 10.010 8.250 0.463 10.898 
110523133054 0.799 18.774 38.093 9.999 8.249 0.516 10.900 
110523134554 0.826 18.683 38.138 9.997 8.248 0.137 10.864 
110523140054 0.799 18.670 38.104 10.000 8.248 0.304 10.890 
110523141554 0.809 18.479 38.092 10.043 8.250 0.850 10.897 
110523143054 0.841 18.639 38.106 9.987 8.246 0.585 10.900 
110523144554 0.812 18.773 38.089 9.935 8.243 0.433 10.873 
110523150054 0.762 18.830 38.106 9.891 8.242 0.592 10.893 
110523151554 0.754 18.783 38.085 9.911 8.243 0.607 10.899 
110523153054 0.892 18.612 38.109 9.942 8.245 0.721 10.901 
110523154554 0.762 18.348 38.103 10.002 8.247 0.046 10.873 
110523160054 0.672 18.367 38.111 9.983 8.246 0.858 10.893 
110523161554 0.807 18.297 38.092 9.994 8.248 0.911 10.898 
110523163054 0.852 18.254 38.104 9.995 8.249 0.638 10.900 
110523164554 0.767 18.245 38.091 9.990 8.249 0.850 10.870 
110523170054 0.870 18.223 38.093 9.994 8.250 0.903 10.891 
110523171554 0.805 18.194 38.112 9.995 8.248 0.440 10.896 
110523173054 0.734 18.136 38.085 10.005 8.247 0.714 10.899 
110523174554 0.887 18.115 38.098 10.005 8.248 0.865 10.859 
110523180054 0.859 18.102 38.104 10.000 8.248 1.124 10.886 
110523181554 0.852 18.102 38.102 9.991 8.248 1.230 10.894 
110523183054 0.669 18.086 38.101 9.984 8.248 1.086 10.896 
110523184554 0.906 18.077 38.101 9.976 8.249 1.124 10.868 
110523190054 0.831 18.040 38.102 9.971 8.249 1.154 10.888 
110523191554 0.717 18.037 38.109 9.960 8.250 1.002 10.894 
110523193054 0.701 18.008 38.105 9.960 8.250 0.979 10.896 
110523194554 0.794 17.943 38.107 9.964 8.252 0.865 10.868 
110523200054 0.841 17.950 38.092 9.952 8.252 1.298 10.888 
110523201554 0.825 17.941 38.090 9.944 8.253 1.108 10.893 
110523203054 0.658 17.926 38.093 9.942 8.253 1.124 10.896 
110523204554 0.796 17.908 38.101 9.939 8.254 1.199 10.865 
110523210054 0.914 17.914 38.083 9.927 8.255 1.389 10.886 
110523211554 0.842 17.929 38.093 9.911 8.255 1.086 10.893 
110523213054 0.792 17.922 38.077 9.906 8.256 1.032 10.895 
110523214554 0.846 17.892 38.089 9.910 8.255 0.911 10.856 
110523220054 0.738 17.936 38.102 9.887 8.256 0.919 10.883 
110523221554 0.818 18.001 38.115 9.869 8.259 0.919 10.891 
110523223054 0.824 18.097 38.110 9.845 8.264 1.184 10.894 
110523224554 0.823 18.065 38.107 9.850 8.263 0.911 10.866 
110523230054 0.807 18.037 38.088 9.853 8.262 0.858 10.887 
110523231554 0.814 18.016 38.063 9.856 8.261 1.268 10.893 
110523233054 0.874 18.017 38.080 9.853 8.261 1.078 10.895 
110523234554 0.828 18.000 38.094 9.863 8.260 1.389 10.867 
120523000054 0.849 17.970 38.095 9.869 8.260 1.025 10.887 
120523001554 0.827 17.967 38.106 9.871 8.261 1.177 10.893 
120523003054 0.834 17.966 38.108 9.872 8.261 0.972 10.895 
120523004554 0.854 17.969 38.108 9.874 8.262 1.025 10.857 
120523010054 0.861 17.961 38.103 9.879 8.262 1.116 10.883 
120523011554 0.845 17.963 38.089 9.880 8.263 1.215 10.891 
120523013054 0.885 17.937 38.096 9.887 8.263 1.382 10.894 
120523014554 0.796 17.932 38.094 9.889 8.263 1.177 10.866 
120523020054 0.828 17.937 38.094 9.891 8.262 1.131 10.886 
120523021554 0.837 17.913 38.096 9.901 8.263 1.533 10.892 
120523023054 0.808 17.922 38.088 9.899 8.262 1.397 10.894 
120523024554 0.821 17.916 38.086 9.908 8.263 1.397 10.855 
120523030054 0.815 17.904 38.091 9.913 8.263 1.192 10.882 
120523031554 0.752 17.917 38.084 9.912 8.264 1.078 10.890 
120523033054 0.857 17.901 38.083 9.919 8.264 1.283 10.893 
120523034554 0.837 17.917 38.089 9.914 8.265 1.260 10.865 
120523040054 0.774 17.922 38.091 9.917 8.265 1.070 10.885 
120523041554 0.864 17.971 38.097 9.908 8.266 0.957 10.892 
120523043054 0.800 17.997 38.100 9.901 8.267 1.199 10.894 
120523044554 0.791 18.047 38.117 9.886 8.268 1.382 10.856 
120523050054 0.739 18.016 38.100 9.897 8.267 2.725 10.882 
120523051554 0.809 18.028 38.098 9.892 8.267 1.306 10.890 
120523053054 0.770 17.997 38.093 9.905 8.267 1.495 10.893 
120523054554 0.806 17.974 38.097 9.909 8.266 1.549 10.866 
120523060054 0.815 17.962 38.095 9.914 8.266 1.404 10.886 
120523061554 0.744 17.984 38.096 9.910 8.266 1.503 10.892 
120523063054 0.827 17.974 38.099 9.914 8.266 1.124 10.894 
120523064554 0.853 17.975 38.101 9.915 8.265 0.721 10.864 
120523070054 0.849 17.974 38.102 9.917 8.265 0.425 10.886 
120523071554 0.821 17.969 38.101 9.922 8.265 0.774 10.892 
120523073054 0.789 17.971 38.104 9.924 8.264 0.585 10.894 
120523074554 0.826 18.014 38.108 9.917 8.264 0.463 10.850 
120523080054 0.805 18.080 38.110 9.908 8.263 0.463 10.880 
120523081554 0.852 18.105 38.106 9.903 8.262 0.144 10.890 
120523083054 0.824 18.148 38.114 9.893 8.262 0.881 10.893 
120523084554 0.848 18.152 38.130 9.892 8.261 0.721 10.869 
120523090054 0.841 18.167 38.102 9.896 8.261 0.516 10.887 
120523091554 0.810 18.201 38.105 9.886 8.260 0.106 10.893 
120523093054 0.788 18.334 38.102 9.859 8.260 0.266 10.895 
120523094554 0.847 18.418 38.115 9.842 8.260 0.030 10.868 
120523100054 0.798 18.397 38.092 9.855 8.259 0.387 10.888 
120523101554 0.851 18.526 38.110 9.820 8.258 0.630 10.894 
120523103054 0.843 18.631 38.131 9.794 8.258 0.418 10.897 
120523104554 0.778 18.691 38.117 9.785 8.257 0.311 10.860 
120523110054 0.815 18.597 38.088 9.818 8.258 0.273 10.886 
120523111554 0.803 18.553 38.103 9.835 8.258 0.182 10.894 
120523113054 0.856 18.608 38.131 9.820 8.257 0.266 10.897 
120523114554 0.767 18.631 38.108 9.815 8.258 0.349 10.870 
