SAMBAT Sea Ti  C/T/D/Odo/Fluo/pH GPS : 50195 
V:0,Pression (0/50),dba
V:1,Température (-5/35),°C
V:2,Salinité (2/42),g/l
V:3,Oxygène (0/20),mgl
V:4,PH (0/14),pH
V:5,Fluorescence (0/500),ppb
V:6,Tension batterie,V
150723142645 0.796 28.014 39.067 7.823 8.251 1.237 10.854 
150723144144 0.745 28.010 39.019 7.819 8.251 1.055 10.912 
150723145644 0.792 28.160 39.035 7.790 8.250 1.359 10.960 
150723151144 0.788 28.221 39.079 7.773 8.249 0.926 10.963 
150723152644 0.731 28.221 39.104 7.772 8.248 1.199 10.965 
150723154144 0.744 28.300 39.072 7.756 8.247 1.344 10.919 
150723155644 0.762 28.374 38.990 7.740 8.244 1.404 10.962 
150723161144 0.752 28.377 39.057 7.734 8.247 1.488 10.965 
150723162644 0.760 28.398 39.134 7.734 8.244 1.587 10.966 
150723164144 0.757 28.324 39.067 7.747 8.245 1.420 10.925 
150723165644 0.778 28.434 39.071 7.723 8.244 2.255 10.964 
150723171144 0.744 28.413 39.086 7.729 8.245 1.533 10.966 
150723172644 0.761 28.437 39.110 7.722 8.245 1.533 10.966 
150723174144 0.755 28.403 39.037 7.729 8.245 1.609 10.915 
150723175644 0.742 28.326 39.084 7.739 8.244 1.867 10.964 
150723181144 0.736 28.296 39.123 7.751 8.244 1.837 10.966 
150723182644 0.755 28.336 39.093 7.744 8.244 1.693 10.966 
150723184144 0.787 28.219 39.071 7.769 8.243 1.905 10.899 
150723185644 0.719 27.948 39.062 7.821 8.241 1.943 10.962 
150723191144 0.758 27.966 39.075 7.818 8.247 2.088 10.965 
150723192644 0.753 27.982 39.078 7.820 8.246 1.655 10.966 
150723194144 0.753 27.902 39.075 7.839 8.247 2.004 10.919 
150723195644 0.748 27.825 39.099 7.841 8.246 2.095 10.962 
150723201144 0.727 27.778 39.048 7.843 8.247 1.845 10.965 
150723202644 0.769 27.728 39.066 7.846 8.248 1.784 10.965 
150723204144 0.767 27.696 39.056 7.848 8.248 1.845 10.917 
150723205644 0.755 27.652 39.067 7.851 8.249 1.792 10.962 
150723211144 0.754 27.572 39.067 7.854 8.250 1.822 10.964 
150723212644 0.794 27.501 39.075 7.872 8.248 1.594 10.964 
150723214144 0.784 27.433 39.018 7.886 8.250 1.647 10.891 
150723215644 0.731 27.400 39.052 7.891 8.250 2.118 10.958 
150723221144 0.771 27.314 39.063 7.906 8.249 1.769 10.962 
150723222644 0.752 27.369 39.066 7.896 8.253 1.761 10.963 
150723224144 0.804 27.359 39.076 7.897 8.253 1.875 10.914 
150723225644 0.744 27.328 39.085 7.905 8.253 4.023 10.959 
150723231144 0.773 27.346 39.096 7.901 8.253 1.943 10.962 
150723232644 0.789 27.376 39.105 7.892 8.255 1.883 10.962 
150723234144 0.700 27.417 39.086 7.885 8.256 1.921 10.913 
150723235644 0.762 27.453 39.095 7.877 8.257 2.034 10.959 
160723001144 0.764 27.456 39.084 7.874 8.256 1.700 10.962 
160723002644 0.744 27.448 39.052 7.877 8.256 1.746 10.962 
160723004144 0.790 27.410 39.095 7.880 8.255 1.830 10.894 
160723005644 0.797 27.382 39.040 7.882 8.255 1.943 10.958 
160723011144 0.766 27.374 39.069 7.883 8.255 1.435 10.962 
160723012644 0.807 27.366 39.101 7.882 8.256 1.830 10.962 
160723014144 0.782 27.364 39.115 7.881 8.256 2.277 10.914 
160723015644 0.804 27.327 39.097 7.888 8.255 1.655 10.959 
160723021144 0.780 27.318 39.024 7.889 8.255 1.845 10.962 
160723022644 0.776 27.304 39.046 7.891 8.255 1.830 10.962 
160723024144 0.765 27.287 39.034 7.891 8.255 1.625 10.892 
160723025644 0.767 27.276 39.078 7.891 8.255 1.579 10.957 
160723031144 0.787 27.261 39.099 7.892 8.255 1.830 10.961 
160723032644 0.752 27.250 39.079 7.895 8.255 1.860 10.961 
160723034144 0.759 27.232 39.099 7.895 8.255 2.012 10.915 
160723035644 0.743 27.238 39.094 7.893 8.255 1.845 10.958 
160723041144 0.782 27.234 39.120 7.892 8.256 1.966 10.961 
160723042644 0.768 27.221 39.135 7.893 8.256 2.072 10.961 
160723044144 0.756 27.216 39.112 7.893 8.255 1.845 10.913 
160723045644 0.765 27.199 39.105 7.895 8.256 1.921 10.958 
160723051144 0.770 27.194 39.119 7.894 8.256 1.928 10.961 
160723052644 0.786 27.180 39.110 7.897 8.255 2.057 10.961 
160723054144 0.766 27.185 39.116 7.896 8.255 1.974 10.888 
160723055644 0.770 27.168 39.123 7.896 8.255 1.830 10.956 
160723061144 0.775 27.183 39.046 7.892 8.255 1.959 10.960 
160723062644 0.762 27.183 39.141 7.892 8.255 1.670 10.961 
160723064144 0.772 27.190 39.151 7.890 8.256 1.662 10.912 
160723065644 0.780 27.190 39.176 7.889 8.256 1.640 10.957 
160723071144 0.791 27.198 39.143 7.885 8.256 1.708 10.960 
160723072644 0.759 27.203 39.164 7.883 8.255 1.374 10.961 
160723074144 0.758 27.216 39.167 7.880 8.255 1.632 10.912 
160723075644 0.777 27.237 39.168 7.878 8.255 1.382 10.957 
160723081144 0.771 27.255 39.162 7.874 8.255 1.344 10.960 
160723082644 0.770 27.292 39.169 7.866 8.254 1.253 10.961 
160723084144 0.781 27.294 39.118 7.866 8.254 1.139 10.912 
160723085644 0.785 27.330 39.159 7.858 8.256 1.389 10.958 
160723091144 0.731 27.358 39.136 7.858 8.255 1.161 10.961 
160723092644 0.780 27.379 39.132 7.851 8.254 1.260 10.961 
160723094144 0.806 27.395 39.094 7.848 8.254 1.321 10.889 
160723095644 0.787 27.400 39.122 7.849 8.255 1.154 10.956 
160723101144 0.787 27.460 39.158 7.836 8.255 0.896 10.960 
160723102644 0.777 27.531 39.170 7.828 8.256 1.101 10.961 
160723104144 0.768 27.593 39.189 7.819 8.255 1.230 10.914 
160723105644 0.809 27.632 39.152 7.820 8.253 1.268 10.959 
160723111144 0.770 27.685 39.172 7.820 8.254 1.055 10.961 
160723112644 0.790 27.713 39.154 7.821 8.253 1.040 10.962 
160723114144 0.806 27.715 39.211 7.820 8.253 1.215 10.913 
160723115644 0.796 27.780 39.163 7.819 8.253 0.987 10.959 
160723121144 0.781 27.881 39.140 7.819 8.253 1.055 10.962 
160723122644 0.747 28.032 39.186 7.784 8.253 0.979 10.963 
160723124144 0.771 28.097 39.128 7.774 8.252 1.344 10.915 
160723125644 0.750 28.093 39.181 7.776 8.246 1.344 10.961 
160723131144 0.795 28.429 39.240 7.710 8.247 1.154 10.963 
160723132644 0.789 28.228 39.192 7.756 8.247 1.237 10.964 
160723134144 0.778 28.065 39.273 7.767 8.247 1.199 10.893 
160723135644 0.800 28.139 39.116 7.756 8.250 1.230 10.960 
160723141144 0.788 28.481 39.157 7.712 8.253 1.321 10.964 
160723142644 0.752 28.444 39.249 7.714 8.250 1.245 10.965 
