SAMBAT Sea Ti  C/T/D/Odo/Fluo/pH GPS : 50195 
V:0,Pression (0/50),m
V:1,Température (-5/35),°C
V:2,Salinité (2/42),g/l
V:3,Oxygène (0/20),mgl
V:4,PH (0/14),pH
V:5,Fluorescence (0/50),µgl
V:6,Tension batterie,V
100123191451 0.972 15.726 37.331 9.393 8.339 0.388 10.720 
100123192950 1.081 15.718 37.376 9.394 8.339 0.487 10.808 
100123194450 1.030 15.721 37.307 9.393 8.339 0.424 10.834 
100123195950 0.981 15.725 37.251 9.392 8.339 0.395 10.797 
100123201450 0.902 15.720 37.246 9.391 8.340 0.476 10.833 
100123202950 0.982 15.719 37.306 9.391 8.340 0.369 10.844 
100123204450 0.991 15.725 37.335 9.386 8.340 0.386 10.850 
100123205950 1.008 15.699 37.268 9.392 8.340 0.482 10.798 
100123211450 1.022 15.669 37.348 9.396 8.340 0.359 10.834 
100123212950 1.066 15.649 37.365 9.403 8.340 0.407 10.846 
100123214450 0.970 15.638 37.412 9.407 8.340 0.452 10.851 
100123215950 0.968 15.644 37.402 9.413 8.340 0.425 10.780 
100123221450 1.091 15.667 37.411 9.413 8.341 0.441 10.828 
100123222950 1.035 15.671 37.489 9.414 8.341 0.471 10.843 
100123224450 1.012 15.659 37.427 9.418 8.342 0.493 10.850 
100123225950 1.058 15.671 37.436 9.417 8.342 0.444 10.801 
100123231450 1.044 15.687 37.407 9.415 8.342 0.416 10.835 
100123232950 1.032 15.674 37.362 9.418 8.342 0.403 10.846 
100123234450 1.042 15.694 37.356 9.415 8.342 0.438 10.852 
100123235950 1.000 15.692 37.386 9.415 8.343 0.449 10.801 
110123001450 0.939 15.696 37.425 9.408 8.343 0.370 10.835 
110123002950 1.119 15.681 37.399 9.410 8.344 0.450 10.847 
110123004450 1.040 15.680 37.382 9.404 8.344 0.560 10.852 
110123005950 0.996 15.687 37.304 9.401 8.344 0.409 10.799 
110123011450 0.972 15.686 37.400 9.392 8.344 0.396 10.835 
110123012950 0.958 15.684 37.582 9.390 8.344 0.434 10.846 
110123014450 1.075 15.686 37.348 9.383 8.344 0.374 10.852 
110123015950 1.041 15.687 37.401 9.381 8.345 0.449 10.780 
110123021450 1.025 15.664 37.313 9.389 8.345 0.439 10.828 
110123022950 1.038 15.651 37.371 9.387 8.345 0.420 10.844 
110123024450 0.925 15.636 37.374 9.386 8.346 0.437 10.850 
110123025950 1.054 15.655 37.362 9.378 8.346 0.376 10.801 
110123031450 0.914 15.649 37.379 9.379 8.346 0.357 10.835 
110123032950 0.936 15.671 37.381 9.374 8.346 0.426 10.846 
110123034450 0.999 15.666 37.362 9.378 8.346 0.439 10.852 
110123035950 0.890 15.668 37.357 9.377 8.346 0.337 10.797 
110123041450 1.094 15.672 37.355 9.376 8.346 0.399 10.834 
110123042950 0.979 15.638 37.312 9.392 8.347 0.467 10.846 
110123044450 0.994 15.671 37.393 9.372 8.347 0.826 10.851 
110123045950 0.933 15.660 37.318 9.374 8.347 0.423 10.779 
110123051450 0.987 15.665 37.291 9.374 8.347 0.509 10.828 
110123052950 0.907 15.657 37.314 9.374 8.347 0.794 10.843 
110123054450 0.990 15.673 37.400 9.369 8.347 0.487 10.850 
110123055950 0.978 15.666 37.330 9.370 8.347 0.375 10.801 
110123061450 0.948 15.671 37.349 9.366 8.348 0.401 10.835 
110123062950 1.017 15.666 37.354 9.365 8.348 0.507 10.846 
110123064450 0.962 15.643 37.360 9.371 8.348 0.387 10.851 
110123065950 1.001 15.635 37.332 9.369 8.348 0.349 10.801 
110123071450 0.988 15.649 37.317 9.368 8.348 0.374 10.835 
110123072950 1.027 15.650 37.307 9.365 8.349 0.411 10.846 
110123074450 1.009 15.638 37.300 9.365 8.349 0.489 10.851 
110123075950 0.993 15.645 37.319 9.364 8.349 0.469 10.779 
110123081450 1.016 15.642 37.318 9.366 8.349 0.423 10.828 
110123082950 0.896 15.656 37.289 9.364 8.349 0.447 10.843 
110123084450 0.970 15.653 37.339 9.369 8.349 0.366 10.850 
110123085950 0.992 15.643 37.349 9.371 8.349 0.441 10.779 
110123091450 0.981 15.633 37.341 9.371 8.349 0.426 10.828 
110123092950 0.955 15.619 37.283 9.382 8.349 0.496 10.843 
110123094450 0.937 15.632 37.264 9.384 8.349 0.349 10.850 
110123095950 0.957 15.641 37.275 9.380 8.349 0.349 10.800 
110123101450 1.007 15.638 37.308 9.384 8.349 0.316 10.834 
110123102950 1.010 15.650 37.323 9.385 8.349 0.193 10.846 
110123104450 0.924 15.648 37.357 9.383 8.349 0.235 10.851 
110123105950 0.971 15.633 37.352 9.387 8.348 0.172 10.800 
110123111450 0.956 15.652 37.279 9.387 8.347 0.234 10.835 
110123112950 0.940 15.645 37.330 9.392 8.346 0.177 10.846 
110123114450 1.007 15.665 37.337 9.387 8.346 0.163 10.851 
110123115950 1.010 15.669 37.304 9.392 8.345 0.141 10.779 
110123121450 0.995 15.664 37.261 9.393 8.345 0.183 10.828 
110123122950 0.940 15.676 37.268 9.394 8.345 0.161 10.843 
110123124450 1.039 15.676 37.114 9.398 8.344 0.120 10.849 
110123125950 0.932 15.679 37.346 9.401 8.344 0.127 10.801 
110123131450 1.019 15.686 37.310 9.404 8.344 0.130 10.835 
110123132950 1.014 15.693 37.369 9.401 8.343 0.143 10.846 
110123134450 0.952 15.701 37.330 9.401 8.342 0.129 10.851 
110123135950 1.010 15.703 37.339 9.405 8.342 0.147 10.799 
110123141450 0.973 15.728 37.343 9.405 8.342 0.144 10.834 
110123142950 0.930 15.717 37.316 9.409 8.341 0.121 10.846 
110123144450 0.967 15.730 37.330 9.407 8.340 0.098 10.852 
110123145950 0.976 15.712 37.321 9.414 8.341 0.151 10.779 
110123151450 0.958 15.713 37.339 9.413 8.340 0.129 10.828 
110123152950 1.035 15.719 37.248 9.413 8.339 0.140 10.843 
110123154450 1.036 15.716 37.311 9.413 8.340 0.164 10.850 
110123155950 0.886 15.718 37.325 9.412 8.340 0.148 10.801 
110123161450 0.949 15.713 37.323 9.411 8.339 0.166 10.835 
110123162950 1.083 15.720 37.294 9.404 8.339 0.169 10.847 
110123164450 0.975 15.728 37.266 9.399 8.339 0.260 10.852 
110123165950 0.890 15.705 37.367 9.405 8.339 0.363 10.780 
110123171450 0.866 15.701 37.144 9.400 8.340 0.415 10.829 
110123172950 1.005 15.702 37.236 9.400 8.340 0.359 10.844 
110123174450 1.004 15.695 37.252 9.401 8.340 0.426 10.850 
110123175950 0.951 15.694 37.284 9.396 8.340 0.450 10.802 
110123181450 0.809 15.692 37.248 9.393 8.340 0.418 10.835 
110123182950 0.936 15.687 37.495 9.391 8.340 0.466 10.846 
110123184450 0.990 15.676 37.230 9.388 8.339 0.392 10.851 
110123185950 0.934 15.667 37.255 9.390 8.340 0.398 10.801 
110123191450 0.955 15.684 37.233 9.383 8.340 0.434 10.835 
