SAMBAT Sea Ti  C/T/D/Odo/Fluo/pH GPS : 50195 
V:0,Pression (0/50),dba
V:1,Température (-5/35),°C
V:2,Salinité (2/42),g/l
V:3,Oxygène (0/20),mgl
V:4,PH (0/14),pH
V:5,Fluorescence (0/500),ppb
V:6,Tension batterie,V
260323095422 0.828 14.821 38.147 10.647 8.227 1.518 10.719 
260323100921 0.805 14.836 38.135 10.654 8.226 1.397 10.797 
260323102421 0.713 14.850 38.145 10.654 8.226 1.093 10.825 
260323103921 0.733 14.935 38.168 10.629 8.225 0.865 10.787 
260323105421 0.790 14.804 38.130 10.687 8.225 1.533 10.823 
260323110921 0.764 14.844 38.134 10.680 8.225 0.812 10.837 
260323112421 0.773 14.987 38.151 10.650 8.224 0.987 10.844 
260323113921 0.776 15.068 38.125 10.640 8.223 0.888 10.803 
260323115421 0.659 15.027 38.145 10.662 8.223 0.744 10.832 
260323120921 0.775 15.045 38.142 10.667 8.223 0.630 10.843 
260323122421 0.831 14.937 38.141 10.712 8.222 1.154 10.848 
260323123921 0.658 15.036 38.126 10.695 8.221 0.744 10.805 
260323125421 0.756 15.045 38.143 10.699 8.220 1.146 10.834 
260323130921 0.743 15.077 38.144 10.700 8.219 1.268 10.844 
260323132421 0.766 15.111 38.143 10.696 8.220 2.368 10.849 
260323133921 0.915 15.076 38.141 10.715 8.219 0.759 10.795 
260323135421 0.636 15.129 38.138 10.707 8.217 0.660 10.829 
260323140921 0.777 15.153 38.141 10.704 8.217 1.366 10.843 
260323142421 0.579 15.134 38.143 10.711 8.217 1.032 10.849 
260323143921 0.733 15.182 38.140 10.704 8.216 1.032 10.800 
260323145421 0.852 15.170 38.145 10.708 8.215 1.108 10.832 
260323150921 0.879 15.171 38.140 10.712 8.216 0.585 10.844 
260323152421 0.733 15.150 38.143 10.720 8.216 1.055 10.849 
260323153921 0.765 15.130 38.141 10.726 8.215 0.000 10.800 
260323155421 0.712 15.103 38.142 10.733 8.216 1.769 10.832 
260323160921 0.710 15.057 38.142 10.750 8.217 2.315 10.844 
260323162421 0.790 15.053 38.142 10.749 8.217 4.851 10.849 
260323163921 0.679 15.061 38.142 10.745 8.217 3.613 10.803 
260323165421 0.650 14.965 38.141 10.773 8.218 4.274 10.834 
260323170921 0.482 14.860 38.144 10.803 8.217 4.433 10.844 
260323172421 0.756 14.787 38.142 10.819 8.217 4.464 10.849 
260323173921 0.705 14.770 38.139 10.816 8.217 4.244 10.794 
260323175421 0.734 14.770 38.141 10.812 8.217 4.570 10.829 
260323180921 0.638 14.765 38.142 10.806 8.217 4.236 10.841 
260323182421 0.766 14.756 38.139 10.809 8.217 4.889 10.847 
260323183921 0.684 14.734 38.142 10.812 8.217 4.274 10.804 
260323185421 0.667 14.720 38.142 10.809 8.218 4.707 10.832 
260323190921 0.736 14.704 38.139 10.808 8.218 4.691 10.843 
260323192421 0.734 14.710 38.140 10.807 8.218 4.502 10.847 
260323193921 0.564 14.719 38.141 10.802 8.219 4.972 10.793 
260323195421 0.693 14.724 38.139 10.797 8.218 5.147 10.827 
260323200921 0.610 14.714 38.142 10.794 8.219 4.638 10.840 
260323202421 0.821 14.695 38.149 10.795 8.218 4.631 10.846 
260323203921 0.623 14.696 38.142 10.789 8.219 5.170 10.803 
260323205421 0.601 14.692 38.138 10.785 8.219 5.177 10.831 
260323210921 0.659 14.690 38.133 10.782 8.219 4.524 10.842 
260323212421 0.575 14.688 38.140 10.776 8.219 4.661 10.847 
260323213921 0.674 14.699 38.143 10.768 8.219 4.798 10.792 
260323215421 0.810 14.695 38.142 10.762 8.220 5.337 10.827 
260323220921 0.773 14.704 38.140 10.760 8.220 4.813 10.840 
260323222421 0.813 14.711 38.136 10.756 8.220 4.745 10.845 
260323223921 0.525 14.714 38.137 10.751 8.220 4.737 10.802 
260323225421 0.617 14.690 38.141 10.751 8.221 5.192 10.831 
260323230921 0.730 14.684 38.139 10.750 8.221 4.631 10.842 
260323232421 0.864 14.656 38.140 10.754 8.221 4.676 10.846 
260323233921 0.432 14.671 38.141 10.748 8.221 4.433 10.802 
260323235421 0.746 14.671 38.139 10.746 8.222 5.473 10.831 
270323000921 0.719 14.672 38.142 10.740 8.222 4.244 10.842 
270323002421 0.813 14.668 38.141 10.742 8.222 4.707 10.846 
270323003921 0.570 14.666 38.143 10.739 8.222 4.995 10.792 
270323005421 0.633 14.674 38.142 10.736 8.223 4.433 10.826 
270323010921 0.879 14.677 38.141 10.737 8.223 4.707 10.839 
270323012421 0.568 14.675 38.140 10.739 8.223 4.729 10.844 
270323013921 0.758 14.679 38.143 10.733 8.224 4.600 10.802 
270323015421 0.763 14.681 38.146 10.728 8.224 4.752 10.830 
270323020921 0.766 14.686 38.144 10.727 8.224 4.122 10.841 
270323022421 0.701 14.706 38.146 10.723 8.224 4.289 10.846 
270323023921 0.710 14.713 38.122 10.722 8.225 4.570 10.802 
270323025421 0.747 14.727 38.144 10.720 8.225 4.342 10.831 
270323030921 0.509 14.714 38.148 10.722 8.226 4.616 10.842 
270323032421 0.599 14.727 38.143 10.720 8.226 4.828 10.846 
270323033921 0.669 14.714 38.149 10.726 8.226 4.737 10.783 
270323035421 0.683 14.721 38.149 10.729 8.226 3.598 10.822 
270323040921 0.789 14.725 38.142 10.732 8.227 4.509 10.837 
270323042421 0.561 14.723 38.144 10.730 8.227 3.955 10.844 
270323043921 0.685 14.729 38.141 10.730 8.227 4.061 10.802 
270323045421 0.682 14.729 38.156 10.729 8.228 3.818 10.831 
270323050921 0.610 14.730 38.141 10.731 8.228 4.069 10.841 
270323052421 0.679 14.724 38.138 10.731 8.228 4.039 10.846 
270323053921 0.540 14.721 38.143 10.732 8.228 3.970 10.802 
270323055421 0.815 14.730 38.145 10.734 8.229 4.282 10.831 
270323060921 0.511 14.735 38.143 10.735 8.229 4.426 10.841 
270323062421 0.724 14.725 38.139 10.744 8.229 4.061 10.846 
270323063921 0.506 14.728 38.143 10.745 8.228 4.608 10.801 
270323065421 0.714 14.715 38.141 10.747 8.228 4.244 10.831 
270323070921 0.751 14.710 38.142 10.748 8.228 4.084 10.841 
270323072421 0.670 14.733 38.144 10.740 8.229 3.743 10.846 
270323073921 0.570 14.727 38.138 10.741 8.229 3.818 10.793 
270323075421 0.733 14.747 38.146 10.737 8.230 4.016 10.827 
270323080921 0.650 14.738 38.146 10.743 8.229 3.826 10.840 
270323082421 0.664 14.723 38.145 10.745 8.229 3.424 10.845 
270323083921 0.757 14.727 38.144 10.743 8.229 2.733 10.803 
270323085421 0.733 14.725 38.145 10.740 8.228 2.164 10.831 
270323090921 0.847 14.770 38.146 10.720 8.228 1.435 10.842 
270323092421 0.686 14.794 38.145 10.712 8.229 1.070 10.846 
270323093921 0.793 14.815 38.144 10.711 8.231 0.987 10.793 
270323095421 0.697 14.806 38.146 10.714 8.228 1.078 10.827 
