SAMBAT Sea Ti  C/T/D/Odo/Fluo/pH GPS : 50195 
V:0,Pression (0/50),dba
V:1,Température (-5/35),°C
V:2,Salinité (2/42),g/l
V:3,Oxygène (0/20),mgl
V:4,PH (0/14),pH
V:5,Fluorescence (0/500),ppb
V:6,Tension batterie,V
040423101625 0.853 14.550 38.194 10.636 8.241 1.632 10.721 
040423103124 0.819 14.564 38.202 10.628 8.239 1.139 10.802 
040423104624 0.832 14.569 38.184 10.624 8.240 0.972 10.809 
040423110124 0.811 14.579 38.205 10.619 8.240 1.048 10.832 
040423111624 0.835 14.582 38.187 10.615 8.239 0.501 10.842 
040423113124 0.800 14.592 38.205 10.614 8.239 1.025 10.848 
040423114624 0.823 14.603 38.195 10.610 8.239 1.230 10.821 
040423120124 0.806 14.626 38.192 10.604 8.238 1.108 10.840 
040423121624 0.809 14.654 38.194 10.589 8.239 1.154 10.848 
040423123124 0.807 14.692 38.189 10.581 8.239 1.040 10.851 
040423124624 0.817 14.713 38.199 10.578 8.238 0.782 10.823 
040423130124 0.822 14.764 38.206 10.565 8.238 0.858 10.842 
040423131624 0.811 14.843 38.188 10.541 8.238 0.752 10.849 
040423133124 0.800 14.807 38.172 10.556 8.240 0.638 10.852 
040423134624 0.818 14.799 38.185 10.559 8.240 0.827 10.816 
040423140124 0.823 14.901 38.175 10.533 8.239 0.243 10.839 
040423141624 0.809 14.966 38.166 10.522 8.238 0.767 10.848 
040423143124 0.809 14.919 38.180 10.536 8.238 0.972 10.853 
040423144624 0.817 14.984 38.176 10.528 8.238 1.116 10.826 
040423150124 0.801 14.994 38.181 10.522 8.238 1.101 10.844 
040423151624 0.794 14.991 38.175 10.529 8.238 0.698 10.851 
040423153124 0.781 15.116 38.188 10.496 8.234 1.154 10.855 
040423154624 0.811 15.172 38.203 10.489 8.234 1.184 10.827 
040423160124 0.782 15.087 38.189 10.514 8.235 0.691 10.846 
040423161624 0.783 15.047 38.191 10.533 8.236 0.805 10.853 
040423163124 0.823 15.028 38.196 10.543 8.236 1.017 10.856 
040423164624 0.771 15.001 38.199 10.555 8.236 1.640 10.828 
040423170124 0.858 14.976 38.193 10.571 8.236 1.321 10.846 
040423171624 0.807 14.933 38.193 10.589 8.237 2.239 10.853 
040423173124 0.796 14.888 38.186 10.604 8.237 3.037 10.855 
040423174624 0.763 14.868 38.193 10.613 8.238 2.687 10.819 
040423180124 0.847 14.846 38.191 10.627 8.238 3.705 10.841 
040423181624 0.833 14.806 38.190 10.642 8.239 4.175 10.850 
040423183124 0.829 14.817 38.192 10.641 8.239 4.653 10.853 
040423184624 0.798 14.772 38.191 10.654 8.240 5.132 10.826 
040423190124 0.777 14.711 38.185 10.679 8.240 4.411 10.843 
040423191624 0.797 14.683 38.190 10.681 8.241 5.124 10.851 
040423193124 0.828 14.676 38.192 10.682 8.241 4.798 10.853 
040423194624 0.845 14.648 38.191 10.684 8.241 4.395 10.825 
040423200124 0.819 14.607 38.181 10.703 8.242 4.160 10.843 
040423201624 0.817 14.576 38.185 10.707 8.242 4.783 10.850 
040423203124 0.839 14.601 38.187 10.697 8.242 5.709 10.853 
040423204624 0.836 14.580 38.182 10.695 8.243 4.616 10.824 
040423210124 0.822 14.577 38.188 10.690 8.243 4.767 10.842 
040423211624 0.834 14.578 38.177 10.685 8.243 4.380 10.849 
040423213124 0.839 14.571 38.180 10.682 8.244 4.874 10.852 
040423214624 0.831 14.596 38.188 10.672 8.244 4.874 10.815 
040423220124 0.842 14.568 38.184 10.674 8.245 4.486 10.838 
040423221624 0.845 14.580 38.180 10.666 8.244 4.555 10.846 
040423223124 0.847 14.550 38.186 10.670 8.245 5.018 10.851 
040423224624 0.854 14.575 38.181 10.657 8.245 5.382 10.823 
040423230124 0.821 14.554 38.186 10.661 8.245 4.927 10.841 
040423231624 0.848 14.571 38.179 10.651 8.245 4.449 10.848 
040423233124 0.830 14.569 38.181 10.649 8.245 5.322 10.851 
040423234624 0.839 14.518 38.164 10.666 8.246 6.202 10.814 
050423000124 0.841 14.510 38.176 10.661 8.246 7.181 10.836 
050423001624 0.842 14.543 38.180 10.641 8.246 4.972 10.846 
050423003124 0.836 14.537 38.173 10.646 8.246 4.828 10.850 
050423004624 0.865 14.500 38.176 10.651 8.247 4.934 10.823 
050423010124 0.828 14.513 38.190 10.640 8.246 5.291 10.840 
050423011624 0.866 14.533 38.163 10.635 8.246 5.557 10.848 
050423013124 0.831 14.507 38.170 10.637 8.246 5.200 10.851 
050423014624 0.859 14.510 38.170 10.633 8.246 5.830 10.821 
050423020124 0.836 14.498 38.173 10.631 8.247 5.185 10.840 
050423021624 0.844 14.514 38.168 10.627 8.247 4.585 10.847 
050423023124 0.833 14.501 38.173 10.628 8.247 5.716 10.850 
050423024624 0.838 14.504 38.165 10.624 8.247 5.359 10.814 
050423030124 0.854 14.484 38.173 10.629 8.246 5.185 10.836 
050423031624 0.860 14.457 38.169 10.631 8.247 5.246 10.845 
050423033124 0.819 14.479 38.172 10.623 8.246 4.357 10.850 
050423034624 0.840 14.463 38.162 10.625 8.247 5.086 10.822 
050423040124 0.852 14.461 38.166 10.621 8.247 5.132 10.840 
050423041624 0.773 14.439 38.150 10.630 8.247 4.950 10.847 
050423043124 0.818 14.431 38.154 10.627 8.248 4.327 10.851 
050423044624 0.868 14.457 38.157 10.617 8.248 5.344 10.823 
050423050124 0.810 14.458 38.152 10.616 8.248 5.534 10.840 
050423051624 0.842 14.474 38.158 10.609 8.248 4.449 10.847 
050423053124 0.837 14.447 38.158 10.614 8.248 5.359 10.851 
050423054624 0.838 14.456 38.156 10.607 8.248 5.610 10.814 
050423060124 0.827 14.459 38.156 10.603 8.247 6.043 10.836 
050423061624 0.831 14.431 38.172 10.605 8.247 5.481 10.845 
050423063124 0.847 14.453 38.160 10.601 8.247 5.762 10.849 
050423064624 0.833 14.458 38.160 10.597 8.247 4.578 10.822 
050423070124 0.856 14.455 38.162 10.596 8.246 4.684 10.840 
050423071624 0.874 14.460 38.163 10.592 8.246 4.441 10.846 
050423073124 0.869 14.453 38.160 10.590 8.245 2.832 10.850 
050423074624 0.827 14.465 38.159 10.586 8.244 2.323 10.822 
050423080124 0.845 14.466 38.173 10.585 8.243 2.126 10.840 
050423081624 0.845 14.465 38.164 10.582 8.243 1.822 10.847 
050423083124 0.855 14.477 38.157 10.578 8.243 2.262 10.851 
050423084624 0.820 14.478 38.158 10.577 8.243 1.852 10.821 
050423090124 0.862 14.485 38.159 10.573 8.243 2.414 10.840 
050423091624 0.852 14.486 38.161 10.572 8.242 1.814 10.847 
050423093124 0.862 14.494 38.161 10.569 8.241 1.480 10.851 
050423094624 0.839 14.515 38.161 10.565 8.241 1.435 10.814 
050423100124 0.840 14.509 38.162 10.565 8.242 1.594 10.836 
050423101624 0.854 14.515 38.165 10.562 8.241 1.366 10.845 
