SAMBAT Sea Ti  C/T/D/Odo/Fluo/pH GPS : 50195 
V:0,Pression (0/50),m
V:1,Température (-5/35),°C
V:2,Salinité (2/42),g/l
V:3,Oxygène (0/20),mgl
V:4,PH (0/14),pH
V:5,Fluorescence (0/50),µgl
V:6,Tension batterie,V
240123194851 1.042 14.451 37.089 9.295 8.330 1.021 10.712 
240123200350 1.072 14.460 37.116 9.294 8.332 1.037 10.782 
240123201850 1.037 14.463 37.127 9.285 8.333 0.897 10.816 
240123203350 1.043 14.470 37.097 9.277 8.328 0.817 10.829 
240123204850 1.026 14.446 37.122 9.283 8.319 0.728 10.836 
240123210350 1.012 14.450 37.114 9.279 8.333 0.785 10.802 
240123211850 1.068 14.456 37.113 9.276 8.332 0.822 10.825 
240123213350 1.027 14.451 37.121 9.277 8.332 0.808 10.835 
240123214850 1.006 14.441 37.121 9.279 8.331 0.801 10.839 
240123220350 1.058 14.456 37.108 9.268 8.332 0.870 10.804 
240123221850 1.049 14.440 37.549 9.268 8.332 0.907 10.826 
240123223350 1.029 14.436 37.101 9.265 8.327 0.844 10.836 
240123224850 0.996 14.456 37.092 9.264 8.322 0.687 10.840 
240123230350 1.012 14.430 37.072 9.278 8.333 0.932 10.803 
240123231850 1.053 14.437 37.085 9.275 8.331 0.891 10.827 
240123233350 0.992 14.447 37.089 9.275 8.330 0.686 10.836 
240123234850 1.035 14.425 37.108 9.283 8.329 0.848 10.840 
250123000350 1.062 14.421 37.069 9.289 8.332 0.739 10.803 
250123001850 1.055 14.442 37.102 9.282 8.328 0.748 10.827 
250123003350 1.003 14.426 37.112 9.287 8.323 0.773 10.836 
250123004850 1.028 14.429 37.108 9.290 8.314 0.790 10.840 
250123010350 1.063 14.398 37.117 9.301 8.327 0.712 10.803 
250123011850 1.068 14.412 37.113 9.297 8.319 0.749 10.827 
250123013350 1.051 14.414 37.118 9.293 8.313 0.826 10.836 
250123014850 1.028 14.412 37.116 9.289 8.319 0.816 10.840 
250123020350 1.039 14.419 37.095 9.281 8.326 0.727 10.803 
250123021850 1.067 14.419 37.093 9.272 8.323 0.699 10.827 
250123023350 0.983 14.425 37.093 9.266 8.323 0.777 10.836 
250123024850 1.050 14.415 37.121 9.258 8.305 0.684 10.840 
250123030350 1.040 14.393 37.115 9.256 8.324 0.783 10.803 
250123031850 1.029 14.387 37.099 9.258 8.308 0.751 10.827 
250123033350 1.070 14.408 37.096 9.245 8.309 0.636 10.836 
250123034850 1.009 14.412 37.115 9.241 8.303 0.684 10.840 
250123040350 1.043 14.410 37.137 9.238 8.327 0.516 10.802 
250123041850 1.038 14.368 37.116 9.240 8.326 0.732 10.826 
250123043350 0.998 14.386 37.127 9.235 8.321 0.754 10.836 
250123044850 0.994 14.390 37.132 9.232 8.312 0.705 10.840 
250123050350 1.023 14.391 37.141 9.226 8.328 0.656 10.803 
250123051850 1.022 14.363 37.104 9.231 8.329 0.568 10.827 
250123053350 0.999 14.353 37.120 9.232 8.322 0.685 10.835 
250123054850 1.031 14.358 37.129 9.227 8.313 0.541 10.840 
250123060350 1.050 14.379 37.106 9.225 8.330 0.635 10.795 
250123061850 1.015 14.373 37.082 9.221 8.327 0.631 10.823 
250123063350 0.985 14.369 37.143 9.220 8.325 0.633 10.833 
250123064850 1.027 14.360 37.152 9.227 8.326 0.725 10.839 
250123070350 0.988 14.383 37.161 9.222 8.325 1.003 10.794 
250123071850 1.050 14.380 37.144 9.226 8.327 0.680 10.823 
250123073350 1.056 14.379 37.157 9.231 8.306 0.789 10.833 
250123074850 1.031 14.374 37.175 9.233 8.311 0.726 10.839 
250123080350 1.004 14.377 37.171 9.231 8.332 0.702 10.802 
250123081850 0.993 14.374 37.175 9.229 8.326 0.786 10.826 
250123083350 1.014 14.374 37.197 9.229 8.332 0.832 10.835 
250123084850 1.086 14.363 37.169 9.230 8.324 0.734 10.839 
250123090350 1.031 14.383 37.154 9.225 8.332 0.601 10.807 
250123091850 0.960 14.363 37.156 9.222 8.331 0.627 10.828 
250123093350 1.012 14.377 37.175 9.224 8.330 0.551 10.836 
250123094850 1.025 14.371 37.166 9.222 8.323 0.516 10.840 
250123100350 0.992 14.362 37.169 9.221 8.333 0.568 10.804 
250123101850 1.042 14.356 37.175 9.223 8.333 0.561 10.827 
250123103350 1.000 14.368 37.164 9.221 8.332 0.335 10.836 
250123104850 1.041 14.375 37.169 9.224 8.332 0.306 10.840 
250123110350 1.028 14.346 37.173 9.230 8.332 0.387 10.802 
250123111850 1.043 14.354 37.162 9.230 8.329 0.551 10.826 
250123113350 0.987 14.364 37.162 9.232 8.327 0.424 10.835 
250123114850 1.012 14.368 37.171 9.230 8.326 0.274 10.840 
250123120350 1.021 14.367 37.177 9.225 8.330 0.448 10.803 
250123121850 1.037 14.378 37.169 9.227 8.324 0.375 10.826 
250123123350 1.002 14.399 37.168 9.219 8.322 0.281 10.835 
250123124850 1.006 14.392 37.174 9.221 8.329 0.268 10.839 
250123130350 1.003 14.375 37.170 9.225 8.328 0.442 10.807 
250123131850 0.970 14.366 37.172 9.230 8.326 0.348 10.828 
250123133350 0.976 14.369 37.198 9.229 8.324 0.400 10.836 
250123134850 0.971 14.367 37.175 9.232 8.318 0.411 10.840 
250123140350 0.954 14.377 37.194 9.235 8.329 0.384 10.799 
250123141850 0.991 14.360 37.140 9.242 8.329 0.554 10.825 
250123143350 0.989 14.371 37.152 9.245 8.328 0.678 10.834 
250123144850 1.026 14.362 37.574 9.243 8.328 0.598 10.839 
250123150350 1.031 14.368 37.158 9.250 8.328 0.598 10.795 
250123151850 0.990 14.362 37.107 9.250 8.328 0.626 10.823 
250123153350 0.987 14.365 37.159 9.254 8.327 0.658 10.833 
250123154850 0.993 14.362 37.152 9.252 8.326 0.623 10.838 
250123160350 0.943 14.380 37.201 9.250 8.327 0.582 10.796 
250123161850 0.924 14.375 37.171 9.248 8.327 0.705 10.823 
250123163350 0.980 14.359 37.179 9.253 8.327 0.714 10.834 
250123164850 0.995 14.379 37.187 9.253 8.327 0.878 10.839 
250123170350 0.933 14.381 37.171 9.255 8.327 0.701 10.802 
250123171850 0.927 14.388 37.167 9.251 8.325 0.697 10.826 
250123173350 0.941 14.391 37.157 9.248 8.325 0.749 10.835 
250123174850 0.963 14.400 37.153 9.249 8.324 0.820 10.839 
250123180350 1.001 14.392 37.147 9.252 8.325 0.825 10.802 
250123181850 0.972 14.393 37.093 9.258 8.325 0.763 10.826 
250123183350 0.996 14.400 37.167 9.255 8.325 0.883 10.835 
250123184850 0.970 14.388 37.187 9.257 8.325 0.809 10.839 
250123190350 0.979 14.406 37.148 9.254 8.325 0.806 10.802 
250123191850 0.879 14.388 37.158 9.257 8.325 0.903 10.826 
250123193350 0.980 14.377 37.165 9.265 8.327 0.799 10.835 
250123194850 0.879 14.396 37.156 9.259 8.326 0.715 10.839 
