SAMBAT Sea Ti  C/T/D/Odo/Fluo/pH GPS : 50195 
V:0,Pression (0/50),dba
V:1,Température (-5/35),°C
V:2,Salinité (2/42),g/l
V:3,Oxygène (0/20),mgl
V:4,PH (0/14),pH
V:5,Fluorescence (0/500),ppb
V:6,Tension batterie,V
190423105236 0.839 15.594 38.151 10.425 8.255 0.471 10.727 
190423110735 0.848 15.540 38.137 10.437 8.254 0.478 10.809 
190423112235 0.826 15.676 38.143 10.406 8.254 0.752 10.838 
190423113735 0.823 15.801 38.119 10.369 8.253 0.615 10.788 
190423115235 0.827 15.766 38.178 10.366 8.252 0.478 10.837 
190423120735 0.841 15.821 38.143 10.356 8.251 0.645 10.852 
190423122235 0.824 15.907 38.212 10.318 8.250 0.402 10.859 
190423123735 0.797 15.805 38.121 10.373 8.251 0.919 10.773 
190423125235 0.831 15.854 38.173 10.334 8.250 0.493 10.836 
190423130735 0.788 15.880 38.214 10.320 8.249 0.592 10.853 
190423132235 0.815 15.875 38.119 10.345 8.249 0.243 10.860 
190423133735 0.773 16.018 38.145 10.302 8.248 1.040 10.796 
190423135235 0.833 15.962 38.158 10.311 8.248 0.653 10.844 
190423140735 0.855 15.908 38.117 10.339 8.248 0.858 10.858 
190423142235 0.832 15.994 38.149 10.311 8.248 0.752 10.863 
190423143735 0.828 16.035 38.150 10.301 8.248 1.268 10.797 
190423145235 0.809 16.077 38.064 10.308 8.248 0.607 10.846 
190423150735 0.836 16.274 38.102 10.240 8.248 0.448 10.859 
190423152235 0.793 16.542 38.114 10.161 8.248 0.888 10.865 
190423153735 0.827 16.560 38.125 10.162 8.248 0.600 10.777 
190423155235 0.806 16.311 38.161 10.226 8.250 0.774 10.841 
190423160735 0.828 16.799 38.129 10.096 8.245 1.055 10.858 
190423162235 0.811 16.578 38.086 10.163 8.246 0.805 10.865 
190423163735 0.806 16.739 38.144 10.110 8.245 0.949 10.802 
190423165235 0.788 16.787 38.116 10.107 8.245 1.222 10.850 
190423170735 0.811 16.653 38.121 10.149 8.246 0.873 10.863 
190423172235 0.805 16.653 38.139 10.150 8.246 1.382 10.868 
190423173735 0.796 16.614 38.123 10.164 8.246 1.632 10.802 
190423175235 0.819 16.463 38.067 10.223 8.247 2.042 10.851 
190423180735 0.785 16.444 38.131 10.218 8.247 2.186 10.863 
190423182235 0.798 16.425 38.141 10.227 8.248 2.596 10.868 
190423183735 0.798 16.094 38.048 10.345 8.249 3.090 10.779 
190423185235 0.806 15.857 38.147 10.397 8.250 2.900 10.842 
190423190735 0.794 15.652 38.186 10.429 8.253 2.627 10.858 
190423192235 0.812 15.783 38.079 10.430 8.254 2.520 10.864 
190423193735 0.800 16.261 38.182 10.272 8.250 3.173 10.799 
190423195235 0.816 16.182 38.126 10.309 8.251 2.870 10.846 
190423200735 0.813 16.139 38.096 10.337 8.253 2.703 10.859 
190423202235 0.843 16.033 38.105 10.371 8.253 2.953 10.864 
190423203735 0.788 15.898 38.165 10.392 8.255 3.006 10.776 
190423205235 0.824 15.899 38.184 10.395 8.255 2.938 10.839 
190423210735 0.809 15.987 38.083 10.403 8.255 3.059 10.855 
190423212235 0.807 15.643 38.127 10.489 8.257 2.293 10.862 
190423213735 0.826 15.765 38.135 10.463 8.258 2.839 10.798 
190423215235 0.809 15.594 38.112 10.527 8.259 2.353 10.845 
190423220735 0.809 15.589 38.122 10.531 8.260 2.482 10.857 
190423222235 0.812 15.387 38.104 10.591 8.260 2.308 10.862 
190423223735 0.821 15.455 38.146 10.567 8.264 2.536 10.794 
190423225235 0.814 15.360 38.117 10.602 8.262 2.703 10.842 
190423230735 0.813 15.402 38.130 10.592 8.265 2.429 10.855 
190423232235 0.809 15.396 38.128 10.598 8.266 2.930 10.859 
190423233735 0.782 15.345 38.130 10.609 8.267 2.771 10.770 
190423235235 0.809 15.329 38.124 10.617 8.267 2.126 10.833 
200423000735 0.803 15.301 38.123 10.633 8.268 3.363 10.849 
200423002235 0.808 15.276 38.129 10.643 8.268 2.528 10.856 
200423003735 0.796 15.230 38.128 10.654 8.269 2.361 10.791 
200423005235 0.798 15.200 38.122 10.673 8.269 2.376 10.839 
200423010735 0.812 15.172 38.129 10.686 8.269 3.006 10.851 
200423012235 0.795 15.157 38.121 10.695 8.269 2.422 10.856 
200423013735 0.805 15.123 38.119 10.702 8.269 2.763 10.790 
200423015235 0.804 15.154 38.128 10.692 8.266 2.756 10.838 
200423020735 0.794 15.188 38.123 10.683 8.267 2.376 10.851 
200423022235 0.801 15.197 38.126 10.676 8.266 2.642 10.856 
200423023735 0.788 15.230 38.121 10.658 8.266 2.801 10.788 
200423025235 0.827 15.252 38.125 10.650 8.265 2.953 10.837 
200423030735 0.816 15.272 38.126 10.639 8.265 2.444 10.850 
200423032235 0.776 15.252 38.127 10.641 8.264 2.915 10.856 
200423033735 0.789 15.260 38.127 10.638 8.264 2.604 10.768 
200423035235 0.800 15.252 38.129 10.631 8.264 2.627 10.830 
200423040735 0.789 15.232 38.128 10.629 8.263 2.566 10.847 
200423042235 0.806 15.223 38.123 10.629 8.263 2.520 10.854 
200423043735 0.779 15.217 38.127 10.628 8.263 3.515 10.788 
200423045235 0.820 15.189 38.124 10.632 8.262 2.824 10.837 
200423050735 0.820 15.179 38.127 10.632 8.262 2.695 10.850 
200423052235 0.802 15.165 38.127 10.626 8.262 2.558 10.855 
200423053735 0.777 15.146 38.123 10.624 8.262 3.598 10.788 
200423055235 0.786 15.132 38.118 10.619 8.262 3.211 10.836 
200423060735 0.766 15.125 38.128 10.611 8.262 2.551 10.850 
200423062235 0.832 15.123 38.122 10.605 8.262 2.589 10.855 
200423063735 0.780 15.113 38.129 10.598 8.263 2.854 10.766 
200423065235 0.800 15.123 38.120 10.592 8.263 2.277 10.829 
200423070735 0.797 15.126 38.118 10.586 8.262 2.232 10.846 
200423072235 0.806 15.138 38.115 10.579 8.262 1.488 10.853 
200423073735 0.766 15.145 38.117 10.573 8.261 1.010 10.789 
200423075235 0.781 15.153 38.118 10.568 8.260 0.919 10.837 
200423080735 0.758 15.164 38.122 10.560 8.258 0.789 10.850 
200423082235 0.784 15.187 38.120 10.551 8.257 0.615 10.855 
200423083735 0.779 15.274 38.121 10.519 8.256 0.539 10.788 
200423085235 0.822 15.268 38.108 10.519 8.255 0.789 10.837 
200423090735 0.752 15.290 38.126 10.503 8.253 0.949 10.850 
200423092235 0.806 15.324 38.149 10.489 8.252 0.979 10.855 
200423093735 0.797 15.413 38.125 10.473 8.251 0.957 10.768 
200423095235 0.808 15.353 38.128 10.484 8.251 1.002 10.831 
200423100735 0.773 15.491 38.065 10.457 8.250 0.668 10.848 
200423102235 0.818 15.455 38.121 10.459 8.250 0.805 10.855 
200423103735 0.785 15.653 38.105 10.391 8.248 0.691 10.791 
200423105235 0.800 15.961 38.167 10.286 8.246 0.288 10.839 
