SAMBAT Sea Ti  C/T/D/Odo/Fluo/pH GPS : 50195 
V:0,Pression (0/50),dba
V:1,Température (-5/35),°C
V:2,Salinité (2/42),g/l
V:3,Oxygène (0/20),mgl
V:4,PH (0/14),pH
V:5,Fluorescence (0/500),ppb
V:6,Tension batterie,V
250723145355 0.422 26.865 39.252 7.887 8.266 1.207 10.852 
250723150854 0.712 26.838 39.260 7.887 8.267 1.435 10.952 
250723152354 0.784 26.865 39.225 7.876 8.269 0.964 10.960 
250723153854 0.690 26.837 39.252 7.877 8.268 1.382 10.962 
250723155354 0.682 26.821 39.251 7.876 8.267 0.987 10.956 
250723160854 0.751 26.857 39.247 7.865 8.271 1.215 10.961 
250723162354 0.540 26.845 39.242 7.864 8.269 0.964 10.962 
250723163854 0.630 26.819 39.261 7.865 8.268 1.169 10.962 
250723165354 0.630 26.798 39.224 7.865 8.269 1.328 10.953 
250723170854 0.595 26.782 39.252 7.864 8.269 1.602 10.961 
250723172354 0.537 26.750 39.215 7.866 8.268 1.184 10.962 
250723173854 0.732 26.719 39.245 7.869 8.269 1.298 10.962 
250723175354 0.571 26.709 39.265 7.868 8.270 1.571 10.957 
250723180854 0.578 26.665 39.198 7.873 8.270 1.685 10.961 
250723182354 0.747 26.674 39.254 7.869 8.270 1.541 10.962 
250723183854 0.730 26.647 39.259 7.873 8.272 1.989 10.962 
250723185354 0.729 26.628 39.233 7.874 8.272 1.678 10.956 
250723190854 0.765 26.644 39.240 7.872 8.273 1.845 10.961 
250723192354 0.839 26.848 39.295 7.831 8.277 1.867 10.961 
250723193854 0.657 27.000 39.270 7.801 8.286 1.883 10.961 
250723195354 0.753 27.002 39.266 7.800 8.280 2.315 10.953 
250723200854 0.711 27.002 39.263 7.799 8.275 1.678 10.961 
250723202354 0.601 27.031 39.249 7.794 8.275 1.860 10.962 
250723203854 0.768 27.078 39.262 7.784 8.277 1.625 10.962 
250723205354 0.655 27.144 39.259 7.773 8.276 1.609 10.957 
250723210854 0.591 27.196 39.239 7.763 8.275 1.792 10.962 
250723212354 0.773 27.209 39.259 7.763 8.274 1.837 10.963 
250723213854 0.641 27.193 39.258 7.762 8.273 1.860 10.963 
250723215354 0.812 27.185 39.195 7.768 8.273 1.943 10.954 
250723220854 0.807 27.144 39.251 7.777 8.272 1.959 10.962 
250723222354 0.732 27.096 39.252 7.786 8.270 1.708 10.962 
250723223854 0.638 27.066 39.264 7.789 8.270 1.913 10.963 
250723225354 0.655 27.058 39.253 7.792 8.271 2.331 10.956 
250723230854 0.737 27.047 39.259 7.794 8.271 2.201 10.962 
250723232354 0.749 27.029 31.941 7.797 8.271 1.776 10.962 
250723233854 0.641 27.036 39.264 7.797 8.271 2.224 10.962 
250723235354 0.658 27.070 39.262 7.791 8.272 2.095 10.957 
260723000854 0.701 27.100 39.251 7.789 8.274 1.799 10.962 
260723002354 0.669 27.134 39.269 7.782 8.275 1.693 10.962 
260723003854 0.729 27.144 39.257 7.781 8.275 1.526 10.962 
260723005354 0.659 27.126 39.259 7.788 8.272 1.450 10.954 
260723010854 0.673 27.086 39.260 7.798 8.272 1.883 10.961 
260723012354 0.725 27.063 39.248 7.807 8.273 2.095 10.962 
260723013854 0.708 27.028 39.269 7.812 8.272 1.883 10.962 
260723015354 0.534 26.984 39.264 7.818 8.271 1.731 10.957 
260723020854 0.528 26.971 39.239 7.820 8.272 1.776 10.961 
260723022354 0.732 26.963 39.247 7.823 8.272 1.921 10.962 
260723023854 0.675 26.905 39.254 7.832 8.272 1.541 10.962 
260723025354 0.759 26.905 39.258 7.830 8.273 1.799 10.953 
260723030854 0.592 26.923 39.247 7.828 8.275 2.839 10.960 
260723032354 0.861 26.888 39.240 7.829 8.275 1.738 10.961 
260723033854 0.737 26.872 39.255 7.831 8.274 1.784 10.961 
260723035354 0.642 26.883 39.221 7.827 8.273 1.761 10.955 
260723040854 0.612 26.845 39.233 7.832 8.272 1.662 10.960 
260723042354 0.691 26.851 39.253 7.830 8.273 1.678 10.961 
260723043854 0.611 26.848 39.250 7.827 8.274 1.708 10.961 
260723045354 0.657 26.856 39.255 7.821 8.274 1.754 10.952 
260723050854 0.593 26.862 39.253 7.816 8.276 1.913 10.960 
260723052354 0.635 26.870 39.251 7.813 8.274 1.837 10.960 
260723053854 0.620 26.832 39.258 7.818 8.274 1.700 10.961 
260723055354 0.743 26.848 39.250 7.814 8.272 1.966 10.955 
260723060854 0.805 26.894 39.255 7.800 8.275 1.571 10.960 
260723062354 0.633 26.904 39.256 7.796 8.274 1.852 10.961 
260723063854 0.670 26.926 39.256 7.792 8.275 2.004 10.960 
260723065354 0.677 26.929 39.239 7.789 8.274 2.095 10.955 
260723070854 0.667 26.925 39.263 7.786 8.274 2.042 10.960 
260723072354 0.724 26.894 39.279 7.790 8.272 1.860 10.961 
260723073854 0.665 26.913 39.247 7.784 8.272 1.867 10.961 
260723075354 0.689 26.907 39.246 7.782 8.272 1.594 10.952 
260723080854 0.802 26.907 39.250 7.780 8.271 2.239 10.959 
260723082354 0.843 26.899 39.257 7.781 8.270 1.245 10.960 
260723083854 0.590 26.913 39.253 7.778 8.270 1.465 10.961 
260723085354 0.651 26.899 39.255 7.779 8.268 1.655 10.955 
260723090854 0.731 26.909 39.254 7.777 8.269 1.670 10.960 
260723092354 0.736 26.913 39.255 7.775 8.267 1.587 10.960 
260723093854 0.683 26.910 39.249 7.776 8.268 0.919 10.960 
260723095354 0.752 26.910 39.247 7.777 8.269 1.291 10.955 
260723100854 0.651 26.913 39.246 7.777 8.268 1.268 10.959 
260723102354 0.756 26.957 39.252 7.771 8.270 1.275 10.960 
260723103854 0.857 26.989 39.198 7.765 8.273 0.645 10.960 
260723105354 0.797 26.992 39.250 7.768 8.271 0.827 10.952 
260723110854 0.597 27.013 39.215 7.769 8.271 0.919 10.959 
260723112354 0.749 27.016 39.283 7.770 8.272 1.070 10.960 
260723113854 0.616 27.018 39.274 7.773 8.271 1.215 10.960 
260723115354 0.745 27.016 39.269 7.776 8.270 0.759 10.955 
260723120854 0.752 27.045 39.237 7.772 8.272 1.078 10.960 
260723122354 0.783 27.089 39.273 7.765 8.276 1.435 10.960 
260723123854 0.792 27.107 39.275 7.766 8.274 1.533 10.961 
260723125354 0.832 27.123 39.270 7.765 8.274 1.412 10.955 
260723130854 0.798 27.130 39.228 7.768 8.274 0.979 10.960 
260723132354 0.714 27.126 39.229 7.772 8.272 0.805 10.961 
260723133854 0.756 27.110 39.320 7.778 8.272 1.556 10.961 
260723135354 0.695 27.092 39.212 7.784 8.270 1.048 10.950 
260723140854 0.636 27.032 39.250 7.801 8.267 1.086 10.959 
260723142354 0.713 27.010 39.243 7.808 8.265 1.063 10.960 
260723143854 0.834 27.013 39.199 7.808 8.265 0.562 10.960 
260723145354 0.712 27.029 30.985 7.806 8.267 1.404 10.955 
