SAMBAT Sea Ti  C/T/D/Odo/Fluo/pH GPS : 50195 
V:0,Pression (0/50),dba
V:1,Température (-5/35),°C
V:2,Salinité (2/42),g/l
V:3,Oxygène (0/20),mgl
V:4,PH (0/14),pH
V:5,Fluorescence (0/500),ppb
V:6,Tension batterie,V
120623130425 0.789 23.995 37.985 8.582 8.257 0.744 10.816 
120623131924 0.757 23.992 37.973 8.585 8.257 1.177 10.917 
120623133424 0.771 23.981 37.986 8.590 8.257 1.617 10.935 
120623134924 0.742 23.954 38.013 8.602 8.256 0.919 10.923 
120623140424 0.737 23.993 38.011 8.594 8.257 1.161 10.936 
120623141924 0.725 23.961 38.045 8.604 8.258 1.253 10.939 
120623143424 0.713 23.949 38.080 8.613 8.260 1.032 10.940 
120623144924 0.763 23.950 38.123 8.618 8.263 1.450 10.924 
120623150424 0.798 23.928 38.172 8.630 8.263 1.473 10.938 
120623151924 0.779 23.965 38.168 8.631 8.266 1.541 10.940 
120623153424 0.726 23.964 38.164 8.639 8.265 0.881 10.941 
120623154924 0.775 23.965 38.160 8.646 8.264 0.979 10.918 
120623160424 0.746 23.967 38.160 8.653 8.262 1.389 10.936 
120623161924 0.777 23.959 38.159 8.664 8.260 1.366 10.940 
120623163424 0.755 23.967 38.160 8.669 8.258 1.161 10.940 
120623164924 0.727 23.940 38.161 8.681 8.257 1.055 10.925 
120623170424 0.723 23.996 38.138 8.672 8.257 1.275 10.938 
120623171924 0.741 24.063 38.129 8.665 8.257 1.359 10.940 
120623173424 0.773 24.041 38.128 8.671 8.257 1.298 10.941 
120623174924 0.833 24.020 38.126 8.679 8.257 1.678 10.925 
120623180424 0.741 24.016 38.123 8.684 8.258 1.845 10.939 
120623181924 0.788 23.982 38.115 8.693 8.258 1.716 10.940 
120623183424 0.761 23.961 38.112 8.704 8.260 1.822 10.941 
120623184924 0.763 23.957 38.110 8.710 8.260 1.860 10.919 
120623190424 0.751 23.932 38.103 8.719 8.261 1.647 10.937 
120623191924 0.729 23.931 38.094 8.723 8.261 1.799 10.940 
120623193424 0.777 23.920 38.090 8.728 8.262 2.171 10.940 
120623194924 0.772 23.904 38.087 8.735 8.262 3.211 10.925 
120623200424 0.756 23.899 38.083 8.738 8.261 1.776 10.938 
120623201924 0.760 23.909 38.079 8.738 8.260 1.746 10.940 
120623203424 0.787 23.899 38.074 8.742 8.260 1.913 10.940 
120623204924 0.758 23.900 38.073 8.739 8.259 2.042 10.925 
120623210424 0.791 23.902 38.066 8.736 8.259 2.422 10.938 
120623211924 0.775 23.900 38.063 8.732 8.259 2.900 10.940 
120623213424 0.772 23.895 38.058 8.728 8.259 1.921 10.940 
120623214924 0.773 23.884 38.054 8.724 8.260 2.012 10.918 
120623220424 0.731 23.877 38.051 8.721 8.260 2.368 10.936 
120623221924 0.779 23.874 38.049 8.718 8.260 2.019 10.939 
120623223424 0.758 23.857 38.043 8.717 8.259 2.103 10.940 
120623224924 0.751 23.846 38.043 8.716 8.260 2.376 10.924 
120623230424 0.761 23.824 38.049 8.716 8.260 1.936 10.937 
120623231924 0.761 23.795 38.053 8.719 8.260 1.883 10.939 
120623233424 0.808 23.792 38.060 8.719 8.263 2.042 10.940 
120623234924 0.787 23.781 38.063 8.723 8.264 1.981 10.924 
130623000424 0.766 23.744 38.072 8.734 8.266 2.179 10.937 
130623001924 0.770 23.707 38.076 8.743 8.269 2.126 10.939 
130623003424 0.794 23.673 38.073 8.754 8.277 2.581 10.939 
130623004924 0.774 23.662 38.078 8.757 8.275 2.368 10.916 
130623010424 0.745 23.660 38.086 8.758 8.275 2.399 10.935 
130623011924 0.766 23.651 38.089 8.760 8.277 1.905 10.938 
130623013424 0.756 23.651 38.068 8.758 8.267 2.065 10.939 
130623014924 0.766 23.659 38.061 8.752 8.265 2.103 10.923 
130623020424 0.771 23.640 38.065 8.751 8.265 1.852 10.936 
130623021924 0.754 23.625 38.081 8.753 8.271 2.657 10.938 
130623023424 0.744 23.615 38.107 8.754 8.273 2.452 10.938 
130623024924 0.761 23.628 38.146 8.751 8.274 1.921 10.923 
130623030424 0.767 23.619 38.169 8.754 8.277 1.951 10.936 
130623031924 0.733 23.637 38.188 8.754 8.277 2.467 10.938 
130623033424 0.729 23.629 38.188 8.760 8.277 2.490 10.938 
130623034924 0.735 23.598 38.185 8.770 8.276 2.270 10.915 
130623040424 0.726 23.585 38.189 8.774 8.275 2.126 10.934 
130623041924 0.766 23.555 38.173 8.786 8.274 1.951 10.937 
130623043424 0.756 23.555 38.180 8.786 8.276 1.860 10.938 
130623044924 0.723 23.559 38.174 8.788 8.275 2.634 10.922 
130623050424 0.757 23.555 38.187 8.790 8.275 2.103 10.935 
130623051924 0.771 23.539 38.182 8.796 8.275 2.520 10.937 
130623053424 0.770 23.518 38.178 8.801 8.273 2.346 10.938 
130623054924 0.752 23.495 38.180 8.804 8.274 2.270 10.922 
130623060424 0.728 23.455 38.160 8.813 8.276 2.437 10.934 
130623061924 0.744 23.460 38.174 8.812 8.274 2.505 10.937 
130623063424 0.791 23.479 38.187 8.803 8.274 2.186 10.938 
130623064924 0.742 23.491 38.191 8.795 8.274 2.444 10.919 
130623070424 0.701 23.463 38.146 8.799 8.273 3.613 10.934 
130623071924 0.708 23.464 38.145 8.795 8.273 2.148 10.937 
130623073424 0.731 23.459 38.115 8.791 8.272 2.110 10.938 
130623074924 0.768 23.444 38.109 8.793 8.272 2.870 10.913 
130623080424 0.762 23.423 38.099 8.797 8.272 2.573 10.933 
130623081924 0.755 23.442 38.094 8.790 8.267 2.756 10.936 
130623083424 0.762 23.446 38.094 8.785 8.267 2.778 10.937 
130623084924 0.780 23.451 38.091 8.780 8.267 2.718 10.920 
130623090424 0.749 23.455 38.092 8.775 8.267 2.740 10.934 
130623091924 0.766 23.493 38.107 8.759 8.275 2.961 10.936 
130623093424 0.737 23.562 38.128 8.744 8.281 6.612 10.937 
130623094924 0.777 23.626 38.137 8.726 8.281 3.606 10.919 
130623100424 0.747 23.669 38.132 8.714 8.281 3.234 10.934 
130623101924 0.782 23.692 38.125 8.706 8.280 2.824 10.936 
130623103424 0.758 23.717 38.131 8.702 8.279 2.665 10.938 
130623104924 0.749 23.741 38.130 8.701 8.281 2.361 10.913 
130623110424 0.744 23.757 38.131 8.702 8.283 2.057 10.933 
130623111924 0.726 23.769 38.126 8.709 8.286 2.361 10.936 
130623113424 0.737 23.766 38.136 8.717 8.285 2.201 10.938 
130623114924 0.748 23.743 38.117 8.724 8.280 2.338 10.924 
130623120424 0.721 23.761 38.122 8.725 8.279 2.262 10.936 
130623121924 0.733 23.763 38.119 8.727 8.277 1.830 10.938 
130623123424 0.737 23.830 38.118 8.715 8.276 1.738 10.938 
130623124924 0.754 23.824 38.118 8.719 8.276 1.738 10.923 
130623130424 0.740 23.932 38.142 8.695 8.275 2.414 10.936 
