SAMBAT Sea Ti  C/T/D/Odo/Fluo/pH GPS : 50195 
V:0,Pression (0/50),dba
V:1,Température (-5/35),°C
V:2,Salinité (2/42),g/l
V:3,Oxygène (0/20),mgl
V:4,PH (0/14),pH
V:5,Fluorescence (0/500),ppb
V:6,Tension batterie,V
170523120020 0.674 18.153 37.518 10.104 8.293 1.784 10.766 
170523121519 0.803 18.143 37.517 10.112 8.294 1.936 10.857 
170523123019 0.788 18.133 37.507 10.123 8.294 1.943 10.885 
170523124519 0.775 18.138 37.517 10.123 8.294 1.799 10.860 
170523130019 0.862 18.140 37.515 10.124 8.294 2.019 10.887 
170523131519 0.817 18.149 37.517 10.127 8.293 1.488 10.896 
170523133019 0.845 18.159 37.507 10.124 8.293 1.556 10.899 
170523134519 0.696 18.159 37.462 10.127 8.293 0.881 10.868 
170523140019 0.691 18.167 37.493 10.129 8.291 0.660 10.891 
170523141519 0.650 18.176 37.503 10.132 8.291 0.645 10.898 
170523143019 0.774 18.167 37.506 10.135 8.290 1.032 10.901 
170523144519 0.782 18.157 37.489 10.140 8.291 1.192 10.868 
170523150019 0.844 18.152 37.486 10.143 8.290 1.291 10.891 
170523151519 0.823 18.130 37.501 10.153 8.290 1.609 10.898 
170523153019 0.824 18.122 37.478 10.159 8.291 1.700 10.901 
170523154519 0.857 18.104 37.496 10.164 8.290 0.949 10.861 
170523160019 0.816 18.086 37.490 10.170 8.289 1.404 10.889 
170523161519 0.902 18.075 37.466 10.170 8.289 2.095 10.896 
170523163019 0.766 18.052 37.484 10.171 8.288 1.814 10.900 
170523164519 0.803 18.043 37.559 10.170 8.288 2.141 10.867 
170523170019 0.852 18.030 37.348 10.169 8.287 1.875 10.890 
170523171519 0.844 18.011 37.469 10.174 8.286 2.179 10.897 
170523173019 0.698 18.001 37.400 10.170 8.287 2.171 10.900 
170523174519 0.827 18.001 37.311 10.167 8.287 1.799 10.860 
170523180019 0.769 17.987 37.436 10.166 8.289 2.065 10.888 
170523181519 0.730 18.005 37.365 10.157 8.289 2.467 10.896 
170523183019 0.954 17.998 37.667 10.153 8.290 2.460 10.899 
170523184519 0.826 17.996 37.401 10.153 8.291 2.065 10.860 
170523190019 0.807 18.005 37.562 10.146 8.291 2.308 10.887 
170523191519 0.753 18.010 37.619 10.139 8.291 2.444 10.895 
170523193019 0.832 18.022 37.525 10.126 8.292 2.126 10.898 
170523194519 0.867 18.022 37.648 10.122 8.293 2.072 10.867 
170523200019 0.875 18.038 37.323 10.116 8.293 2.634 10.890 
170523201519 0.775 18.046 37.583 10.110 8.294 2.270 10.896 
170523203019 0.824 18.054 37.422 10.104 8.295 2.384 10.899 
170523204519 0.909 18.059 37.421 10.099 8.296 2.331 10.867 
170523210019 0.782 18.073 37.445 10.093 8.295 2.384 10.890 
170523211519 0.832 18.073 37.452 10.091 8.297 2.338 10.896 
170523213019 0.838 18.077 37.392 10.087 8.297 1.822 10.899 
170523214519 0.816 18.086 37.405 10.084 8.298 2.414 10.860 
170523220019 0.800 18.085 37.402 10.081 8.298 2.285 10.887 
170523221519 0.812 18.093 37.398 10.078 8.299 2.596 10.896 
170523223019 0.853 18.096 36.843 10.078 8.300 2.391 10.899 
170523224519 0.832 18.094 37.477 10.079 8.301 2.391 10.867 
170523230019 0.827 18.085 37.509 10.083 8.301 2.498 10.889 
170523231519 0.840 18.096 37.389 10.084 8.303 2.209 10.896 
170523233019 0.827 18.101 37.415 10.085 8.303 2.695 10.899 
170523234519 0.853 18.098 37.367 10.091 8.304 2.604 10.867 
180523000019 0.860 18.109 37.360 10.091 8.304 2.611 10.889 
180523001519 0.772 18.112 37.338 10.095 8.304 2.156 10.896 
180523003019 0.818 18.106 37.358 10.102 8.303 2.239 10.899 
180523004519 0.831 18.109 37.332 10.105 8.302 2.467 10.866 
180523010019 0.831 18.120 37.324 10.104 8.301 2.642 10.890 
180523011519 0.819 18.110 37.324 10.113 8.300 2.217 10.896 
180523013019 0.882 18.100 37.301 10.116 8.298 3.355 10.899 
180523014519 0.805 18.112 37.313 10.119 8.297 2.536 10.867 
180523020019 0.792 18.095 37.289 10.125 8.296 2.877 10.890 
180523021519 0.821 18.072 37.290 10.132 8.295 2.665 10.896 
180523023019 0.862 18.066 37.305 10.132 8.294 2.543 10.899 
180523024519 0.822 18.051 37.614 10.135 8.294 2.566 10.859 
180523030019 0.787 18.035 37.560 10.136 8.294 2.368 10.887 
180523031519 0.874 18.027 37.519 10.136 8.292 2.422 10.894 
180523033019 0.847 17.993 37.551 10.145 8.292 2.323 10.897 
180523034519 0.852 17.973 37.444 10.144 8.292 3.143 10.866 
180523040019 0.805 17.978 37.350 10.138 8.291 3.340 10.888 
180523041519 0.798 17.971 37.140 10.136 8.291 2.262 10.895 
180523043019 0.859 17.954 37.203 10.131 8.291 2.346 10.897 
180523044519 0.831 17.930 37.264 10.129 8.292 3.333 10.863 
180523050019 0.829 17.957 37.281 10.115 8.294 3.090 10.887 
180523051519 0.834 17.968 37.269 10.107 8.295 2.573 10.894 
180523053019 0.844 17.978 37.281 10.095 8.295 2.232 10.897 
180523054519 0.911 17.975 37.322 10.087 8.295 2.520 10.865 
180523060019 0.857 18.000 37.357 10.074 8.295 2.467 10.888 
180523061519 0.798 18.006 37.327 10.065 8.294 2.399 10.895 
180523063019 0.807 18.009 37.374 10.058 8.296 1.625 10.897 
180523064519 0.758 18.021 37.409 10.044 8.296 1.366 10.866 
180523070019 0.846 18.021 37.394 10.039 8.296 1.738 10.888 
180523071519 0.843 18.018 37.442 10.037 8.295 1.875 10.894 
180523073019 0.834 18.011 37.445 10.034 8.294 1.776 10.897 
180523074519 0.813 18.014 37.432 10.026 8.294 1.761 10.858 
180523080019 0.808 18.019 37.475 10.017 8.294 1.883 10.886 
180523081519 0.855 18.029 37.425 10.010 8.294 1.761 10.894 
180523083019 0.817 18.044 37.165 10.005 8.294 1.291 10.896 
180523084519 0.838 18.076 37.460 10.000 8.293 1.989 10.866 
180523090019 0.831 18.079 37.485 10.002 8.294 1.974 10.888 
180523091519 0.828 18.082 37.539 10.002 8.294 1.237 10.895 
180523093019 0.835 18.090 37.296 10.003 8.295 1.723 10.897 
180523094519 0.826 18.081 37.487 10.010 8.296 1.708 10.866 
180523100019 0.854 18.082 37.379 10.017 8.296 1.792 10.888 
180523101519 0.852 18.102 37.442 10.016 8.295 1.237 10.895 
180523103019 0.851 18.100 37.475 10.022 8.296 0.949 10.897 
180523104519 0.858 18.106 37.496 10.027 8.295 1.336 10.858 
180523110019 0.853 18.116 37.484 10.031 8.295 1.283 10.886 
180523111519 0.874 18.109 37.511 10.039 8.295 1.670 10.894 
180523113019 0.877 18.107 37.571 10.050 8.295 0.881 10.896 
180523114519 0.830 18.109 37.567 10.056 8.294 0.805 10.864 
180523120019 0.843 18.119 37.453 10.064 8.294 1.139 10.888 
