SAMBAT Sea Ti  C/T/D/Odo/Fluo/pH GPS : 50195 
V:0,Pression (0/50),dba
V:1,Température (-5/35),°C
V:2,Salinité (2/42),g/l
V:3,Oxygène (0/20),mgl
V:4,PH (0/14),pH
V:5,Fluorescence (0/500),ppb
V:6,Tension batterie,V
010523112132 0.806 16.541 37.714 10.228 8.271 8.783 10.747 
010523113631 0.771 16.705 37.843 10.182 8.272 5.162 10.686 
010523115131 0.775 16.705 37.804 10.194 8.266 4.023 10.839 
010523120631 0.753 16.713 37.815 10.185 8.266 4.160 10.861 
010523122131 0.760 16.748 37.859 10.183 8.266 3.978 10.870 
010523123631 0.753 16.765 37.828 10.187 8.270 6.878 10.710 
010523125131 0.825 16.787 37.843 10.190 8.266 6.787 10.853 
010523130631 0.769 16.798 37.797 10.192 8.265 4.403 10.868 
010523132131 0.780 16.806 37.851 10.202 8.265 4.099 10.875 
010523133631 0.747 16.820 37.870 10.204 8.269 3.226 10.699 
010523135131 0.770 16.902 37.711 10.210 8.265 4.578 10.855 
010523140631 0.752 16.882 37.819 10.225 8.265 2.422 10.870 
010523142131 0.734 16.901 37.789 10.234 8.265 3.689 10.877 
010523143631 0.751 16.883 37.771 10.248 8.269 2.816 10.712 
010523145131 0.804 17.066 37.693 10.256 8.262 6.058 10.855 
010523150631 0.776 17.186 37.670 10.265 8.263 9.102 10.872 
010523152131 0.752 17.086 37.684 10.278 8.264 8.145 10.878 
010523153631 0.761 17.284 37.749 10.265 8.270 15.221 10.713 
010523155131 0.758 17.531 37.722 10.217 8.269 19.419 10.857 
010523160631 0.796 17.161 37.770 10.313 8.267 10.529 10.873 
010523162131 0.766 17.140 37.781 10.323 8.269 9.140 10.879 
010523163631 0.793 17.073 37.758 10.334 8.273 11.061 10.711 
010523165131 0.790 17.202 37.781 10.343 8.272 14.591 10.858 
010523170631 0.770 17.355 37.635 10.315 8.270 31.329 10.874 
010523172131 0.759 17.334 37.617 10.333 8.269 26.767 10.879 
010523173631 0.764 17.285 37.621 10.351 8.272 27.936 10.729 
010523175131 0.772 17.299 37.576 10.354 8.268 27.769 10.862 
010523180631 0.740 17.252 37.553 10.379 8.267 35.846 10.875 
010523182131 0.734 17.210 37.592 10.388 8.264 20.702 10.880 
010523183631 0.746 17.119 37.525 10.394 8.269 18.940 10.709 
010523185131 0.682 17.110 37.625 10.397 8.264 17.612 10.857 
010523190631 0.749 17.074 37.656 10.400 8.264 13.642 10.873 
010523192131 0.641 17.045 37.688 10.405 8.266 18.136 10.879 
010523193631 0.784 17.014 37.750 10.411 8.271 14.666 10.716 
010523195131 0.714 16.988 37.771 10.417 8.267 16.344 10.855 
010523200631 0.831 16.953 37.789 10.423 8.265 9.687 10.872 
010523202131 0.582 16.910 37.746 10.425 8.264 9.360 10.878 
010523203631 0.539 16.913 37.864 10.425 8.265 9.702 10.715 
010523205131 0.762 16.877 37.861 10.424 8.260 9.474 10.857 
010523210631 0.753 16.840 37.883 10.424 8.258 9.216 10.872 
010523212131 0.825 16.811 37.883 10.426 8.259 8.290 10.877 
010523213631 0.759 16.800 37.855 10.428 8.263 6.620 10.716 
010523215131 0.631 16.735 37.863 10.436 8.259 6.620 10.856 
010523220631 0.796 16.674 37.872 10.446 8.262 4.881 10.871 
010523222131 0.831 16.633 37.866 10.449 8.263 4.357 10.877 
010523223631 0.732 16.584 37.866 10.455 8.266 5.542 10.712 
010523225131 0.790 16.546 37.847 10.459 8.262 4.760 10.855 
010523230631 0.802 16.523 37.867 10.450 8.263 4.479 10.870 
010523232131 0.691 16.505 37.871 10.445 8.263 4.532 10.875 
010523233631 0.754 16.491 37.881 10.446 8.267 4.714 10.712 
010523235131 0.791 16.473 37.883 10.444 8.264 3.484 10.854 
020523000631 0.798 16.458 37.876 10.437 8.265 4.077 10.869 
020523002131 0.821 16.459 37.558 10.428 8.265 4.494 10.875 
020523003631 0.753 16.445 37.779 10.425 8.270 4.502 10.712 
020523005131 0.775 16.421 37.876 10.420 8.267 4.502 10.853 
020523010631 0.755 16.406 37.875 10.420 8.267 5.063 10.868 
020523012131 0.747 16.477 37.839 10.398 8.274 6.551 10.874 
020523013631 0.748 16.550 37.801 10.367 8.282 8.229 10.711 
020523015131 0.783 16.569 37.801 10.355 8.278 10.165 10.853 
020523020631 0.744 16.559 37.779 10.350 8.278 9.611 10.868 
020523022131 0.787 16.533 37.770 10.352 8.279 8.168 10.874 
020523023631 0.747 16.542 37.800 10.349 8.284 8.487 10.709 
020523025131 0.796 16.530 37.797 10.350 8.281 8.199 10.853 
020523030631 0.796 16.513 37.810 10.354 8.281 8.533 10.868 
020523032131 0.788 16.512 37.803 10.359 8.281 8.115 10.875 
020523033631 0.777 16.496 37.789 10.375 8.285 8.973 10.703 
020523035131 0.716 16.459 37.753 10.388 8.281 7.470 10.853 
020523040631 0.775 16.446 37.822 10.396 8.280 7.318 10.868 
020523042131 0.644 16.387 37.828 10.416 8.278 5.724 10.874 
020523043631 0.783 16.359 37.850 10.425 8.282 7.348 10.711 
020523045131 0.836 16.308 37.854 10.439 8.277 4.866 10.853 
020523050631 0.835 16.247 37.850 10.460 8.277 5.314 10.868 
020523052131 0.712 16.172 37.846 10.480 8.275 5.633 10.873 
020523053631 0.720 16.122 37.846 10.496 8.278 3.409 10.709 
020523055131 0.825 16.088 37.857 10.500 8.274 2.892 10.851 
020523060631 0.744 16.073 37.870 10.508 8.274 3.241 10.867 
020523062131 0.713 16.013 37.875 10.522 8.274 2.983 10.872 
020523063631 0.699 15.994 37.856 10.521 8.277 2.710 10.707 
020523065131 0.797 15.967 37.866 10.521 8.272 2.627 10.850 
020523070631 0.763 15.922 37.863 10.532 8.271 2.376 10.865 
020523072131 0.741 15.903 37.812 10.531 8.270 2.255 10.871 
020523073631 0.713 15.891 37.855 10.523 8.274 1.784 10.706 
020523075131 0.830 15.894 37.868 10.514 8.270 2.012 10.849 
020523080631 0.780 15.865 37.873 10.511 8.270 2.406 10.864 
020523082131 0.600 15.869 37.869 10.498 8.270 2.186 10.870 
020523083631 0.649 15.865 37.873 10.489 8.274 2.475 10.707 
020523085131 0.720 15.868 37.871 10.477 8.270 2.399 10.848 
020523090631 0.721 15.863 37.875 10.466 8.270 2.520 10.864 
020523092131 0.779 15.860 37.866 10.454 8.270 2.072 10.870 
020523093631 0.781 15.857 37.863 10.441 8.273 2.748 10.706 
020523095131 0.769 15.854 37.865 10.428 8.269 2.414 10.848 
020523100631 0.757 15.847 37.872 10.421 8.269 2.505 10.864 
020523102131 0.796 15.846 37.866 10.411 8.268 2.437 10.870 
020523103631 0.836 15.849 37.871 10.396 8.272 2.414 10.704 
020523105131 0.736 15.845 37.875 10.389 8.267 1.905 10.848 
020523110631 0.869 15.866 37.864 10.372 8.268 1.867 10.864 
020523112131 0.792 15.897 37.871 10.358 8.268 1.632 10.870 
