SAMBAT Sea Ti  C/T/D/Odo/Fluo/pH GPS : 50195 
V:0,Pression (0/50),dba
V:1,Température (-5/35),°C
V:2,Salinité (2/42),g/l
V:3,Oxygène (0/20),mgl
V:4,PH (0/14),pH
V:5,Fluorescence (0/500),ppb
V:6,Tension batterie,V
130423103824 0.745 15.041 38.167 10.908 8.258 0.767 10.721 
130423105323 0.690 15.043 38.165 10.896 8.258 0.934 10.804 
130423110823 0.743 15.045 38.174 10.884 8.258 0.562 10.834 
130423112323 0.666 15.037 38.173 10.879 8.259 1.070 10.847 
130423113823 0.768 15.028 38.173 10.876 8.259 1.161 10.797 
130423115323 0.717 15.028 38.169 10.868 8.259 1.032 10.836 
130423120823 0.743 15.033 38.172 10.863 8.259 0.789 10.850 
130423122323 0.696 15.029 38.171 10.860 8.258 0.349 10.855 
130423123823 0.582 15.037 38.173 10.852 8.257 0.243 10.788 
130423125323 0.721 15.048 38.171 10.844 8.256 0.000 10.835 
130423130823 0.658 15.050 38.173 10.844 8.256 1.966 10.849 
130423132323 0.583 15.052 38.171 10.842 8.256 4.031 10.855 
130423133823 0.530 15.051 38.168 10.842 8.256 0.569 10.788 
130423135323 0.722 15.056 38.177 10.837 8.255 0.402 10.834 
130423140823 0.822 15.060 38.176 10.833 8.253 0.288 10.849 
130423142323 0.606 15.055 38.173 10.830 8.253 2.475 10.855 
130423143823 0.509 15.061 38.169 10.826 8.250 0.615 10.801 
130423145323 0.854 15.061 38.175 10.823 8.250 0.607 10.840 
130423150823 0.702 15.061 38.177 10.817 8.246 1.602 10.851 
130423152323 0.768 15.066 38.186 10.814 8.244 0.000 10.857 
130423153823 0.694 15.066 38.169 10.811 8.244 0.000 10.801 
130423155323 0.787 15.071 38.179 10.803 8.244 0.000 10.840 
130423160823 0.625 15.074 38.171 10.797 8.244 0.000 10.852 
130423162323 0.751 15.076 38.184 10.789 8.245 0.638 10.857 
130423163823 0.751 15.064 38.181 10.796 8.253 0.676 10.786 
130423165323 0.691 15.100 38.178 10.784 8.255 1.215 10.834 
130423170823 0.834 15.119 38.181 10.784 8.260 0.881 10.849 
130423172323 0.678 15.157 38.183 10.781 8.264 1.344 10.856 
130423173823 0.789 15.179 38.178 10.778 8.265 1.693 10.800 
130423175323 0.658 15.217 38.183 10.768 8.267 2.293 10.840 
130423180823 0.700 15.231 38.191 10.770 8.277 2.513 10.852 
130423182323 0.664 15.257 38.184 10.776 8.281 2.270 10.857 
130423183823 0.746 15.214 38.179 10.798 8.279 2.596 10.790 
130423185323 0.637 15.188 38.178 10.812 8.277 2.740 10.836 
130423190823 0.867 15.038 38.136 10.860 8.277 2.520 10.851 
130423192323 0.670 15.054 38.126 10.856 8.275 2.596 10.856 
130423193823 0.702 15.040 38.123 10.874 8.269 2.194 10.799 
130423195323 0.662 15.098 38.126 10.867 8.277 2.331 10.839 
130423200823 0.704 15.119 38.131 10.870 8.276 2.710 10.852 
130423202323 0.876 15.146 38.123 10.881 8.275 2.429 10.857 
130423203823 0.627 15.222 38.143 10.861 8.278 2.467 10.801 
130423205323 0.639 15.240 38.114 10.872 8.286 2.604 10.840 
130423210823 0.726 15.343 38.136 10.857 8.288 2.065 10.852 
130423212323 0.843 15.403 38.168 10.852 8.292 2.315 10.857 
130423213823 0.722 15.428 38.182 10.855 8.294 1.921 10.791 
130423215323 0.728 15.418 38.181 10.869 8.292 2.361 10.836 
130423220823 0.679 15.382 38.180 10.897 8.292 2.513 10.851 
130423222323 0.637 15.392 38.181 10.910 8.296 2.270 10.857 
130423223823 0.631 15.374 38.170 10.927 8.299 2.148 10.803 
130423225323 0.663 15.317 38.137 10.951 8.302 2.072 10.842 
130423230823 0.718 15.328 38.136 10.960 8.310 2.391 10.853 
130423232323 0.751 15.357 38.167 10.969 8.310 2.376 10.858 
130423233823 0.699 15.323 38.158 10.992 8.308 2.118 10.791 
130423235323 0.528 15.316 38.176 11.001 8.300 2.748 10.836 
140423000823 0.657 15.196 38.174 11.048 8.288 2.384 10.851 
140423002323 0.704 15.089 38.171 11.076 8.269 2.353 10.857 
140423003823 0.700 15.068 38.160 11.081 8.268 2.088 10.802 
140423005323 0.811 15.028 38.157 11.083 8.268 2.566 10.840 
140423010823 0.613 14.993 38.165 11.085 8.261 2.771 10.852 
140423012323 0.699 14.963 38.164 11.088 8.259 2.589 10.857 
140423013823 0.554 14.966 38.162 11.080 8.255 2.794 10.788 
140423015323 0.701 14.960 38.169 11.070 8.254 2.536 10.834 
140423020823 0.722 14.957 38.164 11.055 8.253 2.376 10.848 
140423022323 0.589 14.963 38.163 11.036 8.253 2.490 10.855 
140423023823 0.560 14.952 38.156 11.023 8.253 2.520 10.800 
140423025323 0.526 14.935 37.849 11.013 8.254 2.976 10.838 
140423030823 0.538 14.949 38.145 10.991 8.253 2.513 10.850 
140423032323 0.659 14.960 38.158 10.971 8.255 2.672 10.855 
140423033823 0.777 14.968 38.174 10.948 8.255 2.308 10.799 
140423035323 0.560 14.964 38.166 10.934 8.256 2.156 10.838 
140423040823 0.584 14.954 38.169 10.920 8.258 2.293 10.850 
140423042323 0.717 14.944 38.168 10.903 8.258 2.505 10.855 
140423043823 0.721 14.937 38.162 10.846 8.260 2.346 10.784 
140423045323 0.648 14.943 38.168 10.824 8.260 2.293 10.832 
140423050823 0.694 14.927 38.173 10.804 8.260 2.088 10.847 
140423052323 0.701 14.939 38.165 10.779 8.261 2.414 10.853 
140423053823 0.640 14.936 38.169 10.755 8.262 2.573 10.799 
140423055323 0.642 14.937 38.173 10.737 8.262 2.414 10.837 
140423060823 0.553 14.940 38.172 10.724 8.263 2.634 10.849 
140423062323 0.782 14.937 38.177 10.719 8.262 2.399 10.855 
140423063823 0.759 14.928 38.166 10.716 8.262 2.141 10.787 
140423065323 0.730 14.930 38.176 10.711 8.261 2.460 10.833 
140423070823 0.784 14.923 38.172 10.712 8.261 2.027 10.847 
140423072323 0.783 14.902 38.170 10.713 8.262 2.437 10.853 
140423073823 0.784 14.912 38.174 10.715 8.262 1.268 10.799 
140423075323 0.728 14.883 38.177 10.721 8.260 1.177 10.837 
140423080823 0.797 14.885 38.173 10.723 8.260 0.865 10.849 
140423082323 0.754 14.883 38.180 10.724 8.258 0.607 10.854 
140423083823 0.617 14.867 38.180 10.732 8.258 1.161 10.798 
140423085323 0.881 14.843 38.178 10.740 8.256 0.137 10.837 
140423090823 0.554 14.837 38.183 10.742 8.255 1.306 10.849 
140423092323 0.819 14.840 38.178 10.742 8.255 1.313 10.853 
140423093823 0.722 14.835 38.176 10.741 8.253 1.359 10.787 
140423095323 0.694 14.850 38.175 10.738 8.254 2.361 10.832 
140423100823 0.592 14.862 38.178 10.732 8.255 1.632 10.847 
140423102323 0.597 14.868 38.181 10.729 8.255 1.199 10.853 
140423103823 0.744 14.861 38.176 10.732 8.255 0.433 10.799 
