SAMBAT Sea Ti  C/T/D/Odo/Fluo/pH GPS : 50195 
V:0,Pression (0/50),dba
V:1,Température (-5/35),°C
V:2,Salinité (2/42),g/l
V:3,Oxygène (0/20),mgl
V:4,PH (0/14),pH
V:5,Fluorescence (0/500),ppb
V:6,Tension batterie,V
010623123604 0.844 21.364 38.008 9.218 8.257 0.433 10.796 
010623125103 0.855 21.535 38.177 9.106 8.255 0.334 10.885 
010623130603 0.851 21.500 38.203 9.142 8.253 0.622 10.910 
010623132103 0.812 21.679 38.118 9.102 8.249 0.402 10.919 
010623133603 0.804 21.735 38.112 9.100 8.246 0.729 10.922 
010623135103 0.825 21.667 38.137 9.109 8.245 0.418 10.909 
010623140603 0.755 21.826 38.122 9.075 8.247 0.850 10.921 
010623142103 0.791 21.678 38.119 9.118 8.248 0.433 10.924 
010623143603 0.754 21.908 38.138 9.069 8.248 0.592 10.926 
010623145103 0.839 21.886 38.128 9.075 8.248 0.592 10.912 
010623150603 0.858 21.886 38.078 9.095 8.249 0.767 10.923 
010623152103 0.797 21.884 38.092 9.090 8.250 0.478 10.926 
010623153603 0.795 21.930 38.097 9.101 8.251 0.729 10.923 
010623155103 0.841 21.990 38.089 9.091 8.250 0.372 10.913 
010623160603 0.818 21.977 38.073 9.102 8.250 0.311 10.924 
010623162103 0.778 21.964 38.087 9.106 8.249 0.418 10.927 
010623163603 0.804 21.997 38.078 9.113 8.249 0.387 10.926 
010623165103 0.769 21.967 38.076 9.126 8.248 0.698 10.910 
010623170603 0.848 22.014 38.088 9.118 8.248 0.668 10.924 
010623172103 0.816 21.993 38.101 9.126 8.247 0.668 10.927 
010623173603 0.810 21.923 38.060 9.154 8.247 1.093 10.928 
010623175103 0.820 21.881 38.097 9.159 8.247 0.729 10.911 
010623180603 0.796 21.865 38.072 9.172 8.248 0.774 10.924 
010623182103 0.821 21.698 38.087 9.212 8.248 1.139 10.927 
010623183603 0.793 21.530 38.075 9.257 8.249 0.653 10.927 
010623185103 0.814 21.407 38.080 9.282 8.251 0.789 10.913 
010623190603 0.842 21.380 38.072 9.288 8.251 0.843 10.923 
010623192103 0.776 21.396 38.087 9.287 8.252 1.161 10.925 
010623193603 0.799 21.431 38.088 9.279 8.252 1.017 10.926 
010623195103 0.816 21.470 38.089 9.266 8.253 0.865 10.913 
010623200603 0.817 21.472 38.081 9.265 8.253 0.934 10.923 
010623202103 0.810 21.445 38.091 9.273 8.253 1.465 10.924 
010623203603 0.828 21.428 38.087 9.278 8.254 0.873 10.925 
010623205103 0.797 21.411 38.093 9.277 8.254 0.979 10.907 
010623210603 0.799 21.402 38.098 9.277 8.254 1.480 10.918 
010623212103 0.809 21.413 38.095 9.268 8.254 0.888 10.921 
010623213603 0.829 21.407 38.102 9.263 8.255 0.881 10.920 
010623215103 0.831 21.404 38.103 9.262 8.255 1.488 10.906 
010623220603 0.800 21.416 38.102 9.259 8.255 0.926 10.920 
010623222103 0.832 21.400 38.105 9.258 8.255 1.017 10.919 
010623223603 0.834 21.336 38.095 9.275 8.255 1.237 10.923 
010623225103 0.796 21.284 38.104 9.279 8.255 1.222 10.909 
010623230603 0.838 21.279 38.098 9.278 8.255 1.184 10.920 
010623232103 0.819 21.278 38.093 9.275 8.256 1.070 10.923 
010623233603 0.814 21.284 38.073 9.274 8.256 1.306 10.924 
010623235103 0.805 21.263 38.081 9.278 8.257 1.442 10.906 
020623000603 0.815 21.236 38.096 9.281 8.257 1.078 10.915 
020623002103 0.808 21.184 38.097 9.290 8.258 0.987 10.919 
020623003603 0.815 21.136 38.093 9.301 8.259 1.048 10.922 
020623005103 0.834 21.046 38.091 9.323 8.260 1.313 10.905 
020623010603 0.820 20.967 38.084 9.339 8.262 1.253 10.918 
020623012103 0.814 20.926 38.047 9.360 8.270 1.207 10.917 
020623013603 0.824 20.864 38.055 9.370 8.270 1.139 10.921 
020623015103 0.803 20.790 38.057 9.374 8.272 1.032 10.903 
020623020603 0.821 20.745 38.063 9.378 8.270 1.336 10.914 
020623022103 0.824 20.717 38.065 9.383 8.270 1.177 10.915 
020623023603 0.837 20.678 38.056 9.385 8.270 0.881 10.919 
020623025103 0.810 20.621 38.085 9.389 8.268 0.987 10.901 
020623030603 0.799 20.566 38.084 9.392 8.270 0.934 10.910 
020623032103 0.821 20.549 38.086 9.392 8.269 0.941 10.913 
020623033603 0.813 20.516 38.092 9.391 8.270 2.042 10.916 
020623035103 0.817 20.502 38.095 9.396 8.269 0.881 10.902 
020623040603 0.805 20.461 38.092 9.403 8.268 0.911 10.914 
020623042103 0.819 20.479 38.075 9.396 8.269 1.116 10.917 
020623043603 0.809 20.485 38.062 9.387 8.270 1.025 10.914 
020623045103 0.806 20.465 38.080 9.385 8.270 1.131 10.902 
020623050603 0.821 20.549 38.082 9.363 8.275 1.146 10.914 
020623052103 0.805 20.548 38.080 9.359 8.274 1.025 10.917 
020623053603 0.814 20.539 38.083 9.345 8.274 1.124 10.914 
020623055103 0.796 20.559 38.013 9.342 8.274 1.161 10.894 
020623060603 0.808 20.547 38.090 9.338 8.274 0.979 10.911 
020623062103 0.830 20.551 37.912 9.331 8.273 0.941 10.911 
020623063603 0.830 20.570 37.875 9.330 8.272 1.078 10.914 
020623065103 0.809 20.597 38.018 9.329 8.270 1.025 10.901 
020623070603 0.810 20.672 38.097 9.327 8.270 1.571 10.913 
020623072103 0.828 20.740 38.058 9.327 8.269 0.509 10.912 
020623073603 0.826 20.808 38.062 9.326 8.267 0.858 10.917 
020623075103 0.823 20.864 38.077 9.325 8.266 0.820 10.903 
020623080603 0.807 20.901 38.073 9.327 8.265 0.622 10.910 
020623082103 0.825 20.926 38.073 9.327 8.265 1.427 10.913 
020623083603 0.809 20.932 38.082 9.323 8.264 0.622 10.918 
020623085103 0.823 20.987 38.076 9.308 8.263 0.638 10.903 
020623090603 0.809 20.996 38.082 9.305 8.262 0.782 10.915 
020623092103 0.813 21.032 38.084 9.298 8.262 0.478 10.919 
020623093603 0.816 21.210 38.128 9.255 8.261 0.433 10.920 
020623095103 0.808 21.301 38.117 9.233 8.260 0.425 10.902 
020623100603 0.814 21.331 38.088 9.231 8.259 0.471 10.916 
020623102103 0.813 21.444 38.133 9.196 8.258 0.326 10.920 
020623103603 0.813 21.485 38.121 9.184 8.257 0.418 10.921 
020623105103 0.766 21.458 38.036 9.193 8.256 0.440 10.907 
020623110603 0.790 21.420 38.046 9.198 8.256 0.425 10.914 
020623112103 0.829 21.415 37.984 9.214 8.256 0.630 10.919 
020623113603 0.823 21.450 38.066 9.201 8.255 0.380 10.922 
020623115103 0.829 21.445 38.139 9.196 8.255 0.562 10.905 
020623120603 0.752 21.410 38.125 9.216 8.254 0.342 10.918 
020623122103 0.784 21.502 38.062 9.190 8.254 0.349 10.919 
020623123603 0.837 21.590 38.069 9.172 8.253 0.463 10.920 
