SAMBAT Sea Ti  C/T/D/Odo/Fluo/pH GPS : 50195 
V:0,Pression (0/50),dba
V:1,Température (-5/35),°C
V:2,Salinité (2/42),g/l
V:3,Oxygène (0/20),mgl
V:4,PH (0/14),pH
V:5,Fluorescence (0/500),ppb
V:6,Tension batterie,V
280423111406 0.879 16.551 37.767 10.142 8.253 1.769 10.742 
280423112905 0.856 16.764 37.772 10.089 8.252 1.693 10.827 
280423114405 0.877 16.945 37.764 10.075 8.250 1.708 10.819 
280423115905 0.863 16.954 37.781 10.083 8.251 1.860 10.853 
280423121405 0.880 16.894 37.780 10.090 8.250 1.685 10.865 
280423122905 0.834 16.862 37.776 10.097 8.252 1.700 10.871 
280423124405 0.880 16.894 37.793 10.102 8.251 1.655 10.838 
280423125905 0.859 16.910 37.760 10.107 8.249 1.761 10.862 
280423131405 0.869 17.065 37.802 10.111 8.249 2.270 10.871 
280423132905 0.865 17.193 37.801 10.114 8.248 2.255 10.875 
280423134405 0.864 17.267 37.811 10.109 8.248 2.164 10.840 
280423135905 0.837 17.201 37.804 10.121 8.248 2.186 10.865 
280423141405 0.860 17.275 37.807 10.113 8.248 2.384 10.873 
280423142905 0.846 17.493 37.817 10.049 8.246 2.581 10.877 
280423144405 0.861 17.539 37.791 10.035 8.246 2.528 10.833 
280423145905 0.862 17.357 37.819 10.092 8.246 2.763 10.864 
280423151405 0.886 17.393 37.821 10.074 8.246 2.771 10.873 
280423152905 0.840 17.314 37.827 10.097 8.245 2.839 10.878 
280423154405 0.860 17.370 37.843 10.081 8.246 3.067 10.844 
280423155905 0.858 17.462 37.839 10.059 8.245 3.644 10.867 
280423161405 0.852 17.427 37.847 10.067 8.245 4.168 10.876 
280423162905 0.862 17.448 37.833 10.066 8.245 4.244 10.879 
280423164405 0.841 17.396 37.835 10.084 8.246 4.532 10.843 
280423165905 0.853 17.405 37.833 10.077 8.247 5.359 10.868 
280423171405 0.848 17.288 37.790 10.122 8.249 5.048 10.876 
280423172905 0.824 17.301 37.801 10.126 8.251 4.843 10.879 
280423174405 0.862 17.208 37.809 10.144 8.254 4.221 10.835 
280423175905 0.827 17.276 37.835 10.134 8.253 5.769 10.864 
280423181405 0.843 17.285 37.839 10.135 8.253 4.638 10.874 
280423182905 0.855 17.201 37.843 10.157 8.255 4.669 10.877 
280423184405 0.851 17.156 37.829 10.164 8.257 4.160 10.842 
280423185905 0.852 17.133 37.827 10.170 8.261 3.910 10.866 
280423191405 0.861 17.120 37.821 10.179 8.262 5.086 10.875 
280423192905 0.835 17.069 37.818 10.189 8.267 2.900 10.877 
280423194405 0.850 17.027 37.818 10.200 8.269 2.748 10.833 
280423195905 0.864 17.000 37.810 10.213 8.271 3.879 10.862 
280423201405 0.853 16.952 37.808 10.226 8.272 4.342 10.872 
280423202905 0.850 16.917 37.819 10.238 8.271 2.953 10.875 
280423204405 0.856 16.882 37.818 10.252 8.272 3.211 10.841 
280423205905 0.867 16.832 37.825 10.268 8.274 3.037 10.864 
280423211405 0.849 16.792 37.825 10.295 8.274 3.393 10.872 
280423212905 0.849 16.715 37.824 10.324 8.274 2.862 10.875 
280423214405 0.858 16.673 37.816 10.355 8.274 3.340 10.839 
280423215905 0.856 16.611 37.817 10.376 8.272 3.241 10.863 
280423221405 0.868 16.581 37.820 10.397 8.277 2.877 10.870 
280423222905 0.869 16.579 37.743 10.410 8.285 2.809 10.873 
280423224405 0.862 16.584 37.780 10.422 8.284 2.961 10.838 
280423225905 0.837 16.549 37.792 10.441 8.279 2.991 10.861 
280423231405 0.830 16.521 37.765 10.461 8.286 2.589 10.869 
280423232905 0.852 16.526 37.748 10.474 8.286 2.566 10.873 
280423234405 0.843 16.498 37.776 10.492 8.283 3.166 10.828 
280423235905 0.842 16.554 37.797 10.484 8.276 3.097 10.857 
290423001405 0.846 16.572 37.805 10.484 8.275 2.619 10.867 
290423002905 0.831 16.550 37.799 10.495 8.277 3.606 10.870 
290423004405 0.852 16.654 37.820 10.466 8.271 3.773 10.836 
290423005905 0.852 16.715 37.815 10.444 8.269 3.317 10.860 
290423011405 0.852 16.723 37.804 10.442 8.268 4.077 10.868 
290423012905 0.827 16.726 37.823 10.435 8.264 4.077 10.872 
290423014405 0.841 16.732 37.811 10.426 8.258 4.965 10.842 
290423015905 0.845 16.758 37.803 10.409 8.257 5.861 10.863 
290423021405 0.822 16.759 37.813 10.399 8.258 4.570 10.870 
290423022905 0.835 16.763 37.805 10.384 8.255 5.041 10.873 
290423024405 0.835 16.769 37.806 10.371 8.249 5.086 10.835 
290423025905 0.837 16.764 37.805 10.359 8.255 5.359 10.860 
290423031405 0.833 16.773 37.797 10.345 8.257 5.610 10.869 
290423032905 0.831 16.801 37.800 10.324 8.255 5.018 10.873 
290423034405 0.816 16.815 37.584 10.309 8.257 4.919 10.828 
290423035905 0.834 16.810 37.572 10.301 8.254 4.729 10.857 
290423041405 0.822 16.806 37.806 10.292 8.251 5.663 10.868 
290423042905 0.821 16.803 37.818 10.286 8.248 5.838 10.872 
290423044405 0.820 16.803 37.822 10.272 8.255 4.950 10.838 
290423045905 0.820 16.787 37.825 10.262 8.255 6.073 10.861 
290423051405 0.834 16.770 37.830 10.254 8.251 7.652 10.869 
290423052905 0.817 16.788 37.823 10.235 8.255 4.995 10.873 
290423054405 0.836 16.784 37.839 10.220 8.253 6.559 10.828 
290423055905 0.842 16.782 37.836 10.208 8.256 6.065 10.858 
290423061405 0.836 16.784 37.833 10.199 8.257 6.938 10.868 
290423062905 0.822 16.777 37.835 10.194 8.259 6.817 10.872 
290423064405 0.826 16.791 37.833 10.183 8.260 6.969 10.837 
290423065905 0.813 16.781 37.836 10.178 8.258 6.195 10.861 
290423071405 0.819 16.761 37.835 10.177 8.259 5.200 10.869 
290423072905 0.822 16.747 37.838 10.176 8.259 5.701 10.872 
290423074405 0.826 16.747 37.844 10.175 8.260 5.314 10.837 
290423075905 0.824 16.754 37.844 10.174 8.259 4.061 10.861 
290423081405 0.814 16.764 37.835 10.172 8.258 5.830 10.869 
290423082905 0.819 16.730 37.842 10.180 8.258 4.836 10.873 
290423084405 0.827 16.786 37.846 10.169 8.258 4.775 10.829 
290423085905 0.807 16.809 37.848 10.164 8.258 5.557 10.857 
290423091405 0.817 16.798 37.854 10.170 8.257 6.673 10.868 
290423092905 0.846 16.783 37.861 10.172 8.256 5.268 10.872 
290423094405 0.818 16.786 37.864 10.171 8.255 4.767 10.837 
290423095905 0.832 16.827 37.863 10.158 8.255 4.972 10.861 
290423101405 0.828 16.885 37.856 10.157 8.257 4.843 10.870 
290423102905 0.817 16.870 37.852 10.160 8.257 4.130 10.873 
290423104405 0.830 16.893 37.855 10.162 8.253 2.771 10.838 
290423105905 0.836 16.952 37.854 10.162 8.251 3.279 10.862 
290423111405 0.818 16.982 37.856 10.164 8.250 3.416 10.870 
