SAMBAT Sea Ti  C/T/D/Odo/Fluo/pH GPS : 50195 
V:0,Pression (0/50),dba
V:1,Température (-5/35),°C
V:2,Salinité (2/42),g/l
V:3,Oxygène (0/20),mgl
V:4,PH (0/14),pH
V:5,Fluorescence (0/500),ppb
V:6,Tension batterie,V
050723140212 0.774 25.588 39.050 8.360 8.264 0.736 10.835 
050723141711 0.709 25.563 39.056 8.366 8.264 0.805 10.936 
050723143211 0.789 25.594 39.045 8.358 8.264 0.843 10.949 
050723144711 0.750 25.762 39.038 8.326 8.264 0.600 10.931 
050723150211 0.831 25.824 39.065 8.303 8.263 0.911 10.949 
050723151711 0.724 25.855 39.049 8.299 8.262 0.683 10.951 
050723153211 0.831 25.779 39.077 8.307 8.262 0.979 10.953 
050723154711 0.779 25.723 39.076 8.316 8.262 0.896 10.932 
050723160211 0.806 25.655 39.063 8.329 8.262 1.032 10.951 
050723161711 0.761 25.664 39.061 8.328 8.263 0.592 10.952 
050723163211 0.790 25.617 39.054 8.335 8.263 1.754 10.952 
050723164711 0.882 25.611 39.050 8.339 8.263 0.957 10.933 
050723170211 0.796 25.603 39.057 8.336 8.264 1.169 10.950 
050723171711 0.755 25.536 39.049 8.350 8.265 1.237 10.952 
050723173211 0.777 25.521 39.055 8.351 8.265 1.017 10.953 
050723174711 0.816 25.486 39.045 8.354 8.266 1.412 10.923 
050723180211 0.771 25.402 39.049 8.369 8.266 1.139 10.949 
050723181711 0.839 25.385 39.049 8.372 8.267 1.177 10.951 
050723183211 0.756 25.337 39.046 8.382 8.268 1.571 10.952 
050723184711 0.769 25.313 39.041 8.386 8.269 1.587 10.932 
050723190211 0.840 25.301 39.040 8.389 8.269 1.807 10.949 
050723191711 0.811 25.278 39.044 8.393 8.270 1.526 10.951 
050723193211 0.754 25.286 39.044 8.393 8.270 1.640 10.951 
050723194711 0.818 25.275 39.040 8.399 8.270 1.852 10.931 
050723200211 0.773 25.266 39.041 8.400 8.270 1.716 10.949 
050723201711 0.734 25.232 39.053 8.405 8.270 1.632 10.951 
050723203211 0.763 25.227 39.041 8.408 8.271 1.928 10.951 
050723204711 0.830 25.221 39.036 8.407 8.270 1.594 10.931 
050723210211 0.854 25.187 39.046 8.412 8.270 1.579 10.948 
050723211711 0.769 25.173 39.045 8.416 8.269 2.558 10.950 
050723213211 0.842 25.164 39.049 8.419 8.270 1.723 10.951 
050723214711 0.811 25.158 39.044 8.422 8.270 1.587 10.920 
050723220211 0.799 25.146 39.042 8.425 8.270 1.799 10.946 
050723221711 0.730 25.155 39.043 8.423 8.271 1.594 10.949 
050723223211 0.683 25.139 39.037 8.427 8.272 1.852 10.950 
050723224711 0.778 25.124 39.048 8.427 8.272 1.678 10.929 
050723230211 0.764 25.125 39.040 8.426 8.272 1.921 10.947 
050723231711 0.771 25.114 39.046 8.425 8.273 1.495 10.949 
050723233211 0.763 25.108 39.036 8.428 8.273 1.784 10.950 
050723234711 0.864 25.086 39.050 8.428 8.274 1.784 10.929 
060723000211 0.797 25.095 39.043 8.425 8.272 1.905 10.947 
060723001711 0.803 25.090 39.036 8.425 8.273 1.814 10.949 
060723003211 0.739 25.053 39.047 8.432 8.273 1.731 10.949 
060723004711 0.893 25.040 39.044 8.433 8.274 1.382 10.919 
060723010211 0.781 25.027 39.048 8.429 8.273 1.647 10.945 
060723011711 0.784 25.001 39.044 8.431 8.272 1.549 10.948 
060723013211 0.759 24.967 39.040 8.433 8.272 1.465 10.949 
060723014711 0.847 24.936 39.029 8.437 8.272 1.518 10.929 
060723020211 0.785 24.935 39.033 8.433 8.272 1.465 10.946 
060723021711 0.772 24.923 39.038 8.431 8.271 1.404 10.948 
060723023211 0.741 24.929 39.036 8.428 8.271 1.921 10.949 
060723024711 0.787 24.912 39.027 8.427 8.272 1.435 10.928 
060723030211 0.761 24.920 39.034 8.421 8.271 1.647 10.946 
060723031711 0.726 24.920 39.041 8.418 8.272 1.526 10.948 
060723033211 0.830 24.929 39.034 8.413 8.272 1.366 10.948 
060723034711 0.867 24.887 39.036 8.418 8.272 1.435 10.914 
060723040211 0.870 24.899 39.042 8.413 8.273 1.518 10.943 
060723041711 0.734 24.890 39.027 8.415 8.273 1.662 10.947 
060723043211 0.734 24.870 39.034 8.415 8.272 1.488 10.947 
060723044711 0.810 24.840 39.028 8.419 8.271 1.549 10.930 
060723050211 0.818 24.796 39.013 8.423 8.272 1.541 10.945 
060723051711 0.785 24.785 39.032 8.420 8.272 1.640 10.947 
060723053211 0.770 24.778 39.022 8.419 8.272 1.397 10.947 
060723054711 0.825 24.778 39.013 8.419 8.272 1.640 10.925 
060723060211 0.811 24.759 39.025 8.416 8.272 1.442 10.944 
060723061711 0.793 24.767 39.022 8.413 8.271 1.351 10.947 
060723063211 0.747 24.765 39.020 8.412 8.271 1.291 10.947 
060723064711 0.761 24.768 39.024 8.410 8.272 1.511 10.916 
060723070211 0.748 24.748 39.023 8.414 8.273 1.397 10.942 
060723071711 0.766 24.890 39.032 8.385 8.270 1.291 10.946 
060723073211 0.768 24.897 39.038 8.384 8.269 1.154 10.947 
060723074711 0.739 24.906 39.035 8.388 8.268 0.615 10.926 
060723080211 0.805 24.925 39.037 8.390 8.267 0.949 10.944 
060723081711 0.781 24.957 39.042 8.386 8.266 0.691 10.947 
060723083211 0.807 24.964 39.044 8.387 8.266 0.744 10.947 
060723084711 0.809 25.008 39.030 8.382 8.266 0.524 10.927 
060723090211 0.806 25.039 39.028 8.379 8.265 0.258 10.945 
060723091711 0.761 25.078 39.035 8.372 8.265 0.759 10.947 
060723093211 0.831 25.115 39.040 8.371 8.265 0.592 10.948 
060723094711 0.789 25.180 39.072 8.358 8.263 0.547 10.917 
060723100211 0.751 25.204 39.042 8.358 8.263 0.607 10.944 
060723101711 0.744 25.202 39.034 8.367 8.262 0.471 10.947 
060723103211 0.814 25.180 39.035 8.368 8.262 0.774 10.948 
060723104711 0.764 25.315 39.044 8.348 8.262 0.440 10.928 
060723110211 0.828 25.288 39.074 8.356 8.261 0.516 10.946 
060723111711 0.723 25.309 39.024 8.366 8.261 0.577 10.948 
060723113211 0.779 25.385 39.041 8.352 8.260 0.577 10.949 
060723114711 0.778 25.434 39.034 8.353 8.260 0.448 10.928 
060723120211 0.831 25.422 39.062 8.353 8.259 0.501 10.946 
060723121711 0.835 25.633 39.032 8.326 8.260 0.547 10.949 
060723123211 0.750 25.618 39.064 8.328 8.257 0.615 10.950 
060723124711 0.741 25.512 39.084 8.341 8.258 0.676 10.920 
060723130211 0.863 25.630 39.040 8.331 8.258 0.653 10.946 
060723131711 0.778 25.774 39.045 8.300 8.257 0.288 10.949 
060723133211 0.799 25.736 39.042 8.308 8.256 0.630 10.950 
060723134711 0.802 25.759 39.049 8.304 8.257 0.630 10.927 
060723140211 0.819 25.858 39.023 8.290 8.256 0.668 10.948 
