SAMBAT Sea Ti  C/T/D/Odo/Fluo/pH GPS : 50195 
V:0,Pression (0/50),dba
V:1,Température (-5/35),°C
V:2,Salinité (2/42),g/l
V:3,Oxygène (0/20),mgl
V:4,PH (0/14),pH
V:5,Fluorescence (0/500),ppb
V:6,Tension batterie,V
120523114822 0.794 18.640 38.098 9.830 8.258 0.569 10.768 
120523120321 0.862 18.604 38.116 9.844 8.258 0.865 10.859 
120523121821 0.826 18.591 38.129 9.850 8.257 0.903 10.885 
120523123321 0.895 18.575 38.111 9.855 8.256 0.668 10.895 
120523124821 0.813 18.630 38.110 9.849 8.257 0.979 10.875 
120523130321 0.793 18.553 38.122 9.873 8.259 0.926 10.892 
120523131821 0.868 18.488 38.097 9.895 8.259 0.888 10.898 
120523133321 0.850 18.394 38.105 9.922 8.259 0.941 10.900 
120523134821 0.835 18.309 38.106 9.947 8.259 1.268 10.870 
120523140321 0.806 18.253 38.113 9.961 8.260 1.063 10.890 
120523141821 0.761 18.220 38.102 9.975 8.260 1.298 10.897 
120523143321 0.783 18.218 38.103 9.974 8.260 1.207 10.899 
120523144821 0.865 18.192 38.106 9.982 8.259 1.032 10.876 
120523150321 0.874 18.209 38.098 9.980 8.257 0.455 10.892 
120523151821 0.852 18.263 38.092 9.964 8.257 0.729 10.897 
120523153321 0.816 18.268 38.102 9.962 8.256 0.357 10.899 
120523154821 0.874 18.311 38.108 9.955 8.257 0.144 10.876 
120523160321 0.712 18.489 38.116 9.904 8.258 0.858 10.892 
120523161821 0.899 18.586 38.111 9.875 8.258 2.088 10.898 
120523163321 0.947 18.530 38.110 9.892 8.258 1.564 10.900 
120523164821 0.764 18.487 38.109 9.905 8.259 1.549 10.877 
120523170321 0.796 18.461 38.103 9.910 8.259 1.442 10.893 
120523171821 0.785 18.406 38.107 9.927 8.259 1.700 10.898 
120523173321 0.910 18.389 38.105 9.931 8.260 1.351 10.900 
120523174821 0.672 18.361 38.103 9.938 8.260 1.374 10.869 
120523180321 0.810 18.345 38.098 9.943 8.260 1.366 10.890 
120523181821 0.763 18.318 38.099 9.951 8.260 1.662 10.896 
120523183321 0.828 18.302 38.107 9.956 8.260 1.480 10.899 
120523184821 0.922 18.303 38.092 9.955 8.260 1.685 10.876 
120523190321 0.852 18.293 38.110 9.956 8.261 1.609 10.892 
120523191821 0.809 18.312 38.103 9.950 8.261 1.404 10.897 
120523193321 0.829 18.302 38.102 9.950 8.261 2.034 10.899 
120523194821 0.840 18.287 38.095 9.955 8.262 1.594 10.875 
120523200321 0.895 18.289 38.107 9.952 8.262 1.867 10.892 
120523201821 0.818 18.279 38.106 9.954 8.262 1.533 10.897 
120523203321 0.756 18.265 38.099 9.955 8.262 1.495 10.899 
120523204821 0.766 18.267 38.110 9.954 8.263 1.291 10.875 
120523210321 0.821 18.272 38.107 9.955 8.263 1.382 10.892 
120523211821 0.859 18.265 38.097 9.957 8.264 1.382 10.896 
120523213321 0.824 18.258 38.108 9.958 8.264 1.268 10.898 
120523214821 0.842 18.283 38.109 9.954 8.264 1.177 10.867 
120523220321 0.901 18.289 38.103 9.955 8.268 1.306 10.888 
120523221821 0.837 18.287 38.110 9.957 8.267 1.306 10.895 
120523223321 0.846 18.276 38.108 9.959 8.267 1.670 10.897 
120523224821 0.848 18.316 38.097 9.952 8.268 1.617 10.875 
120523230321 0.868 18.389 38.108 9.932 8.277 1.625 10.891 
120523231821 0.851 18.515 38.115 9.905 8.283 2.141 10.896 
120523233321 0.836 18.537 38.111 9.904 8.283 1.723 10.898 
120523234821 0.873 18.526 38.098 9.915 8.282 1.511 10.876 
130523000321 0.841 18.498 38.107 9.927 8.282 1.533 10.892 
130523001821 0.843 18.534 38.105 9.923 8.283 2.262 10.897 
130523003321 0.820 18.543 38.100 9.927 8.284 1.328 10.899 
130523004821 0.831 18.549 38.099 9.930 8.285 2.376 10.868 
130523010321 0.793 18.557 38.113 9.927 8.284 2.080 10.890 
130523011821 0.841 18.549 38.102 9.940 8.284 1.435 10.896 
130523013321 0.876 18.553 38.106 9.940 8.284 2.376 10.899 
130523014821 0.778 18.550 38.092 9.945 8.284 2.057 10.879 
130523020321 0.847 18.550 38.105 9.951 8.284 2.566 10.893 
130523021821 0.815 18.552 38.093 9.956 8.284 1.822 10.898 
130523023321 0.885 18.537 38.091 9.970 8.283 1.609 10.899 
130523024821 0.804 18.531 38.091 9.980 8.282 1.928 10.874 
130523030321 0.852 18.535 38.104 9.982 8.283 1.662 10.892 
130523031821 0.870 18.533 38.097 9.990 8.283 1.617 10.897 
130523033321 0.822 18.535 38.099 9.997 8.283 1.571 10.899 
130523034821 0.817 18.516 38.098 10.007 8.284 1.359 10.868 
130523040321 0.825 18.517 38.104 10.011 8.284 1.708 10.890 
130523041821 0.834 18.502 38.099 10.020 8.283 2.300 10.896 
130523043321 0.858 18.500 38.103 10.023 8.283 1.898 10.898 
130523044821 0.818 18.478 38.091 10.033 8.282 1.579 10.879 
130523050321 0.842 18.472 38.094 10.036 8.281 2.034 10.893 
130523051821 0.806 18.465 38.085 10.038 8.282 1.473 10.897 
130523053321 0.834 18.450 38.087 10.037 8.282 1.541 10.899 
130523054821 0.852 18.443 38.086 10.040 8.282 1.936 10.877 
130523060321 0.849 18.433 38.092 10.040 8.281 2.042 10.892 
130523061821 0.856 18.411 38.094 10.042 8.281 1.700 10.897 
130523063321 0.862 18.414 38.091 10.038 8.280 2.262 10.898 
130523064821 0.836 18.411 38.088 10.037 8.279 0.911 10.875 
130523070321 0.801 18.422 38.093 10.034 8.279 0.919 10.891 
130523071821 0.885 18.431 38.088 10.026 8.279 0.782 10.896 
130523073321 0.879 18.434 38.089 10.023 8.278 1.063 10.898 
130523074821 0.825 18.414 38.082 10.027 8.278 1.374 10.868 
130523080321 0.858 18.385 38.080 10.032 8.276 0.919 10.889 
130523081821 0.820 18.339 38.082 10.044 8.274 0.622 10.895 
130523083321 0.844 18.368 38.088 10.030 8.274 0.577 10.897 
130523084821 0.803 18.364 38.087 10.028 8.273 1.032 10.874 
130523090321 0.855 18.398 38.091 10.019 8.275 1.397 10.890 
130523091821 0.838 18.426 38.087 10.009 8.276 1.055 10.896 
130523093321 0.879 18.442 38.086 10.003 8.276 0.691 10.898 
130523094821 0.834 18.479 38.088 9.986 8.274 0.698 10.875 
130523100321 0.844 18.515 38.090 9.975 8.272 0.698 10.891 
130523101821 0.837 18.537 38.091 9.968 8.273 1.017 10.896 
130523103321 0.856 18.501 38.096 9.972 8.273 0.827 10.898 
130523104821 0.868 18.531 38.093 9.966 8.272 0.425 10.867 
130523110321 0.850 18.569 38.099 9.948 8.272 0.698 10.889 
130523111821 0.842 18.474 38.094 9.972 8.272 0.919 10.895 
130523113321 0.836 18.532 38.093 9.963 8.272 0.805 10.898 
130523114821 0.815 18.450 38.092 9.977 8.270 0.698 10.875 
