SAMBAT Sea Ti  C/T/D/Odo/Fluo/pH GPS : 50195 
V:0,Pression (0/50),m
V:1,Température (-5/35),°C
V:2,Salinité (2/42),g/l
V:3,Oxygène (0/20),mgl
V:4,PH (0/14),pH
V:5,Fluorescence (0/50),µgl
V:6,Tension batterie,V
030123185811 1.044 15.932 37.278 9.380 8.347 0.490 10.634 
030123191310 1.048 15.918 37.278 9.380 8.347 0.496 10.807 
030123192810 1.048 15.918 37.280 9.379 8.347 0.440 10.834 
030123194310 1.052 15.905 37.290 9.374 8.347 0.495 10.846 
030123195810 1.053 15.893 37.273 9.376 8.348 1.100 10.788 
030123201310 1.069 15.897 37.264 9.374 8.348 0.636 10.834 
030123202810 1.063 15.885 37.357 9.373 8.348 0.469 10.847 
030123204310 1.066 15.892 37.354 9.371 8.348 0.416 10.853 
030123205810 1.061 15.890 37.396 9.368 8.348 0.475 10.789 
030123211310 1.037 15.886 37.308 9.363 8.348 0.623 10.836 
030123212810 1.063 15.875 37.347 9.363 8.348 0.594 10.848 
030123214310 1.083 15.885 37.435 9.360 8.348 0.500 10.853 
030123215810 1.087 15.864 37.425 9.360 8.349 0.421 10.690 
030123221310 1.074 15.881 37.476 9.354 8.348 0.576 10.827 
030123222810 1.072 15.875 37.470 9.351 8.349 0.417 10.844 
030123224310 1.062 15.879 37.482 9.348 8.349 0.488 10.852 
030123225810 1.076 15.880 37.479 9.346 8.349 0.603 10.791 
030123231310 1.074 15.880 37.470 9.345 8.349 0.512 10.836 
030123232810 1.060 15.886 37.478 9.343 8.349 0.409 10.849 
030123234310 1.084 15.878 37.457 9.344 8.349 0.442 10.853 
030123235810 1.059 15.879 37.471 9.348 8.349 0.433 10.792 
040123001310 1.093 15.886 37.477 9.345 8.349 0.528 10.837 
040123002810 1.074 15.881 37.474 9.351 8.349 0.521 10.849 
040123004310 1.088 15.880 37.479 9.353 8.349 0.468 10.854 
040123005810 1.089 15.868 37.470 9.357 8.350 0.507 10.688 
040123011310 1.092 15.880 37.460 9.350 8.350 0.433 10.827 
040123012810 1.067 15.879 37.479 9.354 8.350 0.509 10.845 
040123014310 1.074 15.881 37.480 9.349 8.350 0.492 10.852 
040123015810 1.073 15.878 37.482 9.349 8.350 0.671 10.790 
040123021310 1.080 15.877 37.500 9.347 8.351 0.554 10.836 
040123022810 1.083 15.878 37.469 9.344 8.351 0.439 10.848 
040123024310 1.082 15.873 37.423 9.343 8.351 0.461 10.854 
040123025810 1.073 15.875 37.451 9.339 8.351 0.477 10.790 
040123031310 1.070 15.871 37.460 9.340 8.351 0.495 10.836 
040123032810 1.075 15.867 37.465 9.341 8.351 0.533 10.849 
040123034310 1.066 15.873 37.427 9.341 8.352 0.482 10.854 
040123035810 1.072 15.862 37.421 9.340 8.352 0.447 10.689 
040123041310 1.072 15.864 37.416 9.341 8.353 0.445 10.827 
040123042810 1.075 15.873 37.414 9.336 8.353 0.446 10.845 
040123044310 1.057 15.854 37.459 9.342 8.353 0.609 10.852 
040123045810 1.085 15.854 37.455 9.338 8.353 0.543 10.790 
040123051310 1.047 15.859 37.459 9.335 8.353 0.603 10.836 
040123052810 1.066 15.852 37.463 9.334 8.353 0.438 10.848 
040123054310 1.063 15.854 37.457 9.333 8.353 0.451 10.853 
040123055810 1.060 15.856 37.462 9.328 8.353 0.500 10.790 
040123061310 1.054 15.867 37.463 9.325 8.353 0.611 10.836 
040123062810 1.062 15.854 37.624 9.324 8.353 0.506 10.848 
040123064310 1.082 15.842 37.453 9.328 8.353 0.582 10.853 
040123065810 1.087 15.847 37.461 9.315 8.353 0.516 10.782 
040123071310 1.062 15.851 37.465 9.311 8.353 0.537 10.834 
040123072810 1.087 15.854 37.460 9.308 8.353 0.513 10.848 
040123074310 1.083 15.850 37.446 9.304 8.351 0.610 10.853 
040123075810 1.085 15.846 37.459 9.300 8.353 0.438 10.790 
040123081310 1.081 15.849 37.463 9.289 8.353 0.603 10.836 
040123082810 1.074 15.842 37.430 9.294 8.354 0.515 10.848 
040123084310 1.091 15.854 37.483 9.286 8.353 0.659 10.853 
040123085810 1.075 15.845 37.460 9.292 8.353 0.512 10.790 
040123091310 1.091 15.846 37.455 9.290 8.353 0.578 10.835 
040123092810 1.071 15.847 37.457 9.288 8.353 0.534 10.848 
040123094310 1.084 15.849 37.456 9.282 8.353 0.394 10.853 
040123095810 1.090 15.852 37.451 9.283 8.353 0.416 10.688 
040123101310 1.105 15.837 37.451 9.289 8.353 0.433 10.827 
040123102810 1.093 15.847 37.455 9.286 8.353 0.433 10.844 
040123104310 1.086 15.854 37.459 9.284 8.352 0.262 10.852 
040123105810 1.088 15.866 37.466 9.281 8.352 0.308 10.791 
040123111310 1.080 15.868 37.468 9.279 8.352 0.187 10.836 
040123112810 1.073 15.871 37.477 9.278 8.351 0.159 10.848 
040123114310 1.092 15.875 37.463 9.279 8.351 0.168 10.854 
040123115810 1.115 15.883 37.475 9.286 8.351 0.179 10.791 
040123121310 1.092 15.896 37.474 9.293 8.351 0.145 10.836 
040123122810 1.087 15.902 37.461 9.298 8.351 0.130 10.849 
040123124310 1.082 15.897 37.472 9.309 8.350 0.118 10.854 
040123125810 1.067 15.928 37.457 9.311 8.349 0.126 10.787 
040123131310 1.062 15.916 37.469 9.317 8.349 0.119 10.836 
040123132810 1.071 15.938 37.474 9.320 8.349 0.118 10.848 
040123134310 1.076 15.960 37.406 9.315 8.349 0.111 10.854 
040123135810 1.078 15.940 37.577 9.332 8.348 0.095 10.686 
040123141310 1.087 15.952 37.467 9.342 8.348 0.094 10.828 
040123142810 1.060 15.941 37.484 9.343 8.348 0.136 10.845 
040123144310 1.087 15.966 37.478 9.335 8.347 0.123 10.852 
040123145810 1.084 15.966 37.471 9.342 8.347 0.120 10.789 
040123151310 1.064 15.947 37.467 9.349 8.347 0.132 10.836 
040123152810 1.053 16.012 37.465 9.339 8.346 0.247 10.849 
040123154310 1.057 16.004 37.474 9.347 8.346 0.213 10.854 
040123155810 1.070 16.117 37.429 9.320 8.344 0.313 10.789 
040123161310 1.075 16.109 37.446 9.327 8.344 0.273 10.837 
040123162810 1.063 16.101 37.430 9.331 8.343 0.311 10.849 
040123164310 1.063 16.088 37.421 9.332 8.344 0.355 10.855 
040123165810 1.051 16.077 37.208 9.338 8.345 0.341 10.690 
040123171310 1.061 16.065 37.217 9.349 8.344 0.447 10.829 
040123172810 1.053 16.041 37.223 9.354 8.344 0.414 10.846 
040123174310 1.040 16.026 37.235 9.362 8.344 0.499 10.853 
040123175810 1.074 16.013 37.236 9.365 8.346 0.526 10.790 
040123181310 1.076 15.996 37.239 9.364 8.346 0.495 10.837 
040123182810 1.042 15.984 37.235 9.367 8.346 0.529 10.849 
040123184310 1.085 15.968 37.236 9.365 8.347 0.551 10.854 
040123185810 1.072 15.950 37.224 9.374 8.346 0.396 10.791 
