SAMBAT Sea Ti  C/T/D/Odo/Fluo/pH GPS : 50195 
V:0,Pression (0/50),dba
V:1,Température (-5/35),°C
V:2,Salinité (2/42),g/l
V:3,Oxygène (0/20),mgl
V:4,PH (0/14),pH
V:5,Fluorescence (0/500),ppb
V:6,Tension batterie,V
130623130654 0.725 23.915 38.113 8.707 8.274 2.300 10.818 
130623132153 0.737 23.960 38.117 8.702 8.273 1.989 10.918 
130623133653 0.727 24.041 38.130 8.688 8.271 2.156 10.935 
130623135153 0.708 24.016 38.130 8.694 8.271 2.513 10.922 
130623140653 0.692 23.981 38.132 8.705 8.271 2.870 10.936 
130623142153 0.744 23.936 38.136 8.720 8.272 3.522 10.939 
130623143653 0.768 23.909 38.137 8.732 8.272 3.333 10.940 
130623145153 0.716 23.910 38.135 8.741 8.271 3.454 10.926 
130623150653 0.690 23.875 38.129 8.747 8.271 3.765 10.938 
130623152153 0.718 23.852 38.123 8.755 8.271 3.545 10.940 
130623153653 0.758 23.814 38.127 8.760 8.272 3.576 10.938 
130623155153 0.702 23.794 38.125 8.761 8.271 3.780 10.929 
130623160653 0.786 23.812 38.125 8.753 8.273 3.446 10.938 
130623162153 0.710 23.821 38.132 8.742 8.272 3.583 10.940 
130623163653 0.739 23.776 38.142 8.745 8.271 3.431 10.941 
130623165153 0.711 23.763 38.144 8.743 8.272 3.386 10.919 
130623170653 0.741 23.768 38.156 8.742 8.271 2.953 10.937 
130623172153 0.719 23.768 38.158 8.738 8.270 3.659 10.937 
130623173653 0.750 23.744 38.160 8.744 8.274 3.006 10.940 
130623175153 0.703 23.713 38.167 8.750 8.272 3.310 10.929 
130623180653 0.734 23.677 38.171 8.761 8.273 3.166 10.938 
130623182153 0.735 23.617 38.151 8.772 8.270 3.788 10.940 
130623183653 0.736 23.643 38.148 8.765 8.271 3.538 10.940 
130623185153 0.727 23.621 38.140 8.768 8.264 3.393 10.929 
130623190653 0.744 23.632 38.135 8.765 8.260 3.135 10.938 
130623192153 0.763 23.644 38.143 8.755 8.258 3.021 10.937 
130623193653 0.740 23.656 38.153 8.748 8.256 3.204 10.939 
130623195153 0.746 23.667 38.159 8.741 8.257 3.302 10.923 
130623200653 0.749 23.667 38.156 8.736 8.256 3.894 10.936 
130623202153 0.744 23.662 38.156 8.735 8.257 3.621 10.938 
130623203653 0.738 23.656 38.154 8.732 8.255 3.530 10.939 
130623205153 0.756 23.641 38.156 8.729 8.257 4.221 10.928 
130623210653 0.754 23.637 38.152 8.727 8.254 3.135 10.937 
130623212153 0.756 23.625 38.148 8.727 8.259 3.796 10.939 
130623213653 0.761 23.621 38.149 8.724 8.260 3.682 10.939 
130623215153 0.749 23.639 38.155 8.717 8.260 4.160 10.928 
130623220653 0.768 23.608 38.145 8.719 8.261 3.841 10.937 
130623222153 0.761 23.629 38.148 8.712 8.265 4.236 10.938 
130623223653 0.764 23.655 38.166 8.702 8.268 4.767 10.939 
130623225153 0.744 23.660 38.166 8.701 8.268 3.856 10.928 
130623230653 0.758 23.677 38.167 8.698 8.272 3.720 10.937 
130623232153 0.758 23.649 38.171 8.700 8.270 4.342 10.939 
130623233653 0.760 23.618 38.167 8.704 8.265 3.925 10.939 
130623235153 0.733 23.615 38.167 8.700 8.260 3.864 10.921 
140623000653 0.762 23.667 38.185 8.684 8.261 3.340 10.936 
140623002153 0.763 23.665 38.171 8.676 8.259 3.006 10.934 
140623003653 0.757 23.667 38.174 8.672 8.260 3.287 10.938 
140623005153 0.736 23.656 38.167 8.677 8.261 3.325 10.927 
140623010653 0.755 23.648 38.170 8.675 8.260 3.940 10.936 
140623012153 0.744 23.629 38.166 8.678 8.258 3.697 10.938 
140623013653 0.749 23.614 38.160 8.678 8.259 3.879 10.939 
140623015153 0.757 23.606 38.157 8.682 8.260 3.879 10.926 
140623020653 0.733 23.585 38.152 8.685 8.260 3.044 10.936 
140623022153 0.750 23.573 38.151 8.691 8.262 3.538 10.938 
140623023653 0.766 23.563 38.150 8.693 8.263 3.302 10.939 
140623025153 0.731 23.561 38.146 8.695 8.265 3.636 10.920 
140623030653 0.756 23.552 38.145 8.696 8.265 3.636 10.934 
140623032153 0.743 23.550 38.151 8.695 8.265 3.613 10.937 
140623033653 0.746 23.543 38.153 8.697 8.264 3.188 10.938 
140623035153 0.758 23.529 38.152 8.701 8.265 3.181 10.927 
140623040653 0.744 23.535 38.155 8.700 8.265 3.279 10.934 
140623042153 0.713 23.514 38.154 8.700 8.264 3.560 10.938 
140623043653 0.741 23.521 38.151 8.697 8.265 3.765 10.938 
140623045153 0.750 23.512 38.153 8.695 8.266 3.894 10.920 
140623050653 0.760 23.504 38.157 8.696 8.267 3.522 10.934 
140623052153 0.731 23.498 38.154 8.699 8.267 3.644 10.937 
140623053653 0.733 23.489 38.154 8.701 8.266 3.143 10.938 
140623055153 0.746 23.476 38.155 8.708 8.267 3.317 10.926 
140623060653 0.723 23.465 38.157 8.711 8.265 2.983 10.935 
140623062153 0.725 23.456 38.151 8.715 8.265 3.386 10.937 
140623063653 0.756 23.446 38.157 8.716 8.265 3.446 10.938 
140623065153 0.747 23.449 38.159 8.718 8.266 3.439 10.922 
140623070653 0.724 23.445 38.156 8.722 8.266 2.444 10.935 
140623072153 0.738 23.442 38.159 8.723 8.265 1.959 10.935 
140623073653 0.741 23.451 38.161 8.723 8.266 2.331 10.937 
140623075153 0.765 23.449 38.166 8.723 8.266 1.579 10.920 
140623080653 0.769 23.479 38.164 8.718 8.265 1.336 10.932 
140623082153 0.764 23.498 38.163 8.715 8.266 0.896 10.936 
140623083653 0.750 23.649 38.168 8.684 8.267 1.328 10.937 
140623085153 0.752 23.607 38.112 8.697 8.277 1.260 10.924 
140623090653 0.739 23.504 38.102 8.726 8.279 1.465 10.933 
140623092153 0.748 23.527 38.101 8.727 8.278 1.776 10.937 
140623093653 0.742 23.543 38.099 8.730 8.278 1.632 10.937 
140623095153 0.756 23.582 38.104 8.728 8.277 1.723 10.925 
140623100653 0.760 23.578 38.092 8.735 8.277 1.776 10.935 
140623102153 0.747 23.591 38.098 8.734 8.277 1.458 10.937 
140623103653 0.742 23.654 38.107 8.729 8.276 1.587 10.938 
140623105153 0.756 23.752 38.126 8.710 8.276 1.556 10.922 
140623110653 0.768 23.752 38.128 8.715 8.272 1.526 10.935 
140623112153 0.728 23.768 38.137 8.714 8.272 1.344 10.937 
140623113653 0.726 23.799 38.141 8.710 8.270 1.313 10.938 
140623115153 0.701 23.808 38.132 8.712 8.270 1.192 10.927 
140623120653 0.735 23.888 38.154 8.694 8.270 1.131 10.937 
140623122153 0.735 23.927 38.153 8.688 8.268 1.351 10.938 
140623123653 0.701 24.010 38.158 8.670 8.268 1.328 10.939 
140623125153 0.722 23.989 38.161 8.676 8.269 1.230 10.928 
140623130653 0.768 24.043 38.163 8.666 8.268 1.291 10.937 
