SAMBAT Sea Ti  C/T/D/Odo/Fluo/pH GPS : 50195 
V:0,Pression (0/50),dba
V:1,Température (-5/35),°C
V:2,Salinité (2/42),g/l
V:3,Oxygène (0/20),mgl
V:4,PH (0/14),pH
V:5,Fluorescence (0/500),ppb
V:6,Tension batterie,V
240623133444 0.825 25.077 38.265 8.455 8.255 0.736 10.833 
240623134943 0.770 25.045 38.250 8.461 8.255 0.387 10.921 
240623140443 0.828 25.080 38.275 8.456 8.256 0.850 10.944 
240623141943 0.756 25.070 38.274 8.459 8.256 0.729 10.948 
240623143443 0.759 25.187 38.289 8.433 8.257 0.827 10.949 
240623144943 0.734 25.292 38.291 8.411 8.257 1.002 10.938 
240623150443 0.836 25.255 38.288 8.424 8.255 0.683 10.948 
240623151943 0.795 25.242 38.281 8.429 8.256 0.752 10.949 
240623153443 0.747 25.246 38.283 8.427 8.256 0.881 10.950 
240623154943 0.734 25.232 38.279 8.432 8.256 0.843 10.938 
240623160443 0.839 25.235 38.273 8.431 8.255 1.245 10.948 
240623161943 0.789 25.252 38.283 8.427 8.256 0.873 10.950 
240623163443 0.821 25.272 38.287 8.422 8.256 0.888 10.951 
240623164943 0.779 25.300 38.277 8.413 8.256 0.676 10.933 
240623170443 0.809 25.330 38.292 8.409 8.257 1.116 10.948 
240623171943 0.744 25.373 38.294 8.399 8.258 1.124 10.950 
240623173443 0.788 25.346 38.291 8.405 8.260 1.215 10.951 
240623174943 0.796 25.340 38.285 8.415 8.260 1.268 10.935 
240623180443 0.825 25.300 38.299 8.426 8.261 0.979 10.949 
240623181943 0.733 25.263 38.292 8.438 8.260 1.382 10.950 
240623183443 0.751 25.261 38.295 8.440 8.257 1.374 10.951 
240623184943 0.774 25.232 38.296 8.446 8.255 1.010 10.938 
240623190443 0.744 25.192 38.294 8.449 8.255 1.473 10.949 
240623191943 0.756 25.173 38.291 8.452 8.254 1.420 10.950 
240623193443 0.714 25.140 38.295 8.455 8.255 1.366 10.951 
240623194943 0.816 25.109 38.298 8.457 8.261 1.169 10.932 
240623200443 0.726 25.083 38.297 8.459 8.260 1.784 10.947 
240623201943 0.819 25.042 38.296 8.466 8.259 1.784 10.949 
240623203443 0.793 25.026 38.300 8.465 8.259 1.678 10.950 
240623204943 0.763 24.989 38.297 8.467 8.258 1.845 10.939 
240623210443 0.835 24.983 38.298 8.463 8.258 1.222 10.948 
240623211943 0.807 24.960 38.302 8.466 8.258 1.473 10.949 
240623213443 0.833 24.916 38.302 8.467 8.258 1.693 10.949 
240623214943 0.831 24.906 38.302 8.464 8.258 1.556 10.936 
240623220443 0.804 24.855 38.303 8.470 8.258 1.723 10.947 
240623221943 0.787 24.809 38.302 8.472 8.258 1.526 10.948 
240623223443 0.788 24.846 38.304 8.461 8.260 1.511 10.949 
240623224943 0.801 25.012 38.287 8.427 8.274 1.420 10.930 
240623230443 0.789 24.995 38.293 8.432 8.270 1.647 10.946 
240623231943 0.828 24.998 38.278 8.435 8.271 1.708 10.948 
240623233443 0.812 24.998 38.269 8.436 8.272 1.321 10.949 
240623234943 0.809 24.982 38.273 8.439 8.272 1.647 10.938 
250623000443 0.802 24.973 38.280 8.442 8.271 1.632 10.947 
250623001943 0.821 24.985 38.265 8.443 8.274 1.594 10.948 
250623003443 0.809 24.986 38.269 8.447 8.275 1.921 10.949 
250623004943 0.818 24.970 38.276 8.460 8.273 1.404 10.937 
250623010443 0.827 24.961 38.280 8.468 8.274 1.495 10.947 
250623011943 0.819 24.950 38.279 8.480 8.274 1.867 10.948 
250623013443 0.812 24.951 38.285 8.490 8.274 1.716 10.949 
250623014943 0.805 24.969 38.293 8.519 8.274 1.594 10.927 
250623020443 0.824 24.966 38.299 8.531 8.274 1.830 10.945 
250623021943 0.820 24.963 38.303 8.543 8.274 1.625 10.948 
250623023443 0.789 24.989 38.306 8.549 8.274 1.723 10.948 
250623024943 0.821 24.999 38.309 8.560 8.274 1.662 10.936 
250623030443 0.797 25.026 38.308 8.568 8.272 1.587 10.946 
250623031943 0.826 25.007 38.311 8.583 8.271 1.533 10.948 
250623033443 0.805 25.020 38.312 8.592 8.271 1.351 10.948 
250623034943 0.820 25.030 38.319 8.602 8.272 1.784 10.930 
250623040443 0.804 25.030 38.317 8.618 8.274 1.883 10.945 
250623041943 0.795 25.030 38.317 8.633 8.272 1.700 10.947 
250623043443 0.808 25.040 38.313 8.633 8.269 2.019 10.948 
250623044943 0.820 25.009 38.316 8.641 8.272 1.738 10.936 
250623050443 0.818 25.005 38.317 8.644 8.271 1.830 10.946 
250623051943 0.834 25.017 38.321 8.643 8.269 1.617 10.948 
250623053443 0.823 25.002 38.316 8.642 8.267 1.685 10.948 
250623054943 0.795 25.004 38.319 8.641 8.267 1.966 10.936 
250623060443 0.836 24.986 38.315 8.640 8.266 1.890 10.946 
250623061943 0.813 24.977 38.318 8.636 8.263 1.161 10.948 
250623063443 0.784 24.967 38.317 8.635 8.264 1.260 10.948 
250623064943 0.830 24.967 38.319 8.629 8.264 1.465 10.935 
250623070443 0.803 24.966 38.319 8.623 8.263 1.382 10.946 
250623071943 0.803 24.961 38.323 8.617 8.264 1.632 10.947 
250623073443 0.784 24.970 38.322 8.611 8.264 1.154 10.948 
250623074943 0.798 24.974 38.319 8.601 8.264 1.040 10.930 
250623080443 0.796 24.988 38.320 8.592 8.263 0.827 10.945 
250623081943 0.809 24.995 38.322 8.587 8.263 0.660 10.947 
250623083443 0.817 25.031 38.331 8.573 8.263 0.630 10.948 
250623084943 0.788 25.061 38.328 8.553 8.262 0.744 10.931 
250623090443 0.796 25.061 38.327 8.550 8.263 0.964 10.946 
250623091943 0.812 25.145 38.343 8.524 8.263 1.199 10.947 
250623093443 0.788 25.196 38.331 8.511 8.263 0.562 10.948 
250623094943 0.815 25.181 38.334 8.511 8.263 1.131 10.933 
250623100443 0.807 25.275 38.335 8.490 8.262 0.698 10.946 
250623101943 0.795 25.394 38.375 8.455 8.262 0.729 10.948 
250623103443 0.793 25.353 38.352 8.466 8.260 0.562 10.949 
250623104943 0.809 25.402 38.345 8.457 8.260 0.714 10.931 
250623110443 0.798 25.474 38.361 8.440 8.260 0.865 10.946 
250623111943 0.815 25.525 38.334 8.435 8.260 1.070 10.949 
250623113443 0.794 25.557 38.361 8.428 8.262 0.979 10.949 
250623114943 0.799 25.485 38.326 8.453 8.261 0.782 10.938 
250623120443 0.795 25.566 38.348 8.436 8.262 0.729 10.948 
250623121943 0.802 25.548 38.351 8.443 8.259 0.562 10.949 
250623123443 0.785 25.627 38.349 8.430 8.259 0.752 10.950 
250623124943 0.799 25.627 38.334 8.428 8.259 0.865 10.939 
250623130443 0.809 25.707 38.394 8.414 8.258 0.660 10.949 
250623131943 0.775 25.686 38.275 8.428 8.260 1.048 10.950 
250623133443 0.788 25.948 38.397 8.360 8.260 0.812 10.951 
