SAMBAT Sea Ti  C/T/D/Odo/Fluo/pH GPS : 50195 
V:0,Pression (0/50),dba
V:1,Température (-5/35),°C
V:2,Salinité (2/42),g/l
V:3,Oxygène (0/20),mgl
V:4,PH (0/14),pH
V:5,Fluorescence (0/500),ppb
V:6,Tension batterie,V
130723142147 0.756 27.777 38.806 7.802 8.251 1.640 10.855 
130723143646 0.756 27.775 38.792 7.803 8.253 1.283 10.953 
130723145146 0.776 27.827 38.790 7.793 8.257 1.632 10.951 
130723150646 0.859 27.810 38.889 7.794 8.251 1.579 10.962 
130723152146 0.774 27.812 38.791 7.798 8.252 1.662 10.962 
130723153646 0.778 27.701 38.834 7.801 8.251 1.693 10.963 
130723155146 0.777 27.753 38.853 7.804 8.251 1.587 10.956 
130723160646 0.760 27.758 38.897 7.806 8.252 1.997 10.962 
130723162146 0.791 27.842 38.906 7.809 8.253 1.754 10.962 
130723163646 0.837 27.733 38.926 7.813 8.251 1.867 10.963 
130723165146 0.780 27.790 38.844 7.816 8.252 1.807 10.953 
130723170646 0.780 27.763 38.932 7.820 8.250 1.754 10.961 
130723172146 0.809 27.773 38.932 7.825 8.253 2.141 10.962 
130723173646 0.797 27.710 38.866 7.831 8.251 2.065 10.963 
130723175146 0.809 27.695 38.909 7.837 8.251 2.224 10.956 
130723180646 0.728 27.593 38.877 7.844 8.250 2.300 10.962 
130723182146 0.763 27.570 38.901 7.850 8.251 2.270 10.962 
130723183646 0.705 27.498 38.906 7.868 8.251 2.482 10.962 
130723185146 0.662 27.473 38.884 7.878 8.252 1.981 10.955 
130723190646 0.783 27.443 38.921 7.888 8.252 2.558 10.961 
130723192146 0.800 27.415 38.912 7.895 8.253 2.376 10.962 
130723193646 0.788 27.384 38.871 7.904 8.253 2.376 10.962 
130723195146 0.744 27.356 38.938 7.909 8.254 2.338 10.951 
130723200646 0.794 27.350 38.914 7.916 8.254 2.391 10.960 
130723202146 0.797 27.328 38.933 7.921 8.254 2.050 10.960 
130723203646 0.721 27.318 38.900 7.924 8.255 2.338 10.961 
130723205146 0.739 27.299 38.911 7.928 8.255 2.513 10.954 
130723210646 0.791 27.269 38.882 7.943 8.255 2.634 10.960 
130723212146 0.772 27.268 38.917 7.945 8.256 2.270 10.961 
130723213646 0.840 27.242 38.885 7.952 8.256 2.315 10.961 
130723215146 0.809 27.214 38.937 7.957 8.257 2.756 10.954 
130723220646 0.816 27.185 38.918 7.960 8.258 2.239 10.959 
130723222146 0.748 27.143 38.915 7.968 8.257 2.368 10.960 
130723223646 0.731 27.087 38.945 7.972 8.257 2.498 10.960 
130723225146 0.756 27.053 38.907 7.975 8.257 2.232 10.953 
130723230646 0.758 27.029 38.929 7.976 8.258 2.239 10.959 
130723232146 0.809 27.000 38.889 7.977 8.258 2.133 10.960 
130723233646 0.815 26.979 38.921 7.975 8.259 2.019 10.960 
130723235146 0.775 26.960 38.957 7.976 8.260 2.012 10.949 
140723000646 0.720 26.955 38.950 7.972 8.260 2.627 10.958 
140723002146 0.722 26.946 38.933 7.970 8.260 1.617 10.959 
140723003646 0.812 26.918 38.944 7.971 8.260 2.012 10.959 
140723005146 0.771 26.909 38.908 7.970 8.261 1.966 10.952 
140723010646 0.788 26.902 38.941 7.967 8.262 1.860 10.958 
140723012146 0.760 26.905 38.915 7.964 8.262 1.966 10.959 
140723013646 0.721 26.904 38.899 7.963 8.262 2.262 10.959 
140723015146 0.712 26.904 38.964 7.960 8.263 2.323 10.952 
140723020646 0.778 26.909 38.900 7.959 8.262 1.738 10.958 
140723022146 0.828 26.921 38.940 7.954 8.263 1.974 10.959 
140723023646 0.790 26.917 38.964 7.956 8.263 2.080 10.959 
140723025146 0.677 26.928 38.976 7.952 8.264 1.883 10.948 
140723030646 0.764 26.929 38.924 7.951 8.264 2.194 10.957 
140723032146 0.723 26.949 38.914 7.946 8.265 2.217 10.958 
140723033646 0.751 26.955 38.958 7.945 8.263 1.792 10.959 
140723035146 0.835 26.944 38.922 7.947 8.263 1.898 10.951 
140723040646 0.779 26.962 38.942 7.943 8.263 2.209 10.957 
140723042146 0.821 26.968 38.943 7.940 8.264 2.262 10.958 
140723043646 0.762 26.958 38.982 7.942 8.263 1.867 10.958 
140723045146 0.803 26.954 38.950 7.942 8.262 2.536 10.951 
140723050646 0.725 26.936 38.930 7.946 8.263 2.285 10.957 
140723052146 0.713 26.917 38.951 7.952 8.262 2.270 10.958 
140723053646 0.800 26.897 38.984 7.953 8.262 2.141 10.959 
140723055146 0.791 26.896 38.970 7.953 8.262 2.520 10.948 
140723060646 0.790 26.873 38.984 7.957 8.262 2.148 10.957 
140723062146 0.762 26.861 38.978 7.961 8.262 2.080 10.957 
140723063646 0.822 26.862 38.966 7.962 8.262 1.883 10.958 
140723065146 0.744 26.854 38.997 7.964 8.262 2.057 10.951 
140723070646 0.808 26.864 38.988 7.963 8.262 1.799 10.957 
140723072146 0.801 26.869 38.995 7.962 8.262 1.473 10.958 
140723073646 0.723 26.873 38.934 7.959 8.261 1.139 10.958 
140723075146 0.815 26.893 39.006 7.954 8.260 1.351 10.950 
140723080646 0.814 26.902 38.998 7.953 8.260 1.268 10.957 
140723082146 0.791 26.920 38.971 7.950 8.260 1.108 10.957 
140723083646 0.733 26.925 38.969 7.947 8.260 1.344 10.958 
140723085146 0.766 26.963 38.950 7.942 8.260 0.926 10.947 
140723090646 0.801 26.965 38.960 7.937 8.259 1.465 10.957 
140723092146 0.734 26.986 38.969 7.934 8.259 1.131 10.958 
140723093646 0.778 26.975 38.952 7.936 8.258 1.541 10.958 
140723095146 0.840 27.003 38.990 7.932 8.259 1.017 10.951 
140723100646 0.789 27.015 39.005 7.932 8.258 1.291 10.957 
140723102146 0.752 27.036 38.994 7.928 8.258 1.230 10.958 
140723103646 0.773 27.066 39.017 7.924 8.258 1.017 10.958 
140723105146 0.788 27.060 39.018 7.921 8.257 1.139 10.951 
140723110646 0.782 27.060 38.993 7.929 8.257 1.192 10.957 
140723112146 0.755 27.096 39.011 7.921 8.256 1.328 10.958 
140723113646 0.749 27.154 39.003 7.911 8.257 1.154 10.958 
140723115146 0.794 27.165 38.977 7.913 8.256 0.972 10.948 
140723120646 0.819 27.178 38.991 7.910 8.256 1.321 10.957 
140723122146 0.740 27.217 38.976 7.904 8.256 1.154 10.958 
140723123646 0.856 27.217 38.945 7.911 8.255 0.964 10.959 
140723125146 0.872 27.314 38.966 7.890 8.256 1.298 10.952 
140723130646 0.813 27.358 39.003 7.884 8.255 1.124 10.958 
140723132146 0.811 27.392 38.969 7.874 8.255 1.101 10.959 
140723133646 0.800 27.451 39.018 7.864 8.253 1.230 10.959 
140723135146 0.775 27.463 39.017 7.861 8.253 1.366 10.953 
140723140646 0.795 27.501 38.977 7.857 8.253 1.328 10.959 
140723142146 0.773 27.542 39.022 7.850 8.253 1.253 10.960 
