SAMBAT Sea Ti  C/T/D/Odo/Fluo/pH GPS : 50195 
V:0,Pression (0/50),dba
V:1,Température (-5/35),°C
V:2,Salinité (2/42),g/l
V:3,Oxygène (0/20),mgl
V:4,PH (0/14),pH
V:5,Fluorescence (0/500),ppb
V:6,Tension batterie,V
220623132951 0.781 25.579 38.164 8.205 8.250 0.797 10.819 
220623134450 0.737 25.545 38.172 8.221 8.249 0.979 10.903 
220623135950 0.773 25.558 38.174 8.222 8.249 0.759 10.942 
220623141450 0.814 25.764 38.177 8.186 8.249 0.752 10.949 
220623142950 0.796 25.703 38.169 8.198 8.248 1.078 10.951 
220623144450 0.799 25.530 38.160 8.242 8.247 0.805 10.927 
220623145950 0.788 25.149 38.187 8.320 8.246 0.805 10.949 
220623151450 0.798 25.266 38.168 8.302 8.250 1.086 10.951 
220623152950 0.786 25.294 38.183 8.297 8.250 0.994 10.952 
220623154450 0.782 25.264 38.190 8.311 8.250 1.070 10.927 
220623155950 0.787 25.364 38.189 8.297 8.252 1.154 10.949 
220623161450 0.815 25.344 38.186 8.306 8.252 1.086 10.951 
220623162950 0.779 25.404 38.187 8.297 8.252 1.177 10.952 
220623164450 0.843 25.379 38.183 8.305 8.251 1.298 10.915 
220623165950 0.837 25.270 38.179 8.332 8.251 1.237 10.947 
220623171450 0.729 25.309 38.175 8.323 8.252 1.298 10.951 
220623172950 0.869 25.273 38.176 8.334 8.252 1.268 10.951 
220623174450 0.847 25.199 38.174 8.349 8.253 1.245 10.927 
220623175950 0.825 25.149 38.176 8.358 8.253 1.306 10.949 
220623181450 0.784 25.136 38.178 8.359 8.253 1.389 10.951 
220623182950 0.743 25.267 38.187 8.336 8.254 1.237 10.951 
220623184450 0.800 25.205 38.181 8.348 8.253 1.351 10.925 
220623185950 0.817 25.156 38.190 8.358 8.254 1.579 10.948 
220623191450 0.793 24.992 38.187 8.392 8.253 1.344 10.951 
220623192950 0.791 25.058 38.236 8.378 8.253 1.602 10.951 
220623194450 0.828 25.155 38.241 8.353 8.253 1.450 10.912 
220623195950 0.794 25.105 38.232 8.362 8.252 1.435 10.946 
220623201450 0.829 25.033 38.235 8.375 8.252 2.217 10.949 
220623202950 0.813 25.059 38.234 8.369 8.253 1.746 10.950 
220623204450 0.786 25.031 38.233 8.371 8.253 1.951 10.924 
220623205950 0.851 24.980 38.236 8.379 8.253 1.655 10.947 
220623211450 0.801 25.056 38.233 8.366 8.253 1.693 10.949 
220623212950 0.769 25.158 38.226 8.343 8.254 1.708 10.950 
220623214450 0.820 25.208 38.206 8.328 8.254 1.769 10.915 
220623215950 0.823 25.195 38.205 8.326 8.254 1.822 10.945 
220623221450 0.792 25.212 38.199 8.318 8.254 1.708 10.949 
220623222950 0.838 25.235 38.189 8.313 8.254 1.746 10.950 
220623224450 0.791 25.189 38.199 8.316 8.253 1.617 10.925 
220623225950 0.776 25.199 38.203 8.311 8.254 1.427 10.947 
220623231450 0.793 25.183 38.204 8.310 8.254 1.997 10.950 
220623232950 0.831 25.146 38.215 8.320 8.254 1.511 10.950 
220623234450 0.829 25.146 38.220 8.319 8.255 1.640 10.925 
220623235950 0.808 25.131 38.221 8.319 8.255 1.936 10.947 
230623001450 0.804 25.042 38.244 8.340 8.254 1.913 10.949 
230623002950 0.806 24.973 38.244 8.352 8.255 1.389 10.950 
230623004450 0.787 24.934 38.241 8.361 8.255 1.609 10.925 
230623005950 0.753 24.902 38.238 8.365 8.256 1.579 10.946 
230623011450 0.834 24.878 38.244 8.366 8.256 1.662 10.949 
230623012950 0.799 24.843 38.246 8.375 8.256 1.328 10.949 
230623014450 0.773 24.794 38.248 8.384 8.257 1.670 10.911 
230623015950 0.790 24.770 38.245 8.388 8.257 1.412 10.944 
230623021450 0.717 24.755 38.243 8.388 8.258 1.814 10.947 
230623022950 0.810 24.709 38.241 8.395 8.258 2.050 10.948 
230623024450 0.780 24.638 38.234 8.408 8.259 1.420 10.921 
230623025950 0.827 24.637 38.235 8.405 8.260 1.587 10.944 
230623031450 0.844 24.648 38.231 8.401 8.260 1.792 10.947 
230623032950 0.816 24.635 38.241 8.400 8.260 1.807 10.947 
230623034450 0.805 24.693 38.235 8.384 8.260 1.511 10.908 
230623035950 0.828 24.712 38.232 8.379 8.260 1.966 10.942 
230623041450 0.810 24.700 38.230 8.379 8.260 2.490 10.946 
230623042950 0.795 24.703 38.242 8.377 8.260 1.511 10.947 
230623044450 0.791 24.700 38.237 8.379 8.259 1.647 10.921 
230623045950 0.754 24.670 38.232 8.383 8.260 1.784 10.944 
230623051450 0.768 24.656 38.230 8.382 8.260 1.533 10.946 
230623052950 0.818 24.679 38.228 8.371 8.260 1.412 10.947 
230623054450 0.767 24.706 38.226 8.361 8.260 1.716 10.908 
230623055950 0.752 24.694 38.222 8.360 8.260 1.503 10.942 
230623061450 0.794 24.684 38.222 8.359 8.260 1.336 10.945 
230623062950 0.798 24.661 38.224 8.363 8.260 1.374 10.946 
230623064450 0.832 24.641 38.217 8.366 8.260 1.275 10.919 
230623065950 0.846 24.637 38.223 8.363 8.260 1.480 10.943 
230623071450 0.786 24.631 38.221 8.362 8.260 1.435 10.946 
230623072950 0.844 24.647 38.222 8.357 8.260 1.237 10.946 
230623074450 0.850 24.645 38.226 8.354 8.261 1.571 10.907 
230623075950 0.807 24.634 38.224 8.354 8.260 1.632 10.941 
230623081450 0.769 24.634 38.232 8.353 8.260 0.789 10.945 
230623082950 0.842 24.661 38.236 8.347 8.260 0.934 10.946 
230623084450 0.778 24.679 38.227 8.343 8.260 0.660 10.920 
230623085950 0.810 24.732 38.231 8.336 8.259 0.934 10.942 
230623091450 0.757 24.765 38.244 8.328 8.260 0.774 10.946 
230623092950 0.819 24.774 38.233 8.331 8.259 0.585 10.946 
230623094450 0.815 24.797 38.242 8.326 8.259 0.827 10.908 
230623095950 0.786 24.798 38.239 8.327 8.258 0.782 10.941 
230623101450 0.806 24.809 38.246 8.326 8.258 0.903 10.945 
230623102950 0.870 24.759 38.238 8.341 8.259 0.858 10.946 
230623104450 0.849 24.739 38.239 8.348 8.258 0.736 10.921 
230623105950 0.814 24.894 38.207 8.315 8.259 0.896 10.943 
230623111450 0.852 24.944 38.210 8.309 8.258 0.736 10.946 
230623112950 0.749 24.904 38.210 8.319 8.257 0.941 10.946 
230623114450 0.793 24.983 38.206 8.308 8.257 0.622 10.921 
230623115950 0.810 25.011 38.204 8.305 8.256 0.501 10.944 
230623121450 0.758 25.086 38.205 8.288 8.256 0.865 10.946 
230623122950 0.781 25.162 38.197 8.276 8.256 0.919 10.947 
230623124450 0.873 25.117 38.201 8.288 8.255 0.881 10.920 
230623125950 0.709 25.276 38.195 8.260 8.255 1.161 10.944 
230623131450 0.817 25.264 38.205 8.266 8.255 0.888 10.947 
230623132950 0.856 25.180 38.180 8.287 8.254 0.721 10.948 
