SAMBAT Sea Ti  C/T/D/Odo/Fluo/pH GPS : 50195 
V:0,Pression (0/50),dba
V:1,Température (-5/35),°C
V:2,Salinité (2/42),g/l
V:3,Oxygène (0/20),mgl
V:4,PH (0/14),pH
V:5,Fluorescence (0/500),ppb
V:6,Tension batterie,V
260723145701 0.666 27.031 30.181 7.811 8.267 1.359 10.844 
260723151200 0.664 27.024 37.386 7.815 8.267 1.161 10.950 
260723152700 0.764 27.018 39.236 7.818 8.266 1.245 10.960 
260723154200 0.779 27.018 39.207 7.820 8.266 1.010 10.905 
260723155700 0.661 27.005 39.208 7.822 8.265 1.078 10.958 
260723161200 0.759 26.965 39.226 7.831 8.262 1.397 10.962 
260723162700 0.786 26.920 39.267 7.839 8.263 1.556 10.962 
260723164200 0.693 26.886 39.231 7.844 8.262 1.420 10.906 
260723165700 0.726 26.857 39.280 7.849 8.264 1.055 10.959 
260723171200 0.799 26.827 39.152 7.854 8.265 1.526 10.962 
260723172700 0.724 26.816 37.738 7.855 8.266 1.571 10.962 
260723174200 0.792 26.795 38.576 7.855 8.267 1.640 10.810 
260723175700 0.750 26.782 39.225 7.856 8.266 1.412 10.956 
260723181200 0.714 26.768 39.206 7.854 8.266 1.450 10.960 
260723182700 0.716 26.752 39.022 7.855 8.267 1.328 10.962 
260723184200 0.679 26.719 39.247 7.858 8.267 1.723 10.905 
260723185700 0.818 26.674 33.731 7.860 8.267 1.495 10.958 
260723191200 0.692 26.674 39.227 7.856 8.267 1.807 10.961 
260723192700 0.695 26.674 39.260 7.852 8.270 1.389 10.962 
260723194200 0.780 26.698 39.290 7.845 8.269 1.943 10.904 
260723195700 0.749 26.735 39.269 7.835 8.272 1.754 10.958 
260723201200 0.831 26.731 39.257 7.833 8.272 1.792 10.961 
260723202700 0.716 26.727 39.261 7.834 8.272 2.308 10.961 
260723204200 0.729 26.720 39.258 7.835 8.275 2.467 10.809 
260723205700 0.739 26.711 39.266 7.836 8.274 2.209 10.955 
260723211200 0.711 26.690 39.264 7.838 8.272 1.852 10.960 
260723212700 0.707 26.649 39.214 7.841 8.269 1.640 10.961 
260723214200 0.828 26.617 39.258 7.845 8.267 2.034 10.903 
260723215700 0.822 26.576 39.261 7.847 8.266 1.738 10.957 
260723221200 0.730 26.557 39.250 7.846 8.268 1.602 10.960 
260723222700 0.764 26.584 39.229 7.836 8.272 1.594 10.961 
260723224200 0.768 26.549 39.239 7.841 8.270 1.981 10.902 
260723225700 0.833 26.546 39.256 7.837 8.271 1.556 10.957 
260723231200 0.754 26.557 39.262 7.831 8.270 1.678 10.960 
260723232700 0.824 26.524 39.249 7.831 8.270 1.723 10.960 
260723234200 0.757 26.527 39.256 7.828 8.272 1.594 10.808 
260723235700 0.729 26.565 39.269 7.816 8.273 1.959 10.954 
270723001200 0.852 26.581 39.261 7.811 8.272 1.602 10.959 
270723002700 0.795 26.554 39.269 7.813 8.270 1.754 10.960 
270723004200 0.744 26.527 39.200 7.815 8.270 1.761 10.903 
270723005700 0.764 26.537 39.100 7.816 8.271 1.913 10.956 
270723011200 0.760 26.527 36.838 7.814 8.271 1.746 10.959 
270723012700 0.730 26.552 34.471 7.809 8.270 2.095 10.960 
270723014200 0.766 26.533 39.280 7.812 8.272 1.579 10.808 
270723015700 0.764 26.530 39.266 7.815 8.271 2.133 10.954 
270723021200 0.698 26.521 38.756 7.816 8.271 1.898 10.959 
270723022700 0.757 26.530 39.286 7.815 8.271 2.034 10.960 
270723024200 0.735 26.527 39.271 7.816 8.271 1.769 10.911 
270723025700 0.756 26.513 39.290 7.819 8.271 1.981 10.957 
270723031200 0.809 26.526 39.281 7.818 8.272 2.027 10.959 
270723032700 0.748 26.494 39.272 7.823 8.271 1.959 10.959 
270723034200 0.775 26.496 39.280 7.825 8.272 2.186 10.905 
270723035700 0.784 26.521 39.278 7.825 8.273 2.452 10.956 
270723041200 0.789 26.511 39.217 7.831 8.272 2.019 10.959 
270723042700 0.829 26.483 39.294 7.840 8.274 2.179 10.959 
270723044200 0.820 26.469 39.289 7.848 8.273 2.733 10.807 
270723045700 0.719 26.464 39.296 7.858 8.271 2.809 10.953 
270723051200 0.767 26.467 39.310 7.861 8.272 2.361 10.958 
270723052700 0.785 26.447 39.304 7.871 8.269 2.027 10.959 
270723054200 0.837 26.430 39.318 7.879 8.270 2.103 10.902 
270723055700 0.735 26.397 39.111 7.890 8.266 2.164 10.955 
270723061200 0.773 26.384 39.196 7.896 8.267 2.118 10.959 
270723062700 0.768 26.362 39.256 7.904 8.266 1.852 10.959 
270723064200 0.702 26.362 39.254 7.906 8.266 1.480 10.898 
270723065700 0.831 26.366 39.231 7.908 8.267 1.359 10.954 
270723071200 0.741 26.388 39.257 7.907 8.271 1.215 10.958 
270723072700 0.834 26.391 39.320 7.910 8.268 1.678 10.959 
270723074200 0.828 26.378 39.299 7.914 8.270 1.207 10.804 
270723075700 0.831 26.394 39.314 7.914 8.267 1.237 10.952 
270723081200 0.841 26.394 39.296 7.915 8.267 0.957 10.958 
270723082700 0.762 26.411 39.313 7.914 8.270 1.533 10.958 
270723084200 0.765 26.389 39.307 7.918 8.268 1.070 10.901 
270723085700 0.801 26.398 39.308 7.916 8.268 1.404 10.955 
270723091200 0.766 26.400 39.293 7.916 8.271 0.934 10.958 
270723092700 0.846 26.428 39.302 7.911 8.272 1.275 10.958 
270723094200 0.822 26.420 39.265 7.915 8.271 1.093 10.896 
270723095700 0.730 26.391 39.239 7.920 8.268 0.744 10.954 
270723101200 0.748 26.345 39.302 7.929 8.267 0.774 10.958 
270723102700 0.859 26.328 39.286 7.930 8.266 0.714 10.958 
270723104200 0.763 26.331 39.287 7.926 8.269 1.116 10.805 
270723105700 0.748 26.333 39.288 7.923 8.269 0.668 10.952 
270723111200 0.777 26.350 39.293 7.919 8.270 0.873 10.957 
270723112700 0.847 26.366 39.322 7.910 8.271 0.903 10.958 
270723114200 0.744 26.381 39.263 7.909 8.270 0.759 10.901 
270723115700 0.809 26.408 39.247 7.904 8.270 0.744 10.954 
270723121200 0.771 26.461 39.274 7.894 8.272 1.116 10.958 
270723122700 0.852 26.541 39.261 7.883 8.272 0.622 10.958 
270723124200 0.757 26.614 39.233 7.871 8.276 0.615 10.900 
270723125700 0.790 26.603 39.222 7.875 8.272 0.805 10.955 
270723131200 0.726 26.567 39.247 7.882 8.268 0.820 10.958 
270723132700 0.706 26.573 39.256 7.882 8.268 0.653 10.959 
270723134200 0.637 26.530 39.261 7.892 8.270 0.660 10.806 
270723135700 0.787 26.529 39.325 7.895 8.266 0.767 10.953 
270723141200 0.835 26.518 39.324 7.899 8.268 1.002 10.958 
270723142700 0.804 26.496 39.335 7.903 8.268 1.131 10.958 
270723144200 0.827 26.486 39.323 7.905 8.267 1.017 10.902 
270723145700 0.768 26.460 39.320 7.910 8.267 1.222 10.955 
