SAMBAT Sea Ti  C/T/D/Odo/Fluo/pH GPS : 50195 
V:0,Pression (0/50),dba
V:1,Température (-5/35),°C
V:2,Salinité (2/42),g/l
V:3,Oxygène (0/20),mgl
V:4,PH (0/14),pH
V:5,Fluorescence (0/500),ppb
V:6,Tension batterie,V
040623124403 0.814 21.138 38.196 9.295 8.265 0.919 10.793 
040623125902 0.784 21.115 38.200 9.302 8.265 0.926 10.890 
040623131402 0.745 21.096 38.200 9.309 8.265 0.873 10.914 
040623132902 0.838 21.072 38.198 9.315 8.264 0.562 10.920 
040623134402 0.840 21.062 38.200 9.322 8.265 0.554 10.885 
040623135902 0.835 21.039 38.199 9.335 8.265 0.706 10.915 
040623141402 0.879 21.022 38.195 9.344 8.265 0.630 10.921 
040623142902 0.881 21.003 38.194 9.351 8.265 0.759 10.923 
040623144402 0.863 20.998 38.193 9.357 8.265 1.063 10.875 
040623145902 0.861 20.956 38.194 9.369 8.266 0.820 10.913 
040623151402 0.879 20.936 38.193 9.381 8.267 1.048 10.920 
040623152902 0.784 20.902 38.190 9.394 8.267 0.888 10.923 
040623154402 0.821 20.864 38.187 9.400 8.267 1.420 10.882 
040623155902 0.850 20.868 38.190 9.404 8.267 0.820 10.914 
040623161402 0.880 20.881 38.193 9.406 8.266 0.994 10.921 
040623162902 0.800 20.907 38.194 9.405 8.265 1.139 10.923 
040623164402 0.811 20.937 38.192 9.402 8.265 0.972 10.885 
040623165902 0.812 20.895 38.196 9.414 8.266 1.435 10.915 
040623171402 0.814 20.894 38.196 9.418 8.266 0.835 10.921 
040623172902 0.779 20.855 38.194 9.422 8.266 1.101 10.923 
040623174402 0.786 20.819 38.193 9.425 8.266 1.154 10.871 
040623175902 0.796 20.757 38.194 9.428 8.266 1.093 10.911 
040623181402 0.809 20.738 38.195 9.431 8.267 1.139 10.919 
040623182902 0.824 20.726 38.193 9.432 8.268 0.873 10.921 
040623184402 0.846 20.721 38.184 9.434 8.270 1.275 10.884 
040623185902 0.772 20.712 38.184 9.437 8.270 1.139 10.914 
040623191402 0.834 20.695 38.189 9.440 8.271 1.336 10.920 
040623192902 0.788 20.723 38.181 9.441 8.275 1.822 10.922 
040623194402 0.827 20.748 38.164 9.444 8.275 1.769 10.884 
040623195902 0.831 20.758 38.169 9.444 8.276 1.792 10.914 
040623201402 0.831 20.765 38.170 9.444 8.276 1.328 10.920 
040623202902 0.819 20.790 38.158 9.446 8.278 1.883 10.922 
040623204402 0.841 20.790 38.157 9.448 8.278 1.792 10.869 
040623205902 0.829 20.788 38.164 9.450 8.277 1.503 10.909 
040623211402 0.835 20.759 38.129 9.451 8.277 1.746 10.918 
040623212902 0.808 20.753 38.071 9.452 8.280 1.397 10.921 
040623214402 0.831 20.777 38.109 9.452 8.279 1.905 10.884 
040623215902 0.840 20.789 38.122 9.453 8.278 1.465 10.913 
040623221402 0.829 20.801 38.125 9.453 8.278 1.708 10.919 
040623222902 0.836 20.797 38.139 9.455 8.278 2.095 10.921 
040623224402 0.828 20.806 38.146 9.456 8.277 2.103 10.884 
040623225902 0.834 20.805 38.152 9.457 8.277 2.148 10.913 
040623231402 0.831 20.805 38.151 9.456 8.275 1.738 10.919 
040623232902 0.831 20.840 38.159 9.454 8.272 1.526 10.921 
040623234402 0.831 20.855 38.185 9.452 8.271 1.776 10.869 
040623235902 0.823 20.864 38.191 9.450 8.270 1.450 10.909 
050623001402 0.826 20.869 38.191 9.449 8.270 1.450 10.918 
050623002902 0.834 20.856 38.188 9.450 8.271 1.245 10.920 
050623004402 0.816 20.867 38.191 9.448 8.270 1.063 10.884 
050623005902 0.818 20.882 38.190 9.447 8.271 1.215 10.913 
050623011402 0.828 20.880 38.193 9.447 8.271 1.382 10.919 
050623012902 0.819 20.884 38.197 9.447 8.271 1.814 10.921 
050623014402 0.840 20.888 38.194 9.445 8.272 1.161 10.883 
050623015902 0.832 20.905 38.198 9.440 8.272 1.442 10.913 
050623021402 0.830 20.893 38.196 9.441 8.272 1.161 10.919 
050623022902 0.822 20.890 38.196 9.439 8.273 1.207 10.921 
050623024402 0.824 20.886 38.199 9.437 8.274 1.017 10.875 
050623025902 0.811 20.882 38.199 9.434 8.274 1.321 10.911 
050623031402 0.823 20.884 38.199 9.432 8.274 1.351 10.918 
050623032902 0.808 20.874 38.199 9.432 8.275 1.177 10.921 
050623034402 0.827 20.874 38.195 9.431 8.275 1.093 10.883 
050623035902 0.824 20.868 38.196 9.431 8.276 1.237 10.913 
050623041402 0.825 20.864 38.200 9.428 8.276 0.865 10.919 
050623042902 0.833 20.852 38.200 9.429 8.276 1.617 10.920 
050623044402 0.832 20.847 38.199 9.427 8.277 1.465 10.881 
050623045902 0.819 20.837 38.197 9.425 8.277 1.427 10.912 
050623051402 0.807 20.833 38.194 9.426 8.277 1.344 10.919 
050623052902 0.811 20.815 38.197 9.428 8.276 1.040 10.920 
050623054402 0.812 20.815 38.199 9.429 8.276 1.632 10.869 
050623055902 0.838 20.807 38.203 9.430 8.276 1.230 10.909 
050623061402 0.824 20.796 38.202 9.432 8.276 1.359 10.917 
050623062902 0.826 20.790 38.202 9.434 8.276 1.458 10.920 
050623064402 0.817 20.777 38.198 9.433 8.274 1.245 10.882 
050623065902 0.820 20.782 38.196 9.435 8.274 0.683 10.912 
050623071402 0.831 20.791 38.197 9.435 8.273 0.957 10.918 
050623072902 0.819 20.799 38.195 9.434 8.272 1.032 10.920 
050623074402 0.826 20.809 38.195 9.433 8.272 0.774 10.881 
050623075902 0.824 20.816 38.194 9.434 8.272 0.934 10.912 
050623081402 0.830 20.821 38.194 9.434 8.272 0.562 10.918 
050623082902 0.827 20.839 38.189 9.435 8.273 0.714 10.920 
050623084402 0.834 20.856 38.193 9.436 8.272 0.698 10.868 
050623085902 0.843 20.882 38.201 9.437 8.272 0.630 10.908 
050623091402 0.825 20.934 38.197 9.426 8.272 0.418 10.917 
050623092902 0.829 20.889 38.190 9.437 8.272 0.524 10.920 
050623094402 0.816 20.943 38.190 9.425 8.272 1.268 10.887 
050623095902 0.815 21.028 38.199 9.400 8.271 0.547 10.914 
050623101402 0.822 21.055 38.194 9.395 8.269 0.463 10.919 
050623102902 0.819 21.109 38.209 9.371 8.269 0.562 10.921 
050623104402 0.815 21.322 38.195 9.334 8.271 0.797 10.886 
050623105902 0.816 21.159 38.195 9.371 8.270 0.622 10.914 
050623111402 0.817 21.217 38.194 9.356 8.270 1.017 10.920 
050623112902 0.828 21.261 38.195 9.347 8.269 0.820 10.922 
050623114402 0.808 21.288 38.191 9.340 8.268 0.683 10.871 
050623115902 0.806 21.338 38.199 9.330 8.267 0.607 10.911 
050623121402 0.826 21.296 38.198 9.338 8.267 0.372 10.919 
050623122902 0.829 21.369 38.189 9.323 8.267 0.547 10.922 
050623124402 0.815 21.267 38.196 9.346 8.267 0.547 10.885 
