SAMBAT Sea Ti  C/T/D/Odo/Fluo/pH GPS : 50195 
V:0,Pression (0/50),dba
V:1,Température (-5/35),°C
V:2,Salinité (2/42),g/l
V:3,Oxygène (0/20),mgl
V:4,PH (0/14),pH
V:5,Fluorescence (0/500),ppb
V:6,Tension batterie,V
140423104041 0.643 14.863 38.178 10.723 8.255 0.000 10.721 
140423105540 0.837 14.861 38.175 10.723 8.253 0.691 10.803 
140423111040 0.628 14.870 38.178 10.711 8.255 0.850 10.833 
140423112540 0.693 14.867 38.181 10.722 8.254 14.818 10.846 
140423114040 0.704 14.861 38.182 10.722 8.253 0.000 10.808 
140423115540 0.578 14.865 38.181 10.718 8.252 7.219 10.838 
140423121040 0.572 14.881 38.180 10.708 8.253 8.844 10.849 
140423122540 0.761 14.884 38.176 10.707 8.253 0.835 10.854 
140423124040 0.772 14.881 38.187 10.710 8.254 1.412 10.801 
140423125540 0.435 14.892 38.186 10.713 8.255 1.078 10.836 
140423131040 0.646 14.880 38.181 10.721 8.254 0.668 10.849 
140423132540 0.771 14.867 38.177 10.727 8.250 1.822 10.855 
140423134040 0.717 14.868 38.173 10.732 8.252 1.746 10.810 
140423135540 0.646 14.868 38.180 10.732 8.252 1.473 10.840 
140423141040 0.706 14.862 38.180 10.738 8.249 1.617 10.852 
140423142540 0.667 14.867 38.176 10.737 8.248 0.000 10.856 
140423144040 0.548 14.864 38.181 10.741 8.248 0.941 10.792 
140423145540 0.785 14.867 38.176 10.742 8.247 2.482 10.832 
140423151040 0.615 14.873 38.179 10.734 8.248 1.359 10.847 
140423152540 0.777 14.867 38.175 10.746 8.246 11.136 10.853 
140423154040 0.777 14.835 38.173 10.756 8.245 0.000 10.810 
140423155540 0.709 14.819 38.176 10.761 8.244 1.564 10.840 
140423161040 0.585 14.810 38.177 10.765 8.245 2.293 10.851 
140423162540 0.662 14.803 38.179 10.764 8.245 2.232 10.855 
140423164040 0.811 14.794 38.174 10.764 8.245 2.665 10.811 
140423165540 0.825 14.796 38.174 10.766 8.245 2.072 10.840 
140423171040 0.680 14.787 38.170 10.768 8.245 2.422 10.851 
140423172540 0.664 14.784 38.178 10.769 8.245 2.801 10.856 
140423174040 0.788 14.789 38.173 10.762 8.245 3.257 10.801 
140423175540 0.711 14.771 38.177 10.766 8.246 5.504 10.835 
140423181040 0.654 14.763 38.166 10.773 8.246 5.542 10.849 
140423182540 0.767 14.754 38.175 10.774 8.246 5.974 10.854 
140423184040 0.807 14.752 38.171 10.773 8.246 5.693 10.801 
140423185540 0.589 14.717 38.171 10.775 8.246 6.346 10.835 
140423191040 0.807 14.743 38.178 10.757 8.246 6.673 10.848 
140423192540 0.748 14.723 38.168 10.756 8.246 5.769 10.854 
140423194040 0.607 14.713 38.173 10.752 8.246 7.121 10.810 
140423195540 0.663 14.751 38.162 10.739 8.248 5.079 10.839 
140423201040 0.640 15.004 38.163 10.656 8.269 3.158 10.851 
140423202540 0.698 14.942 38.167 10.680 8.263 3.355 10.855 
140423204040 0.722 14.895 38.167 10.693 8.258 4.046 10.804 
140423205540 0.727 14.913 38.156 10.688 8.262 3.484 10.837 
140423211040 0.798 14.903 38.164 10.693 8.261 3.879 10.850 
140423212540 0.843 14.897 38.165 10.696 8.260 3.970 10.855 
140423214040 0.680 14.864 38.162 10.709 8.258 4.669 10.810 
140423215540 0.629 14.879 38.148 10.702 8.260 4.418 10.840 
140423221040 0.756 14.868 38.157 10.711 8.259 4.228 10.851 
140423222540 0.727 14.878 38.165 10.705 8.260 4.380 10.856 
140423224040 0.798 14.932 38.161 10.694 8.265 3.150 10.811 
140423225540 0.757 14.953 38.153 10.695 8.267 2.733 10.841 
140423231040 0.797 14.974 38.160 10.693 8.269 2.498 10.851 
140423232540 0.731 14.989 38.144 10.690 8.272 2.285 10.856 
140423234040 0.781 15.012 38.146 10.689 8.272 2.331 10.794 
140423235540 0.646 15.001 38.139 10.699 8.272 2.148 10.833 
150423001040 0.682 14.983 38.132 10.713 8.271 2.657 10.848 
150423002540 0.705 14.980 38.143 10.723 8.272 2.034 10.853 
150423004040 0.703 15.017 38.176 10.713 8.272 2.900 10.810 
150423005540 0.661 15.064 38.180 10.711 8.275 2.756 10.840 
150423011040 0.765 15.106 38.181 10.707 8.279 2.110 10.851 
150423012540 0.724 15.148 38.182 10.712 8.280 1.943 10.856 
150423014040 0.876 15.151 38.175 10.722 8.280 1.936 10.811 
150423015540 0.728 15.151 38.184 10.733 8.282 1.936 10.841 
150423021040 0.793 15.186 38.167 10.737 8.284 2.019 10.852 
150423022540 0.874 15.123 38.170 10.753 8.291 2.179 10.857 
150423024040 0.845 15.044 38.176 10.782 8.287 2.391 10.803 
150423025540 0.905 15.022 38.177 10.794 8.283 2.611 10.837 
150423031040 0.712 15.002 38.171 10.807 8.279 2.923 10.850 
150423032540 0.804 14.961 38.167 10.826 8.275 3.044 10.855 
150423034040 0.741 14.963 38.165 10.829 8.274 2.824 10.811 
150423035540 0.612 14.955 38.167 10.835 8.275 2.642 10.841 
150423041040 0.740 14.963 38.171 10.835 8.277 2.710 10.852 
150423042540 0.745 14.949 38.164 10.844 8.274 3.188 10.856 
150423044040 0.732 14.962 38.170 10.846 8.278 2.976 10.811 
150423045540 0.810 14.989 38.168 10.838 8.283 2.315 10.841 
150423051040 0.672 14.970 38.178 10.855 8.281 2.293 10.851 
150423052540 0.725 14.979 38.168 10.851 8.282 2.346 10.856 
150423054040 0.662 14.991 38.171 10.857 8.284 2.262 10.802 
150423055540 0.689 14.997 38.164 10.862 8.285 2.740 10.837 
150423061040 0.741 15.010 38.170 10.863 8.284 2.323 10.849 
150423062540 0.674 14.981 38.162 10.881 8.279 3.014 10.855 
150423064040 0.684 14.976 38.170 10.884 8.278 3.014 10.801 
150423065540 0.795 14.965 38.167 10.892 8.277 2.907 10.836 
150423071040 0.822 14.988 38.169 10.882 8.280 2.467 10.849 
150423072540 0.748 15.027 38.164 10.873 8.287 2.361 10.854 
150423074040 0.708 15.031 38.166 10.873 8.289 1.131 10.810 
150423075540 0.827 15.024 38.167 10.872 8.287 1.245 10.840 
150423081040 0.655 15.003 38.168 10.877 8.284 1.017 10.851 
150423082540 0.724 14.993 38.168 10.878 8.279 0.979 10.855 
150423084040 0.728 15.026 38.162 10.869 8.280 1.275 10.803 
150423085540 0.699 15.062 38.179 10.861 8.283 1.093 10.837 
150423091040 0.816 15.111 38.180 10.844 8.286 0.281 10.850 
150423092540 0.759 15.113 38.170 10.843 8.286 1.222 10.855 
150423094040 0.548 15.087 38.176 10.850 8.281 0.676 10.811 
150423095540 0.577 15.040 38.182 10.869 8.276 0.706 10.841 
150423101040 0.664 15.001 38.172 10.883 8.267 1.260 10.851 
150423102540 0.734 14.952 38.168 10.900 8.260 0.676 10.856 
150423104040 0.744 14.928 38.171 10.902 8.259 1.177 10.811 
