SAMBAT Sea Ti  C/T/D/Odo/Fluo/pH GPS : 50195 
V:0,Pression (0/50),dba
V:1,Température (-5/35),°C
V:2,Salinité (2/42),g/l
V:3,Oxygène (0/20),mgl
V:4,PH (0/14),pH
V:5,Fluorescence (0/500),ppb
V:6,Tension batterie,V
090523114057 0.849 19.023 38.138 9.909 8.271 0.706 10.763 
090523115556 0.830 19.179 38.177 9.870 8.270 0.645 10.857 
090523121056 0.884 19.394 38.161 9.811 8.267 5.511 10.886 
090523122556 0.866 19.497 38.151 9.781 8.265 0.706 10.896 
090523124056 0.869 19.429 38.184 9.794 8.265 0.440 10.855 
090523125556 0.832 19.416 38.153 9.798 8.265 0.577 10.889 
090523131056 0.854 19.628 38.163 9.749 8.263 1.169 10.899 
090523132556 0.843 19.563 38.181 9.762 8.262 0.585 10.903 
090523134056 0.828 19.569 38.157 9.760 8.262 1.086 10.846 
090523135556 0.810 19.553 38.163 9.773 8.262 0.531 10.889 
090523141056 0.822 19.469 38.154 9.793 8.262 0.714 10.900 
090523142556 0.857 19.603 38.160 9.756 8.260 0.873 10.903 
090523144056 0.857 19.628 38.165 9.741 8.259 0.326 10.861 
090523145556 0.809 19.573 38.170 9.755 8.259 0.531 10.894 
090523151056 0.863 19.708 38.169 9.714 8.258 0.744 10.902 
090523152556 0.836 19.716 38.170 9.708 8.257 0.729 10.905 
090523154056 0.829 19.706 38.161 9.705 8.258 0.668 10.862 
090523155556 0.857 19.759 38.164 9.690 8.258 1.055 10.895 
090523161056 0.839 19.736 38.163 9.693 8.258 0.896 10.903 
090523162556 0.878 19.680 38.153 9.706 8.260 1.139 10.905 
090523164056 0.850 19.680 38.169 9.700 8.260 1.313 10.860 
090523165556 0.839 19.683 38.164 9.698 8.259 1.093 10.895 
090523171056 0.772 19.683 38.163 9.693 8.259 1.169 10.903 
090523172556 0.829 19.709 38.164 9.686 8.259 1.055 10.906 
090523174056 0.839 19.712 38.171 9.683 8.260 1.192 10.853 
090523175556 0.849 19.676 38.167 9.692 8.260 1.184 10.892 
090523181056 0.858 19.602 38.167 9.711 8.260 1.116 10.902 
090523182556 0.861 19.614 38.178 9.709 8.260 1.852 10.905 
090523184056 0.817 19.612 38.168 9.714 8.260 1.184 10.860 
090523185556 0.842 19.584 38.161 9.725 8.261 1.458 10.894 
090523191056 0.822 19.462 38.139 9.760 8.263 1.776 10.902 
090523192556 0.824 19.502 38.157 9.754 8.265 1.237 10.905 
090523194056 0.835 19.520 38.148 9.756 8.264 1.245 10.861 
090523195556 0.845 19.483 38.172 9.785 8.260 1.124 10.894 
090523201056 0.828 19.354 38.132 9.806 8.261 1.420 10.901 
090523202556 0.862 19.181 38.180 9.838 8.260 1.237 10.904 
090523204056 0.834 19.225 38.157 9.851 8.258 1.215 10.856 
090523205556 0.796 19.081 38.186 9.878 8.262 1.283 10.891 
090523211056 0.823 18.706 38.247 9.929 8.256 1.010 10.899 
090523212556 0.847 18.889 38.190 9.909 8.260 1.146 10.902 
090523214056 0.788 18.908 38.138 9.903 8.265 1.177 10.843 
090523215556 0.831 19.022 38.170 9.879 8.267 1.275 10.885 
090523221056 0.818 18.957 38.162 9.890 8.267 1.404 10.896 
090523222556 0.813 18.819 38.168 9.919 8.266 1.161 10.900 
090523224056 0.817 18.776 38.168 9.928 8.265 1.253 10.856 
090523225556 0.855 18.705 38.170 9.945 8.265 1.336 10.889 
090523231056 0.799 18.670 38.174 9.947 8.266 1.731 10.897 
090523232556 0.889 18.678 38.170 9.940 8.268 1.275 10.899 
090523234056 0.896 18.647 38.169 9.947 8.269 1.063 10.847 
090523235556 0.934 18.570 38.174 9.963 8.267 1.215 10.885 
100523001056 0.779 18.539 38.175 9.970 8.266 1.139 10.894 
100523002556 0.838 18.483 38.175 9.977 8.265 1.025 10.897 
100523004056 0.910 18.445 38.176 9.975 8.264 1.116 10.859 
100523005556 0.749 18.400 38.171 9.983 8.263 1.245 10.887 
100523011056 0.780 18.272 38.170 10.007 8.262 1.161 10.895 
100523012556 0.888 18.264 38.163 9.996 8.263 1.131 10.897 
100523014056 0.760 18.305 38.148 9.975 8.265 1.215 10.854 
100523015556 0.845 18.373 38.133 9.942 8.266 1.549 10.885 
100523021056 0.775 18.419 38.131 9.924 8.266 0.994 10.893 
100523022556 0.895 18.443 38.137 9.907 8.266 1.268 10.896 
100523024056 0.748 18.457 38.145 9.899 8.265 1.549 10.837 
100523025556 0.818 18.515 38.147 9.880 8.262 1.040 10.879 
100523031056 0.888 18.570 38.157 9.856 8.256 1.420 10.891 
100523032556 0.770 18.638 38.156 9.834 8.254 1.344 10.895 
100523034056 0.817 18.696 38.157 9.811 8.253 1.495 10.852 
100523035556 0.871 18.688 38.166 9.803 8.252 1.253 10.884 
100523041056 0.774 18.684 38.164 9.794 8.250 1.146 10.893 
100523042556 0.778 18.714 38.160 9.781 8.249 1.291 10.897 
100523044056 0.795 18.706 38.168 9.774 8.248 1.799 10.853 
100523045556 0.791 18.722 38.163 9.761 8.247 1.723 10.885 
100523051056 0.826 18.734 38.165 9.750 8.246 1.533 10.894 
100523052556 0.831 18.722 38.167 9.744 8.246 1.754 10.897 
100523054056 0.744 18.723 38.175 9.737 8.247 1.670 10.839 
100523055556 0.827 18.723 38.173 9.729 8.247 1.640 10.881 
100523061056 0.716 18.720 38.177 9.722 8.248 1.905 10.892 
100523062556 0.760 18.701 38.178 9.719 8.248 1.321 10.896 
100523064056 0.804 18.693 38.180 9.715 8.248 1.761 10.853 
100523065556 0.766 18.679 38.178 9.713 8.247 1.465 10.885 
100523071056 0.806 18.673 38.175 9.713 8.247 1.321 10.894 
100523072556 0.801 18.673 38.177 9.711 8.247 1.306 10.897 
100523074056 0.693 18.660 38.171 9.714 8.248 1.458 10.842 
100523075556 0.881 18.673 38.173 9.708 8.246 1.268 10.882 
100523081056 0.783 18.664 38.172 9.708 8.247 1.253 10.892 
100523082556 0.726 18.649 38.167 9.713 8.248 1.518 10.896 
100523084056 0.755 18.649 38.166 9.707 8.247 1.048 10.850 
100523085556 0.815 18.654 38.163 9.698 8.246 0.957 10.884 
100523091056 0.818 18.646 38.165 9.702 8.248 1.124 10.893 
100523092556 0.707 18.607 38.160 9.711 8.252 1.488 10.896 
100523094056 0.750 18.554 38.160 9.727 8.257 1.253 10.850 
100523095556 0.757 18.574 38.164 9.723 8.254 1.298 10.884 
100523101056 0.779 18.539 38.171 9.737 8.255 1.146 10.893 
100523102556 0.764 18.501 38.171 9.753 8.259 1.108 10.896 
100523104056 0.814 18.505 38.165 9.756 8.258 1.268 10.838 
100523105556 0.795 18.529 38.173 9.753 8.255 1.245 10.879 
100523111056 0.719 18.537 38.174 9.753 8.252 0.729 10.891 
100523112556 0.826 18.555 38.166 9.748 8.250 0.820 10.895 
100523114056 0.727 18.559 38.172 9.752 8.248 1.101 10.857 
