SAMBAT Sea Ti  C/T/D/Odo/Fluo/pH GPS : 50195 
V:0,Pression (0/50),m
V:1,Température (-5/35),°C
V:2,Salinité (2/42),g/l
V:3,Oxygène (0/20),mgl
V:4,PH (0/14),pH
V:5,Fluorescence (0/50),µgl
V:6,Tension batterie,V
130123192200 1.025 15.624 36.766 9.427 8.342 0.401 10.720 
130123193659 0.942 15.618 36.785 9.428 8.342 0.339 10.808 
130123195159 0.814 15.609 36.726 9.435 8.342 0.335 10.833 
130123200659 1.001 15.616 36.823 9.434 8.342 0.395 10.817 
130123202159 1.046 15.612 36.748 9.437 8.342 0.367 10.838 
130123203659 1.119 15.614 36.764 9.436 8.342 0.442 10.846 
130123205159 0.973 15.615 36.752 9.435 8.342 0.423 10.850 
130123210659 0.839 15.609 36.772 9.436 8.342 0.457 10.821 
130123212159 0.952 15.597 36.788 9.436 8.342 0.391 10.840 
130123213659 0.876 15.614 36.791 9.431 8.342 0.694 10.848 
130123215159 1.037 15.602 36.750 9.428 8.342 0.452 10.851 
130123220659 1.040 15.608 36.770 9.425 8.343 0.356 10.810 
130123222159 0.946 15.595 36.755 9.425 8.343 0.331 10.836 
130123223659 1.051 15.584 36.712 9.425 8.344 0.380 10.846 
130123225159 0.928 15.584 36.724 9.419 8.344 0.382 10.851 
130123230659 0.952 15.590 36.680 9.414 8.344 0.385 10.822 
130123232159 1.019 15.591 36.802 9.412 8.344 0.331 10.841 
130123233659 0.929 15.586 36.671 9.412 8.344 0.326 10.849 
130123235159 0.934 15.589 36.637 9.411 8.344 0.368 10.852 
140123000659 1.000 15.601 36.686 9.406 8.345 0.403 10.822 
140123002159 0.957 15.584 36.734 9.408 8.345 0.468 10.841 
140123003659 0.937 15.560 36.766 9.411 8.346 0.369 10.849 
140123005159 1.033 15.605 36.696 9.401 8.346 0.420 10.852 
140123010659 1.012 15.590 36.711 9.406 8.346 0.392 10.820 
140123012159 1.070 15.595 36.690 9.404 8.346 0.349 10.840 
140123013659 1.008 15.598 36.671 9.401 8.346 0.367 10.848 
140123015159 0.919 15.603 36.677 9.395 8.346 0.380 10.852 
140123020659 0.960 15.598 36.701 9.396 8.346 0.368 10.810 
140123022159 0.940 15.589 36.650 9.395 8.346 0.495 10.836 
140123023659 0.995 15.591 36.709 9.393 8.347 0.336 10.846 
140123025159 0.917 15.576 36.655 9.397 8.347 0.534 10.851 
140123030659 0.965 15.590 36.736 9.394 8.347 0.535 10.822 
140123032159 0.951 15.547 36.635 9.399 8.347 0.363 10.841 
140123033659 1.064 15.571 36.675 9.394 8.348 0.468 10.849 
140123035159 1.012 15.548 36.678 9.393 8.348 0.409 10.852 
140123040659 0.971 15.567 36.661 9.389 8.348 0.439 10.822 
140123042159 1.008 15.574 36.701 9.385 8.349 0.410 10.841 
140123043659 0.987 15.566 36.658 9.380 8.349 0.367 10.849 
140123045159 1.006 15.590 36.646 9.376 8.349 0.394 10.852 
140123050659 0.958 15.550 36.616 9.381 8.349 0.403 10.821 
140123052159 1.021 15.572 36.633 9.375 8.349 0.457 10.840 
140123053659 0.971 15.553 36.643 9.376 8.349 0.384 10.848 
140123055159 0.929 15.566 36.667 9.373 8.349 0.425 10.852 
140123060659 0.989 15.569 36.586 9.368 8.349 0.415 10.810 
140123062159 0.978 15.571 36.631 9.370 8.349 0.401 10.836 
140123063659 1.088 15.558 36.708 9.371 8.349 0.439 10.846 
140123065159 1.004 15.575 36.621 9.372 8.349 0.384 10.851 
140123070659 0.996 15.558 36.643 9.375 8.350 0.406 10.822 
140123072159 0.998 15.576 36.623 9.370 8.350 0.376 10.841 
140123073659 0.991 15.557 36.665 9.370 8.350 0.477 10.848 
140123075159 1.035 15.545 36.654 9.375 8.350 0.359 10.852 
140123080659 0.998 15.561 36.627 9.366 8.350 0.379 10.822 
140123082159 1.061 15.553 36.581 9.365 8.350 0.448 10.841 
140123083659 1.022 15.545 36.622 9.363 8.350 0.439 10.849 
140123085159 1.041 15.571 36.594 9.357 8.350 0.410 10.852 
140123090659 1.018 15.554 36.583 9.358 8.350 0.378 10.810 
140123092159 1.006 15.537 36.604 9.360 8.350 0.414 10.836 
140123093659 1.065 15.555 36.655 9.354 8.350 0.448 10.846 
140123095159 1.049 15.542 36.588 9.358 8.350 0.307 10.851 
140123100659 1.018 15.552 36.610 9.352 8.350 0.254 10.821 
140123102159 1.033 15.544 36.608 9.350 8.349 0.233 10.840 
140123103659 1.027 15.554 36.604 9.351 8.349 0.235 10.848 
140123105159 1.058 15.560 36.601 9.349 8.349 0.228 10.851 
140123110659 1.057 15.551 36.596 9.355 8.348 0.190 10.821 
140123112159 1.049 15.566 36.608 9.353 8.348 0.200 10.841 
140123113659 0.993 15.568 36.568 9.358 8.347 0.180 10.848 
140123115159 1.024 15.569 36.595 9.358 8.347 0.147 10.852 
140123120659 1.026 15.576 36.576 9.360 8.347 0.180 10.810 
140123122159 1.039 15.587 36.565 9.362 8.346 0.120 10.836 
140123123659 1.001 15.603 36.575 9.363 8.345 0.096 10.846 
140123125159 0.978 15.633 36.657 9.357 8.345 0.117 10.851 
140123130659 1.010 15.656 36.580 9.356 8.344 0.114 10.820 
140123132159 1.018 15.644 36.608 9.361 8.344 0.116 10.840 
140123133659 0.972 15.624 36.568 9.379 8.344 0.120 10.848 
140123135159 1.056 15.638 36.573 9.380 8.343 0.119 10.852 
140123140659 0.967 15.660 36.586 9.368 8.343 0.103 10.810 
140123142159 1.014 15.653 36.562 9.372 8.342 0.123 10.836 
140123143659 0.953 15.676 36.557 9.372 8.342 0.147 10.846 
140123145159 0.977 15.664 36.583 9.375 8.342 0.126 10.851 
140123150659 1.030 15.689 36.587 9.376 8.341 0.153 10.822 
140123152159 1.015 15.649 36.546 9.385 8.341 0.169 10.841 
140123153659 0.915 15.660 36.547 9.387 8.341 0.131 10.849 
140123155159 0.982 15.672 36.548 9.386 8.341 0.125 10.852 
140123160659 1.016 15.656 36.560 9.391 8.341 0.116 10.810 
140123162159 1.017 15.641 36.579 9.400 8.342 0.321 10.836 
140123163659 0.991 15.635 36.536 9.402 8.342 0.214 10.847 
140123165159 0.941 15.630 36.574 9.413 8.342 0.262 10.851 
140123170659 1.007 15.628 36.548 9.418 8.342 0.350 10.822 
140123172159 1.010 15.615 36.543 9.420 8.342 0.441 10.841 
140123173659 0.969 15.612 36.693 9.424 8.342 0.462 10.849 
140123175159 0.977 15.608 36.580 9.428 8.342 0.426 10.852 
140123180659 1.028 15.599 36.578 9.432 8.342 0.493 10.822 
140123182159 0.993 15.579 36.568 9.436 8.342 0.433 10.841 
140123183659 0.931 15.583 36.607 9.431 8.342 0.461 10.849 
140123185159 0.989 15.576 36.604 9.430 8.342 0.449 10.852 
140123190659 1.001 15.576 36.631 9.429 8.342 0.409 10.820 
140123192159 0.896 15.602 36.584 9.425 8.342 0.416 10.840 
