SAMBAT Sea Ti  C/T/D/Odo/Fluo/pH GPS : 50195 
V:0,Pression (0/50),dba
V:1,Température (-5/35),°C
V:2,Salinité (2/42),g/l
V:3,Oxygène (0/20),mgl
V:4,PH (0/14),pH
V:5,Fluorescence (0/500),ppb
V:6,Tension batterie,V
310523123338 0.841 20.956 38.123 9.126 8.257 0.797 10.797 
310523124837 0.805 20.879 37.775 9.148 8.256 0.843 10.880 
310523130337 0.800 20.865 37.800 9.152 8.256 0.577 10.909 
310523131837 0.824 20.802 37.318 9.158 8.255 0.812 10.916 
310523133337 0.852 20.937 37.718 9.146 8.256 0.509 10.919 
310523134837 0.795 20.986 37.322 9.140 8.255 0.752 10.896 
310523140337 0.849 21.073 37.541 9.160 8.262 0.395 10.915 
310523141837 0.706 20.812 37.491 9.207 8.269 0.805 10.919 
310523143337 0.837 21.012 37.737 9.178 8.265 0.478 10.921 
310523144837 0.813 21.115 37.598 9.179 8.266 0.797 10.903 
310523150337 0.787 21.167 37.496 9.174 8.266 0.486 10.917 
310523151837 0.795 21.212 37.543 9.187 8.266 0.577 10.920 
310523153337 0.869 21.258 37.519 9.186 8.265 0.873 10.923 
310523154837 0.819 21.345 37.629 9.179 8.264 0.592 10.903 
310523160337 0.822 21.442 37.606 9.174 8.262 0.676 10.919 
310523161837 0.877 21.600 37.575 9.146 8.260 0.896 10.923 
310523163337 0.836 21.686 37.489 9.145 8.259 0.903 10.924 
310523164837 0.856 21.708 37.342 9.158 8.260 1.146 10.906 
310523170337 0.809 21.711 37.388 9.173 8.260 1.161 10.921 
310523171837 0.821 21.633 37.441 9.195 8.260 0.782 10.924 
310523173337 0.766 21.690 37.458 9.200 8.261 1.199 10.925 
310523174837 0.746 21.617 37.479 9.232 8.262 1.321 10.902 
310523180337 0.811 21.443 37.508 9.288 8.260 1.040 10.920 
310523181837 0.826 21.422 37.431 9.303 8.260 1.032 10.924 
310523183337 0.779 21.372 37.430 9.321 8.260 1.169 10.925 
310523184837 0.843 21.369 37.307 9.336 8.260 1.108 10.907 
310523190337 0.844 21.296 37.437 9.365 8.259 1.412 10.920 
310523191837 0.818 21.251 36.715 9.380 8.260 1.245 10.923 
310523193337 0.789 21.155 37.246 9.414 8.258 0.979 10.924 
310523194837 0.827 21.101 37.973 9.435 8.260 1.070 10.905 
310523200337 0.861 21.057 37.645 9.447 8.261 1.321 10.919 
310523201837 0.801 21.037 37.685 9.453 8.261 1.124 10.922 
310523203337 0.832 21.013 37.670 9.450 8.262 1.010 10.923 
310523204837 0.861 21.022 37.485 9.443 8.263 1.253 10.898 
310523210337 0.799 21.074 37.949 9.420 8.265 1.192 10.916 
310523211837 0.819 21.103 38.084 9.414 8.266 1.207 10.921 
310523213337 0.834 21.135 38.105 9.402 8.266 1.579 10.922 
310523214837 0.806 21.161 38.092 9.389 8.267 1.101 10.905 
310523220337 0.853 21.161 38.084 9.385 8.266 1.283 10.918 
310523221837 0.848 21.147 38.085 9.387 8.266 1.397 10.921 
310523223337 0.823 21.125 38.084 9.392 8.265 1.237 10.922 
310523224837 0.854 21.068 38.080 9.399 8.265 1.298 10.901 
310523230337 0.867 21.045 38.067 9.399 8.268 0.941 10.916 
310523231837 0.852 21.030 38.064 9.398 8.268 1.549 10.920 
310523233337 0.777 21.019 38.061 9.395 8.268 1.002 10.922 
310523234837 0.867 21.007 38.059 9.392 8.268 1.146 10.905 
010623000337 0.805 20.969 38.058 9.392 8.267 1.253 10.918 
010623001837 0.778 20.937 38.077 9.398 8.264 0.941 10.920 
010623003337 0.803 20.856 38.093 9.403 8.261 1.093 10.921 
010623004837 0.826 20.877 38.117 9.396 8.262 1.192 10.903 
010623010337 0.799 20.871 38.116 9.390 8.261 1.070 10.916 
010623011837 0.802 20.786 38.115 9.388 8.260 1.078 10.920 
010623013337 0.838 20.745 38.107 9.383 8.260 0.881 10.920 
010623014837 0.801 20.759 38.114 9.377 8.259 1.108 10.898 
010623020337 0.829 20.769 38.117 9.371 8.259 1.002 10.914 
010623021837 0.868 20.759 38.118 9.367 8.259 1.032 10.918 
010623023337 0.800 20.723 38.126 9.363 8.259 0.987 10.919 
010623024837 0.820 20.710 38.131 9.359 8.259 1.108 10.903 
010623030337 0.869 20.682 38.126 9.356 8.259 1.306 10.915 
010623031837 0.830 20.671 38.126 9.348 8.259 1.222 10.918 
010623033337 0.837 20.656 38.126 9.342 8.260 1.078 10.919 
010623034837 0.811 20.623 38.119 9.335 8.260 1.010 10.899 
010623040337 0.834 20.597 38.066 9.330 8.261 1.359 10.914 
010623041837 0.847 20.586 38.029 9.323 8.262 0.972 10.918 
010623043337 0.825 20.579 38.003 9.317 8.262 1.541 10.918 
010623044837 0.786 20.541 38.026 9.311 8.262 1.032 10.897 
010623050337 0.828 20.517 37.610 9.307 8.263 1.078 10.913 
010623051837 0.851 20.496 37.598 9.310 8.264 1.374 10.916 
010623053337 0.817 20.461 37.572 9.312 8.264 1.108 10.918 
010623054837 0.823 20.413 37.527 9.319 8.264 1.215 10.900 
010623060337 0.830 20.398 37.916 9.316 8.265 1.025 10.913 
010623061837 0.845 20.400 37.892 9.309 8.265 0.767 10.916 
010623063337 0.817 20.395 37.825 9.309 8.265 1.328 10.917 
010623064837 0.846 20.414 38.125 9.302 8.269 0.797 10.892 
010623070337 0.829 20.400 38.100 9.305 8.269 0.797 10.910 
010623071837 0.818 20.390 38.095 9.306 8.268 0.858 10.915 
010623073337 0.845 20.370 38.093 9.312 8.267 0.964 10.916 
010623074837 0.825 20.363 38.101 9.311 8.267 0.979 10.896 
010623080337 0.824 20.355 38.098 9.315 8.267 0.964 10.911 
010623081837 0.830 20.348 38.104 9.315 8.265 0.729 10.915 
010623083337 0.827 20.331 38.101 9.318 8.264 0.865 10.916 
010623084837 0.809 20.427 38.099 9.293 8.262 0.326 10.896 
010623090337 0.851 20.432 38.095 9.291 8.262 0.729 10.911 
010623091837 0.853 20.448 38.100 9.290 8.262 0.440 10.915 
010623093337 0.825 20.353 38.092 9.310 8.261 0.683 10.916 
010623094837 0.844 20.535 38.111 9.265 8.260 0.600 10.891 
010623100337 0.807 20.433 38.087 9.289 8.258 0.524 10.910 
010623101837 0.817 20.444 38.108 9.286 8.257 0.190 10.914 
010623103337 0.852 20.547 38.098 9.264 8.256 0.372 10.916 
010623104837 0.834 20.396 38.121 9.295 8.255 0.304 10.896 
010623110337 0.831 20.713 38.082 9.262 8.256 0.228 10.912 
010623111837 0.838 20.656 38.098 9.266 8.256 0.486 10.916 
010623113337 0.812 20.488 38.114 9.271 8.255 0.311 10.917 
010623114837 0.838 20.752 38.020 9.271 8.255 0.562 10.897 
010623120337 0.802 20.784 38.238 9.266 8.259 0.243 10.913 
010623121837 0.831 21.413 38.087 9.144 8.258 0.084 10.917 
010623123337 0.858 21.235 38.112 9.220 8.256 0.296 10.919 
