SAMBAT Sea Ti  C/T/D/Odo/Fluo/pH GPS : 50195 
V:0,Pression (0/50),dba
V:1,Température (-5/35),°C
V:2,Salinité (2/42),g/l
V:3,Oxygène (0/20),mgl
V:4,PH (0/14),pH
V:5,Fluorescence (0/500),ppb
V:6,Tension batterie,V
070723140708 0.840 26.109 39.064 8.186 8.262 0.547 10.838 
070723142207 0.755 26.106 39.101 8.175 8.262 0.471 10.939 
070723143707 0.795 25.865 39.065 8.238 8.260 0.668 10.951 
070723145207 0.808 25.623 39.049 8.286 8.261 0.691 10.943 
070723150707 0.778 25.507 39.065 8.308 8.263 0.812 10.951 
070723152207 0.765 25.441 39.060 8.322 8.265 0.919 10.952 
070723153707 0.749 25.394 39.055 8.331 8.265 0.994 10.952 
070723155207 0.766 25.361 39.054 8.342 8.266 1.154 10.938 
070723160707 0.831 25.310 39.050 8.349 8.267 1.146 10.949 
070723162207 0.840 25.248 39.044 8.364 8.267 1.587 10.951 
070723163707 0.758 25.205 39.039 8.373 8.267 1.048 10.951 
070723165207 0.798 25.177 39.036 8.377 8.267 1.321 10.942 
070723170707 0.791 25.112 39.031 8.393 8.267 1.306 10.949 
070723172207 0.735 25.099 39.035 8.397 8.267 0.805 10.951 
070723173707 0.815 25.103 39.039 8.395 8.269 0.957 10.950 
070723175207 0.781 25.073 39.039 8.401 8.269 1.389 10.941 
070723180707 0.788 25.046 39.038 8.410 8.269 1.442 10.949 
070723182207 0.795 25.008 39.020 8.419 8.270 1.458 10.950 
070723183707 0.809 24.941 39.034 8.432 8.270 1.708 10.950 
070723185207 0.802 24.926 39.043 8.436 8.269 1.518 10.940 
070723190707 0.766 24.934 39.052 8.434 8.270 1.260 10.948 
070723192207 0.869 24.887 39.032 8.440 8.270 1.275 10.949 
070723193707 0.809 24.797 39.039 8.458 8.270 1.298 10.949 
070723195207 0.772 24.768 39.050 8.458 8.272 1.533 10.934 
070723200707 0.763 24.785 39.035 8.457 8.271 1.435 10.946 
070723202207 0.706 24.780 39.028 8.456 8.273 1.291 10.948 
070723203707 0.765 24.770 39.023 8.458 8.274 1.579 10.949 
070723205207 0.849 24.784 39.036 8.448 8.274 1.313 10.938 
070723210707 0.801 24.762 39.041 8.454 8.274 1.465 10.947 
070723212207 0.825 24.755 39.042 8.452 8.275 1.571 10.948 
070723213707 0.782 24.764 39.054 8.445 8.274 1.587 10.949 
070723215207 0.754 24.800 39.053 8.433 8.275 1.450 10.938 
070723220707 0.789 24.810 39.049 8.426 8.277 1.594 10.946 
070723222207 0.812 24.811 39.046 8.423 8.276 1.700 10.948 
070723223707 0.778 24.817 39.061 8.417 8.275 1.571 10.948 
070723225207 0.706 24.848 39.052 8.408 8.277 1.511 10.933 
070723230707 0.789 24.865 39.044 8.400 8.276 1.860 10.946 
070723232207 0.793 24.902 39.054 8.386 8.277 1.328 10.948 
070723233707 0.843 24.910 39.044 8.380 8.276 1.716 10.948 
070723235207 0.837 24.945 39.060 8.371 8.276 1.549 10.938 
080723000707 0.786 24.988 39.051 8.356 8.276 1.465 10.947 
080723002207 0.795 25.024 39.055 8.347 8.275 1.495 10.948 
080723003707 0.816 25.031 39.044 8.341 8.274 1.647 10.949 
080723005207 0.760 25.042 39.046 8.338 8.274 1.503 10.933 
080723010707 0.812 25.335 39.084 8.277 8.273 1.473 10.946 
080723012207 0.806 25.521 39.084 8.235 8.277 1.435 10.949 
080723013707 0.830 25.554 39.074 8.228 8.273 1.404 10.949 
080723015207 0.830 25.543 39.071 8.229 8.271 1.404 10.940 
080723020707 0.795 25.564 39.075 8.225 8.270 1.625 10.949 
080723022207 0.762 25.548 39.074 8.229 8.270 1.412 10.950 
080723023707 0.822 25.500 39.065 8.240 8.270 1.245 10.951 
080723025207 0.795 25.435 39.059 8.256 8.269 1.351 10.936 
080723030707 0.828 25.373 39.057 8.270 8.269 1.275 10.948 
080723032207 0.785 25.282 39.009 8.286 8.268 1.298 10.950 
080723033707 0.751 25.254 39.053 8.298 8.270 1.237 10.950 
080723035207 0.734 25.176 39.073 8.310 8.269 1.366 10.940 
080723040707 0.788 25.184 39.044 8.310 8.268 1.404 10.948 
080723042207 0.755 25.199 39.054 8.309 8.267 1.928 10.949 
080723043707 0.788 25.276 39.061 8.298 8.269 1.723 10.949 
080723045207 0.808 25.158 39.044 8.321 8.266 1.435 10.940 
080723050707 0.821 25.012 39.031 8.352 8.264 1.245 10.948 
080723052207 0.767 24.989 39.037 8.356 8.266 1.526 10.949 
080723053707 0.795 24.970 39.018 8.363 8.266 1.427 10.949 
080723055207 0.799 24.976 39.032 8.360 8.266 1.412 10.934 
080723060707 0.807 24.948 39.027 8.370 8.266 1.093 10.946 
080723062207 0.774 24.932 39.038 8.371 8.267 1.154 10.948 
080723063707 0.799 24.931 39.029 8.372 8.266 1.230 10.948 
080723065207 0.780 24.918 39.038 8.376 8.267 1.177 10.938 
080723070707 0.752 24.925 39.038 8.374 8.268 1.086 10.946 
080723072207 0.803 24.916 39.033 8.374 8.267 1.199 10.947 
080723073707 0.745 24.890 39.044 8.380 8.268 0.676 10.948 
080723075207 0.800 24.893 39.040 8.380 8.269 0.911 10.937 
080723080707 0.764 24.923 39.045 8.376 8.269 0.941 10.946 
080723082207 0.728 24.880 39.044 8.384 8.269 0.562 10.947 
080723083707 0.810 24.870 39.039 8.388 8.268 0.964 10.948 
080723085207 0.853 24.870 39.031 8.387 8.268 0.865 10.937 
080723090707 0.761 24.918 39.052 8.376 8.269 0.865 10.946 
080723092207 0.784 24.950 39.027 8.373 8.269 0.873 10.947 
080723093707 0.820 24.942 39.026 8.373 8.268 1.541 10.947 
080723095207 0.846 24.954 39.058 8.372 8.268 0.668 10.932 
080723100707 0.827 24.967 39.017 8.368 8.269 0.850 10.945 
080723102207 0.711 24.947 39.034 8.379 8.270 0.896 10.947 
080723103707 0.847 24.944 39.035 8.380 8.269 0.600 10.947 
080723105207 0.847 24.982 39.033 8.369 8.270 0.926 10.938 
080723110707 0.846 24.967 39.030 8.377 8.270 0.364 10.946 
080723112207 0.850 24.925 39.036 8.387 8.269 0.774 10.947 
080723113707 0.862 24.870 39.034 8.401 8.269 0.979 10.947 
080723115207 0.713 24.843 39.036 8.407 8.270 0.881 10.937 
080723120707 0.788 24.797 39.042 8.414 8.270 0.600 10.946 
080723122207 0.826 24.759 39.031 8.424 8.270 0.941 10.946 
080723123707 0.805 24.699 39.039 8.435 8.270 0.835 10.946 
080723125207 0.787 24.635 39.024 8.445 8.270 0.653 10.931 
080723130707 0.795 24.643 39.024 8.442 8.270 0.789 10.944 
080723132207 0.795 24.670 39.021 8.438 8.270 0.729 10.946 
080723133707 0.761 24.733 39.043 8.420 8.270 0.402 10.946 
080723135207 0.796 24.762 39.040 8.413 8.270 0.881 10.931 
080723140707 0.800 24.838 39.053 8.394 8.271 0.850 10.944 
