SAMBAT Sea Ti  C/T/D/Odo/Fluo/pH GPS : 50195 
V:0,Pression (0/50),dba
V:1,Température (-5/35),°C
V:2,Salinité (2/42),g/l
V:3,Oxygène (0/20),mgl
V:4,PH (0/14),pH
V:5,Fluorescence (0/500),ppb
V:6,Tension batterie,V
270723145943 0.753 26.447 39.327 7.914 8.267 1.139 10.845 
270723151442 0.811 26.450 39.322 7.911 8.267 1.177 10.948 
270723152942 0.714 26.447 39.329 7.913 8.268 1.245 10.958 
270723154442 0.739 26.447 39.298 7.911 8.267 0.782 10.927 
270723155942 0.803 26.425 39.317 7.919 8.267 1.268 10.957 
270723161442 0.769 26.409 39.328 7.922 8.267 1.435 10.959 
270723162942 0.819 26.395 39.336 7.924 8.266 1.215 10.960 
270723164442 0.768 26.389 39.250 7.927 8.267 1.222 10.913 
270723165942 0.697 26.394 39.301 7.926 8.267 0.888 10.956 
270723171442 0.816 26.388 39.322 7.927 8.267 0.919 10.959 
270723172942 0.801 26.373 39.250 7.927 8.267 1.222 10.959 
270723174442 0.837 26.364 39.243 7.931 8.267 1.283 10.927 
270723175942 0.754 26.353 39.238 7.932 8.267 1.177 10.957 
270723181442 0.728 26.358 39.324 7.929 8.268 1.237 10.959 
270723182942 0.747 26.356 39.327 7.928 8.268 1.792 10.959 
270723184442 0.788 26.353 39.333 7.928 8.268 1.564 10.927 
270723185942 0.767 26.344 39.335 7.928 8.267 1.321 10.957 
270723191442 0.743 26.333 39.331 7.928 8.269 1.860 10.959 
270723192942 0.672 26.341 39.324 7.925 8.268 1.480 10.960 
270723194442 0.781 26.330 39.321 7.923 8.267 1.708 10.914 
270723195942 0.774 26.327 39.281 7.921 8.268 1.647 10.956 
270723201442 0.751 26.327 39.321 7.920 8.266 1.647 10.959 
270723202942 0.744 26.309 39.324 7.920 8.266 1.792 10.959 
270723204442 0.772 26.302 39.319 7.920 8.267 1.632 10.926 
270723205942 0.805 26.314 39.309 7.916 8.266 1.754 10.957 
270723211442 0.749 26.288 39.310 7.918 8.265 1.784 10.959 
270723212942 0.786 26.281 39.322 7.915 8.265 2.558 10.959 
270723214442 0.776 26.278 39.321 7.912 8.267 1.632 10.912 
270723215942 0.778 26.272 39.309 7.913 8.265 1.913 10.955 
270723221442 0.825 26.274 39.319 7.907 8.267 1.427 10.958 
270723222942 0.764 26.271 39.318 7.907 8.267 1.700 10.959 
270723224442 0.847 26.263 39.312 7.909 8.267 1.503 10.925 
270723225942 0.743 26.239 39.310 7.911 8.266 1.412 10.956 
270723231442 0.805 26.221 39.325 7.912 8.266 1.716 10.958 
270723232942 0.731 26.222 39.322 7.910 8.267 1.526 10.959 
270723234442 0.858 26.229 39.319 7.905 8.269 1.792 10.912 
270723235942 0.826 26.222 39.322 7.904 8.267 1.594 10.955 
280723001442 0.792 26.201 39.316 7.904 8.268 1.685 10.958 
280723002942 0.765 26.176 39.323 7.904 8.266 1.609 10.958 
280723004442 0.744 26.190 39.322 7.902 8.269 1.966 10.924 
280723005942 0.796 26.156 39.326 7.905 8.270 1.746 10.955 
280723011442 0.841 26.173 39.324 7.897 8.270 1.328 10.958 
280723012942 0.766 26.140 39.327 7.903 8.269 1.799 10.958 
280723014442 0.811 26.165 39.323 7.896 8.268 1.860 10.912 
280723015942 0.782 26.119 39.331 7.904 8.267 1.450 10.954 
280723021442 0.719 26.139 39.296 7.898 8.267 1.731 10.957 
280723022942 0.770 26.117 39.326 7.899 8.267 1.632 10.958 
280723024442 0.764 26.125 39.336 7.895 8.267 1.458 10.924 
280723025942 0.828 26.106 39.341 7.897 8.268 1.541 10.955 
280723031442 0.794 26.108 39.322 7.896 8.266 1.769 10.957 
280723032942 0.741 26.120 39.322 7.893 8.270 1.655 10.957 
280723034442 0.782 26.096 39.255 7.897 8.267 1.784 10.923 
280723035942 0.773 26.102 39.323 7.892 8.270 1.473 10.955 
280723041442 0.754 26.092 39.326 7.891 8.267 1.458 10.957 
280723042942 0.734 26.085 39.327 7.890 8.267 1.579 10.957 
280723044442 0.788 26.079 39.328 7.888 8.267 1.655 10.911 
280723045942 0.791 26.080 39.328 7.885 8.269 2.004 10.953 
280723051442 0.783 26.077 39.346 7.888 8.267 1.693 10.956 
280723052942 0.822 26.079 39.326 7.882 8.269 1.442 10.957 
280723054442 0.788 26.071 39.332 7.881 8.268 1.579 10.923 
280723055942 0.774 26.085 39.330 7.877 8.268 2.247 10.954 
280723061442 0.761 26.100 39.335 7.873 8.271 2.027 10.956 
280723062942 0.766 26.091 39.339 7.873 8.268 1.579 10.957 
280723064442 0.786 26.109 39.339 7.868 8.269 1.420 10.923 
280723065942 0.787 26.108 39.066 7.865 8.269 1.731 10.954 
280723071442 0.725 26.136 39.117 7.860 8.270 1.541 10.957 
280723072942 0.730 26.150 39.349 7.856 8.270 1.594 10.957 
280723074442 0.770 26.194 39.343 7.846 8.270 1.237 10.910 
280723075942 0.730 26.233 39.352 7.838 8.271 0.569 10.953 
280723081442 0.756 26.260 39.343 7.832 8.271 1.184 10.957 
280723082942 0.724 26.269 39.348 7.828 8.270 1.124 10.957 
280723084442 0.789 26.292 39.341 7.826 8.269 1.139 10.924 
280723085942 0.766 26.291 39.342 7.828 8.266 1.017 10.955 
280723091442 0.765 26.311 39.346 7.825 8.267 1.161 10.957 
280723092942 0.781 26.338 39.340 7.821 8.268 1.450 10.957 
280723094442 0.789 26.331 39.341 7.823 8.266 1.093 10.920 
280723095942 0.836 26.355 39.343 7.823 8.267 1.116 10.954 
280723101442 0.798 26.352 39.342 7.825 8.266 1.253 10.957 
280723102942 0.787 26.372 39.347 7.822 8.267 0.896 10.957 
280723104442 0.793 26.380 34.129 7.824 8.268 0.721 10.911 
280723105942 0.754 26.417 39.310 7.822 8.267 1.040 10.954 
280723111442 0.808 26.467 39.309 7.814 8.268 0.941 10.957 
280723112942 0.819 26.511 39.363 7.808 8.270 1.124 10.958 
280723114442 0.811 26.530 39.358 7.806 8.269 0.979 10.924 
280723115942 0.809 26.559 39.357 7.805 8.268 1.025 10.955 
280723121442 0.812 26.620 39.354 7.799 8.269 1.078 10.958 
280723122942 0.817 26.635 39.360 7.799 8.269 0.812 10.958 
280723124442 0.789 26.657 39.231 7.798 8.268 1.093 10.923 
280723125942 0.767 26.696 39.358 7.794 8.267 1.017 10.956 
280723131442 0.763 26.735 39.354 7.793 8.267 0.964 10.958 
280723132942 0.793 26.768 39.313 7.786 8.267 0.941 10.958 
280723134442 0.773 26.779 39.352 7.790 8.267 1.161 10.914 
280723135942 0.765 26.808 39.361 7.789 8.265 1.207 10.955 
280723141442 0.744 26.789 39.313 7.793 8.265 0.934 10.958 
280723142942 0.748 26.846 39.362 7.789 8.265 1.511 10.959 
280723144442 0.794 26.795 39.359 7.800 8.262 1.625 10.927 
280723145942 0.831 26.811 39.199 7.802 8.262 1.245 10.956 
