SAMBAT Sea Ti  C/T/D/Odo/Fluo/pH GPS : 50195 
V:0,Pression (0/50),dba
V:1,Température (-5/35),°C
V:2,Salinité (2/42),g/l
V:3,Oxygène (0/20),mgl
V:4,PH (0/14),pH
V:5,Fluorescence (0/500),ppb
V:6,Tension batterie,V
190723143836 0.749 28.310 39.413 7.784 8.255 0.994 10.845 
190723145335 0.697 28.455 39.298 7.757 8.258 0.774 10.952 
190723150835 0.705 28.332 39.346 7.775 8.250 0.987 10.964 
190723152335 0.735 28.651 39.377 7.711 8.260 0.979 10.967 
190723153835 0.744 28.819 39.414 7.665 8.258 0.926 10.968 
190723155335 0.735 28.750 39.400 7.680 8.249 1.086 10.965 
190723160835 0.761 28.562 39.421 7.713 8.247 1.230 10.969 
190723162335 0.750 28.625 39.389 7.697 8.249 1.420 10.969 
190723163835 0.712 28.632 39.398 7.691 8.250 1.222 10.970 
190723165335 0.657 28.674 39.392 7.688 8.250 1.298 10.966 
190723170835 0.732 28.571 39.407 7.699 8.246 1.594 10.969 
190723172335 0.744 28.555 39.410 7.701 8.246 1.344 10.970 
190723173835 0.742 28.500 39.418 7.709 8.246 1.207 10.970 
190723175335 0.698 28.450 39.420 7.716 8.247 1.511 10.964 
190723180835 0.694 28.512 39.404 7.702 8.248 1.404 10.968 
190723182335 0.685 28.425 39.368 7.720 8.247 1.328 10.969 
190723183835 0.720 28.406 39.395 7.717 8.247 1.594 10.970 
190723185335 0.732 28.331 39.387 7.725 8.246 1.959 10.966 
190723190835 0.754 28.310 39.381 7.730 8.246 1.511 10.969 
190723192335 0.741 28.213 39.352 7.744 8.246 1.503 10.969 
190723193835 0.760 28.121 39.371 7.761 8.244 1.533 10.969 
190723195335 0.770 28.080 39.386 7.766 8.247 1.837 10.965 
190723200835 0.658 28.015 39.406 7.776 8.247 1.700 10.968 
190723202335 0.706 27.983 39.373 7.783 8.248 1.480 10.968 
190723203835 0.722 27.936 39.383 7.791 8.248 1.602 10.968 
190723205335 0.701 27.844 39.371 7.800 8.248 1.959 10.963 
190723210835 0.727 27.803 39.375 7.803 8.249 1.556 10.967 
190723212335 0.670 27.770 39.368 7.805 8.252 1.951 10.967 
190723213835 0.697 27.725 39.364 7.811 8.253 1.678 10.967 
190723215335 0.682 27.676 39.362 7.818 8.253 1.799 10.960 
190723220835 0.695 27.648 39.326 7.822 8.255 1.738 10.966 
190723222335 0.718 27.625 39.326 7.827 8.256 1.662 10.966 
190723223835 0.749 27.607 39.354 7.832 8.257 1.678 10.966 
190723225335 0.726 27.559 39.352 7.836 8.256 2.072 10.962 
190723230835 0.732 27.554 39.342 7.843 8.256 1.594 10.966 
190723232335 0.736 27.575 39.360 7.842 8.258 1.511 10.966 
190723233835 0.692 27.605 39.366 7.844 8.262 1.640 10.966 
190723235335 0.759 27.680 39.376 7.846 8.265 1.556 10.961 
200723000835 0.721 27.686 39.379 7.847 8.263 1.533 10.965 
200723002335 0.784 27.690 39.378 7.850 8.262 1.754 10.966 
200723003835 0.766 27.730 39.377 7.851 8.265 1.336 10.966 
200723005335 0.679 27.735 39.368 7.854 8.263 3.196 10.959 
200723010835 0.744 27.735 39.363 7.856 8.263 1.458 10.965 
200723012335 0.722 27.725 39.364 7.859 8.263 1.571 10.966 
200723013835 0.748 27.732 39.363 7.863 8.264 1.746 10.966 
200723015335 0.616 27.735 39.354 7.865 8.263 1.738 10.961 
200723020835 0.780 27.732 39.352 7.867 8.263 1.306 10.965 
200723022335 0.702 27.743 39.346 7.870 8.263 1.526 10.966 
200723023835 0.677 27.755 39.328 7.871 8.264 1.344 10.966 
200723025335 0.714 27.760 39.342 7.873 8.264 1.427 10.959 
200723030835 0.672 27.762 39.349 7.873 8.265 1.769 10.965 
200723032335 0.742 27.767 39.281 7.874 8.265 1.503 10.966 
200723033835 0.736 27.762 39.353 7.873 8.264 1.708 10.966 
200723035335 0.738 27.768 39.301 7.872 8.265 1.678 10.961 
200723040835 0.749 27.815 39.262 7.871 8.266 1.761 10.965 
200723042335 0.715 27.820 39.355 7.870 8.265 1.708 10.966 
200723043835 0.728 27.850 39.357 7.868 8.264 1.883 10.966 
200723045335 0.699 27.855 39.359 7.866 8.263 1.769 10.959 
200723050835 0.707 27.849 39.354 7.865 8.263 1.989 10.965 
200723052335 0.652 27.862 39.280 7.865 8.262 1.776 10.966 
200723053835 0.771 27.844 39.380 7.864 8.262 1.845 10.966 
200723055335 0.662 27.881 39.363 7.863 8.264 1.951 10.960 
200723060835 0.715 27.918 39.300 7.858 8.265 1.883 10.965 
200723062335 0.740 27.899 39.390 7.858 8.262 2.133 10.966 
200723063835 0.686 27.934 39.285 7.852 8.263 1.541 10.966 
200723065335 0.746 27.929 39.290 7.853 8.262 1.640 10.962 
200723070835 0.660 27.960 39.394 7.845 8.262 1.617 10.965 
200723072335 0.766 27.975 39.371 7.842 8.262 1.708 10.966 
200723073835 0.703 27.987 39.379 7.840 8.261 1.313 10.966 
200723075335 0.664 28.004 39.393 7.835 8.262 1.283 10.962 
200723080835 0.769 28.017 39.388 7.832 8.262 1.070 10.966 
200723082335 0.733 28.036 39.367 7.827 8.263 1.192 10.966 
200723083835 0.769 28.054 39.251 7.824 8.262 1.328 10.966 
200723085335 0.730 28.075 39.294 7.822 8.262 0.987 10.960 
200723090835 0.771 28.100 39.366 7.819 8.263 0.964 10.965 
200723092335 0.719 28.104 39.392 7.818 8.263 1.086 10.966 
200723093835 0.658 28.124 39.384 7.814 8.263 1.450 10.966 
200723095335 0.646 28.146 39.332 7.810 8.262 1.275 10.962 
200723100835 0.773 28.172 39.363 7.806 8.262 1.146 10.966 
200723102335 0.677 28.206 39.278 7.800 8.261 0.949 10.966 
200723103835 0.762 28.236 39.388 7.791 8.262 0.987 10.966 
200723105335 0.649 28.286 39.397 7.782 8.262 1.450 10.962 
200723110835 0.755 28.302 39.381 7.781 8.262 1.017 10.966 
200723112335 0.759 28.365 39.359 7.767 8.261 1.192 10.967 
200723113835 0.753 28.391 39.401 7.761 8.259 1.101 10.967 
200723115335 0.754 28.425 39.376 7.756 8.259 1.344 10.961 
200723120835 0.744 28.451 39.363 7.749 8.259 0.903 10.966 
200723122335 0.706 28.469 39.377 7.744 8.258 1.199 10.966 
200723123835 0.671 28.560 39.378 7.724 8.259 1.078 10.967 
200723125335 0.670 28.585 39.381 7.717 8.258 1.465 10.964 
200723130835 0.795 28.588 39.388 7.714 8.256 1.215 10.967 
200723132335 0.721 28.552 39.383 7.719 8.256 1.389 10.968 
200723133835 0.702 28.574 39.372 7.715 8.257 0.979 10.968 
200723135335 0.831 28.607 39.369 7.707 8.258 1.222 10.964 
200723140835 0.797 28.604 39.295 7.710 8.257 1.412 10.967 
200723142335 0.718 28.656 39.375 7.699 8.255 1.435 10.968 
200723143835 0.694 28.604 39.381 7.710 8.254 1.351 10.968 
