SAMBAT Sea Ti  C/T/D/Odo/Fluo/pH GPS : 50195 
V:0,Pression (0/50),m
V:1,Température (-5/35),°C
V:2,Salinité (2/42),g/l
V:3,Oxygène (0/20),mgl
V:4,PH (0/14),pH
V:5,Fluorescence (0/50),µgl
V:6,Tension batterie,V
020205191010 0.795 14.537 37.826 9.983 8.095 0.580 10.666 
020205192509 0.836 14.543 37.823 9.982 8.276 0.596 10.845 
020205194009 0.854 14.539 37.822 9.985 8.275 0.588 10.879 
020205195509 0.774 14.537 37.823 9.989 8.276 0.446 10.893 
020205201009 0.755 14.546 37.827 9.986 8.196 0.326 10.822 
020205202509 0.800 14.547 37.827 9.991 8.275 0.263 10.880 
020205204009 0.802 14.552 37.828 9.990 8.274 0.283 10.895 
020205205509 0.795 14.550 37.827 9.998 8.274 0.265 10.896 
020205211009 0.803 14.573 37.832 9.995 8.196 0.296 10.824 
020205212509 0.765 14.565 37.833 10.003 8.274 0.214 10.881 
020205214009 0.804 14.564 37.834 10.010 8.274 0.195 10.894 
020205215509 0.802 14.576 37.831 10.000 8.274 0.332 10.897 
020205221009 0.758 14.591 37.837 9.997 8.195 0.318 10.824 
020205222509 0.792 14.604 37.839 9.995 8.275 0.291 10.881 
020205224009 0.787 14.582 37.841 9.995 8.274 0.531 10.896 
020205225509 0.787 14.582 37.842 9.998 8.274 0.410 10.902 
020205231009 0.779 14.582 37.823 9.992 8.207 0.481 10.826 
020205232509 0.794 14.575 37.825 9.997 8.274 0.357 10.884 
020205234009 0.808 14.601 37.837 9.990 8.275 0.431 10.897 
020205235509 0.759 14.567 37.834 9.990 8.275 0.450 10.900 
030205001009 0.739 14.546 37.799 10.003 8.184 0.700 10.823 
030205002509 0.740 14.598 37.849 9.991 8.275 0.501 10.881 
030205004009 0.732 14.594 37.848 9.994 8.276 0.554 10.894 
030205005509 0.776 14.583 37.852 9.999 8.275 0.551 10.901 
030205011009 0.775 14.581 37.852 10.011 8.191 0.570 10.821 
030205012509 0.607 14.569 37.850 10.021 8.272 0.664 10.879 
030205014009 0.737 14.571 37.846 10.019 8.271 0.629 10.896 
030205015509 0.839 14.562 37.837 10.025 8.270 0.696 10.897 
030205021009 0.701 14.567 37.844 10.023 8.181 0.762 10.823 
030205022509 0.677 14.547 37.802 10.028 8.270 0.635 10.881 
030205024009 0.850 14.548 37.811 10.026 8.269 0.606 10.896 
030205025509 0.844 14.538 37.804 10.028 8.269 0.652 10.902 
030205031009 0.867 14.533 37.802 10.029 8.178 0.792 10.824 
030205032509 0.694 14.540 37.815 10.028 8.268 0.562 10.883 
030205034009 0.852 14.545 37.832 10.023 8.268 0.693 10.894 
030205035509 0.868 14.558 37.843 10.010 8.267 0.661 10.901 
030205041009 0.737 14.547 37.846 10.014 8.187 0.623 10.825 
030205042509 0.655 14.543 37.847 10.019 8.267 0.616 10.881 
030205044009 0.847 14.543 37.850 10.018 8.267 0.564 10.894 
030205045509 0.736 14.544 37.849 10.015 8.267 0.631 10.899 
030205051009 0.839 14.540 37.854 10.018 8.181 0.617 10.823 
030205052509 0.769 14.548 37.856 10.015 8.267 0.636 10.883 
030205054009 0.743 14.548 37.860 10.014 8.267 0.576 10.896 
030205055509 0.911 14.531 37.859 10.025 8.267 0.583 10.897 
030205061009 0.609 14.540 37.858 10.021 8.174 0.591 10.821 
030205062509 0.761 14.533 37.861 10.025 8.267 0.654 10.882 
030205064009 0.858 14.525 37.861 10.028 8.267 0.668 10.896 
030205065509 0.824 14.528 37.862 10.031 8.267 0.624 10.899 
030205071009 0.772 14.532 37.864 10.031 8.185 0.585 10.824 
030205072509 0.721 14.527 37.861 10.033 8.268 0.576 10.880 
030205074009 0.678 14.519 37.865 10.032 8.268 0.594 10.896 
030205075509 0.702 14.524 37.865 10.026 8.269 0.530 10.901 
030205081009 0.875 14.520 37.866 10.028 8.188 0.622 10.824 
030205082509 0.763 14.505 37.871 10.028 8.269 0.583 10.882 
030205084009 0.806 14.529 37.869 10.023 8.269 0.604 10.896 
030205085509 0.772 14.520 37.870 10.019 8.269 0.578 10.897 
030205091009 0.790 14.514 37.873 10.019 8.186 0.631 10.820 
030205092509 0.852 14.497 37.877 10.024 8.270 0.533 10.882 
030205094009 0.779 14.519 37.869 10.017 8.270 0.584 10.896 
030205095509 0.905 14.502 37.876 10.019 8.270 0.611 10.896 
030205101009 0.720 14.332 37.824 10.069 8.191 0.549 10.825 
030205102509 0.741 14.330 37.812 10.079 8.270 0.524 10.878 
030205104009 0.737 14.358 37.803 10.087 8.270 0.522 10.892 
030205105509 0.761 14.374 37.830 10.098 8.270 0.508 10.897 
030205111009 0.745 14.382 37.823 10.103 8.188 0.493 10.824 
030205112509 0.849 14.399 37.833 10.104 8.272 0.447 10.881 
030205114009 0.824 14.391 37.815 10.113 8.271 0.607 10.895 
030205115509 0.711 14.320 37.789 10.142 8.270 0.511 10.900 
030205121009 0.638 14.365 37.818 10.129 8.186 0.650 10.824 
030205122509 0.746 14.343 37.799 10.146 8.272 0.514 10.881 
030205124009 0.818 14.359 37.808 10.153 8.272 0.503 10.890 
030205125509 0.766 14.374 37.811 10.152 8.273 0.569 10.897 
030205131009 0.844 14.415 37.843 10.141 8.077 0.592 10.716 
030205132509 0.866 14.368 37.820 10.133 8.274 0.511 10.868 
030205134009 0.837 14.380 37.820 10.122 8.274 0.557 10.885 
030205135509 0.828 14.356 37.825 10.116 8.274 0.611 10.896 
030205141009 0.827 14.354 37.828 10.119 8.188 0.700 10.822 
030205142509 0.868 14.363 37.828 10.116 8.275 0.557 10.880 
030205144009 0.746 14.373 37.845 10.117 8.275 0.571 10.894 
030205145509 0.799 14.374 37.850 10.131 8.276 0.553 10.894 
030205151009 0.799 14.375 37.849 10.133 8.191 0.508 10.823 
030205152509 0.821 14.363 37.857 10.138 8.276 0.550 10.876 
030205154009 0.739 14.397 37.857 10.135 8.276 0.526 10.893 
030205155509 0.763 14.397 37.852 10.139 8.275 0.531 10.896 
030205161009 0.813 14.363 37.841 10.149 8.192 0.583 10.822 
030205162509 0.837 14.421 37.868 10.132 8.275 0.560 10.876 
030205164009 0.916 14.368 37.861 10.143 8.275 0.668 10.891 
030205165509 0.785 14.378 37.870 10.144 8.275 0.654 10.898 
030205171009 0.875 14.374 37.863 10.141 8.078 0.561 10.717 
030205172509 0.773 14.417 37.875 10.127 8.276 0.642 10.871 
030205174009 0.861 14.416 37.870 10.120 8.276 0.580 10.885 
030205175509 0.799 14.415 37.874 10.122 8.275 0.555 10.894 
030205181009 0.881 14.441 37.883 10.096 8.196 0.556 10.819 
030205182509 0.805 14.390 37.870 10.113 8.275 0.621 10.879 
030205184009 0.856 14.410 37.877 10.106 8.276 0.616 10.893 
030205185509 0.827 14.422 37.878 10.098 8.276 0.573 10.894 
030205191009 0.828 14.390 37.870 10.103 8.197 0.596 10.823 
