SAMBAT Sea Ti  C/T/D/Odo/Fluo/pH GPS : 50195 
V:0,Pression (0/50),m
V:1,Température (-5/35),°C
V:2,Salinité (2/42),g/l
V:3,Oxygène (0/20),mgl
V:4,PH (0/14),pH
V:5,Fluorescence (0/50),µgl
V:6,Tension batterie,V
240922145334 0.862 23.632 38.592 7.664 8.320 0.187 10.700 
240922150833 0.897 23.615 38.591 7.687 8.321 0.167 10.882 
240922152333 0.831 23.641 38.589 7.706 8.320 0.383 10.909 
240922153833 0.818 23.613 38.602 7.726 8.319 0.246 10.917 
240922155333 0.855 23.629 38.593 7.746 8.317 0.144 10.862 
240922160833 0.842 23.622 38.597 7.770 8.320 0.180 10.907 
240922162333 0.828 23.623 38.595 7.777 8.320 0.234 10.918 
240922163833 0.828 23.619 38.594 7.779 8.319 0.168 10.922 
240922165333 0.797 23.607 38.605 7.779 8.320 0.366 10.863 
240922170833 0.839 23.603 38.601 7.767 8.320 0.206 10.908 
240922172333 0.821 23.597 38.597 7.759 8.319 1.393 10.918 
240922173833 0.831 23.592 38.602 7.749 8.321 0.207 10.922 
240922175333 0.849 23.591 38.603 7.737 8.320 0.224 10.854 
240922180833 0.812 23.584 38.605 7.732 8.318 0.228 10.907 
240922182333 0.851 23.581 38.605 7.724 8.320 5.389 10.918 
240922183833 0.822 23.567 38.605 7.714 8.317 0.948 10.922 
240922185333 0.824 23.569 38.599 7.700 8.321 10.039 10.764 
240922190833 0.822 23.557 38.602 7.693 8.318 0.739 10.899 
240922192333 0.841 23.555 38.600 7.680 8.320 2.022 10.915 
240922193833 0.841 23.546 38.600 7.677 8.319 1.692 10.920 
240922195333 0.835 23.547 38.599 7.666 8.320 0.240 10.862 
240922200833 0.834 23.535 38.599 7.658 8.320 0.291 10.908 
240922202333 0.830 23.535 38.600 7.641 8.318 1.090 10.918 
240922203833 0.834 23.524 38.601 7.625 8.316 0.222 10.922 
240922205333 0.840 23.516 38.599 7.617 8.320 0.288 10.860 
240922210833 0.831 23.513 38.598 7.610 8.319 0.260 10.907 
240922212333 0.850 23.465 38.574 7.606 8.317 1.556 10.918 
240922213833 0.848 23.426 38.556 7.594 8.320 0.316 10.921 
240922215333 0.827 23.445 38.568 7.570 8.318 0.298 10.761 
240922220833 0.820 23.434 38.545 7.555 8.318 0.306 10.898 
240922222333 0.839 23.474 38.572 7.536 8.319 0.279 10.914 
240922223833 0.852 23.490 38.591 7.527 8.314 0.259 10.920 
240922225333 0.832 23.484 38.606 7.537 8.320 0.226 10.862 
240922230833 0.844 23.469 38.600 7.553 8.322 0.300 10.907 
240922232333 0.836 23.450 38.596 7.557 8.321 0.241 10.917 
240922233833 0.849 23.442 38.595 7.557 8.321 0.441 10.921 
240922235333 0.843 23.406 38.576 7.567 8.315 0.274 10.858 
250922000833 0.831 23.387 38.572 7.573 8.320 0.295 10.906 
250922002333 0.827 23.375 38.579 7.585 8.319 0.407 10.917 
250922003833 0.818 23.342 38.586 7.591 8.322 0.248 10.921 
250922005333 0.826 23.341 38.587 7.594 8.321 0.250 10.762 
250922010833 0.822 23.333 38.586 7.588 8.322 0.286 10.898 
250922012333 0.823 23.310 38.581 7.574 8.319 0.301 10.914 
250922013833 0.844 23.287 38.583 7.563 8.320 0.266 10.919 
250922015333 0.836 23.266 38.580 7.572 8.323 0.220 10.859 
250922020833 0.809 23.209 38.579 7.589 8.322 0.256 10.905 
250922022333 0.825 23.192 38.581 7.592 8.326 0.266 10.916 
250922023833 0.827 23.160 38.576 7.610 8.324 0.228 10.920 
250922025333 0.852 23.114 38.570 7.625 8.323 0.267 10.855 
250922030833 0.839 23.106 38.567 7.638 8.322 0.214 10.904 
250922032333 0.805 23.077 38.562 7.651 8.327 0.235 10.915 
250922033833 0.833 23.045 38.561 7.670 8.327 0.186 10.919 
250922035333 0.820 23.016 38.559 7.692 8.329 0.208 10.759 
250922040833 0.821 22.986 38.565 7.710 8.327 0.190 10.895 
250922042333 0.812 22.928 38.559 7.726 8.325 0.215 10.912 
250922043833 0.764 22.902 38.558 7.733 8.327 0.288 10.917 
250922045333 0.817 22.858 38.560 7.756 8.330 0.202 10.858 
250922050833 0.804 22.858 38.556 7.762 8.329 0.171 10.903 
250922052333 0.840 22.827 38.551 7.776 8.328 0.170 10.914 
250922053833 0.823 22.817 38.554 7.786 8.327 0.172 10.918 
250922055333 0.798 22.819 38.550 7.796 8.328 0.107 10.751 
250922060833 0.834 22.782 38.549 7.810 8.330 0.229 10.893 
250922062333 0.823 22.821 38.553 7.813 8.331 0.140 10.910 
250922063833 0.774 22.846 38.557 7.816 8.331 0.150 10.916 
250922065333 0.847 22.862 38.561 7.815 8.330 0.152 10.858 
250922070833 0.822 22.864 38.559 7.818 8.331 0.180 10.902 
250922072333 0.804 22.919 38.567 7.808 8.331 0.234 10.913 
250922073833 0.825 22.935 38.566 7.806 8.330 0.125 10.917 
250922075333 0.872 22.977 38.578 7.800 8.329 0.159 10.858 
250922080833 0.842 22.981 38.567 7.803 8.330 0.170 10.903 
250922082333 0.807 23.008 38.570 7.800 8.329 0.121 10.914 
250922083833 0.836 23.008 38.573 7.803 8.329 0.230 10.917 
250922085333 0.842 22.998 38.569 7.803 8.329 0.189 10.757 
250922090833 0.878 22.998 38.565 7.806 8.330 0.111 10.894 
250922092333 0.760 23.018 38.563 7.804 8.329 0.098 10.910 
250922093833 0.824 23.025 38.568 7.804 8.328 0.110 10.916 
250922095333 0.785 23.022 38.555 7.807 8.328 0.131 10.857 
250922100833 0.798 22.990 38.543 7.819 8.327 0.115 10.903 
250922102333 0.829 23.138 38.578 7.792 8.328 0.148 10.914 
250922103833 0.790 23.201 38.601 7.780 8.327 0.156 10.918 
250922105333 0.787 23.229 38.588 7.773 8.327 0.112 10.858 
250922110833 0.785 23.228 38.587 7.772 8.325 0.131 10.904 
250922112333 0.840 23.209 38.578 7.779 8.323 0.108 10.915 
250922113833 0.809 23.212 38.581 7.781 8.326 0.109 10.918 
250922115333 0.851 23.220 38.568 7.787 8.325 0.123 10.759 
250922120833 0.831 23.240 38.568 7.790 8.324 0.108 10.895 
250922122333 0.806 23.267 38.571 7.790 8.324 0.084 10.912 
250922123833 0.839 23.270 38.567 7.787 8.323 0.076 10.917 
250922125333 0.799 23.292 38.566 7.789 8.322 0.094 10.859 
250922130833 0.810 23.327 38.564 7.789 8.322 0.222 10.904 
250922132333 0.799 23.345 38.577 7.794 8.317 0.054 10.915 
250922133833 0.801 23.376 38.582 7.795 8.319 0.035 10.919 
250922135333 0.847 23.427 38.578 7.789 8.319 0.101 10.859 
250922140833 0.812 23.418 38.567 7.798 8.318 0.069 10.905 
250922142333 0.784 23.410 38.545 7.807 8.318 0.035 10.916 
250922143833 0.805 23.429 38.577 7.811 8.318 0.059 10.920 
250922145333 0.793 23.337 38.568 7.839 8.320 0.094 10.757 
