SAMBAT Sea Ti  C/T/D/Odo/Fluo/pH GPS : 50195 
V:0,Pression (0/50),m
V:1,Température (-5/35),°C
V:2,Salinité (2/42),g/l
V:3,Oxygène (0/20),mgl
V:4,PH (0/14),pH
V:5,Fluorescence (0/50),µgl
V:6,Tension batterie,V
280922150258 0.799 22.990 38.478 8.037 8.301 0.136 10.778 
280922151757 0.766 22.985 38.478 8.044 8.302 0.144 10.878 
280922153257 0.763 22.989 38.482 8.044 8.301 0.122 10.902 
280922154757 0.771 22.990 38.477 8.064 8.301 0.124 10.906 
280922160257 0.779 22.984 38.477 8.066 8.301 0.117 10.890 
280922161757 0.749 22.988 38.481 8.062 8.302 0.101 10.907 
280922163257 0.770 22.980 38.484 8.058 8.301 0.139 10.909 
280922164757 0.795 22.981 38.481 8.052 8.303 0.215 10.915 
280922170257 0.814 22.984 38.484 8.046 8.303 0.161 10.889 
280922171757 0.749 22.981 38.491 8.039 8.303 0.146 10.908 
280922173257 0.787 22.979 38.486 8.029 8.303 0.249 10.914 
280922174757 0.735 22.961 38.490 8.022 8.304 0.269 10.916 
280922180257 0.728 22.976 38.482 8.011 8.304 0.293 10.881 
280922181757 0.835 22.976 38.502 8.004 8.305 0.408 10.903 
280922183257 0.715 22.979 38.499 7.998 8.305 0.352 10.913 
280922184757 0.691 22.969 38.506 7.990 8.306 0.366 10.916 
280922190257 0.765 22.972 38.503 7.990 8.306 0.349 10.881 
280922191757 0.648 22.983 38.504 7.979 8.307 0.416 10.905 
280922193257 0.746 22.986 38.505 7.978 8.307 0.353 10.909 
280922194757 0.651 22.972 38.499 7.983 8.308 0.383 10.914 
280922200257 0.767 22.976 38.492 7.976 8.309 0.311 10.890 
280922201757 0.717 22.965 38.490 7.978 8.309 0.286 10.904 
280922203257 0.865 22.977 38.490 7.973 8.310 0.298 10.913 
280922204757 0.747 22.968 38.494 7.972 8.311 0.353 10.916 
280922210257 0.889 22.977 38.485 7.966 8.311 0.371 10.890 
280922211757 0.787 22.984 38.480 7.963 8.312 0.281 10.904 
280922213257 0.780 22.964 38.470 7.969 8.313 0.297 10.913 
280922214757 0.630 22.976 38.481 7.961 8.313 8.333 10.916 
280922220257 0.606 22.983 38.474 7.956 8.314 0.325 10.877 
280922221757 0.748 22.973 38.481 7.964 8.315 0.354 10.904 
280922223257 0.561 22.983 38.482 7.961 8.315 0.302 10.913 
280922224757 0.757 22.973 38.468 7.965 8.315 0.312 10.911 
280922230257 0.742 22.980 38.480 7.959 8.316 0.362 10.881 
280922231757 0.781 22.979 38.482 7.960 8.315 1.742 10.905 
280922233257 0.881 22.976 38.482 7.964 8.317 3.644 10.912 
280922234757 0.771 22.971 38.478 7.962 8.318 0.833 10.916 
290922000257 0.715 22.967 38.475 7.954 8.318 0.514 10.890 
290922001757 0.657 22.972 38.481 7.955 8.318 0.969 10.908 
290922003257 0.789 22.955 38.472 7.954 8.318 0.321 10.914 
290922004757 0.732 22.959 38.474 7.947 8.319 0.350 10.914 
290922010257 0.759 22.949 38.479 7.944 8.319 0.346 10.890 
290922011757 0.719 22.960 38.471 7.939 8.318 0.349 10.908 
290922013257 0.769 22.959 38.474 7.937 8.319 0.291 10.914 
290922014757 0.717 22.953 38.471 7.934 8.320 1.103 10.916 
290922020257 0.670 22.963 38.470 7.933 8.320 0.368 10.881 
290922021757 0.756 22.956 38.465 7.928 8.320 0.410 10.903 
290922023257 0.568 22.944 38.468 7.930 8.321 0.517 10.912 
290922024757 0.813 22.957 38.468 7.924 8.321 0.304 10.916 
290922030257 0.590 22.952 38.475 7.915 8.321 0.458 10.891 
290922031757 0.653 22.952 38.471 7.913 8.321 0.312 10.908 
290922033257 0.614 22.957 38.465 7.910 8.321 0.302 10.914 
290922034757 0.682 22.955 38.465 7.908 8.321 0.277 10.916 
290922040257 0.781 22.951 38.469 7.904 8.322 0.343 10.888 
290922041757 0.704 22.948 38.471 7.905 8.322 0.335 10.908 
290922043257 0.757 22.941 38.469 7.905 8.322 0.271 10.914 
290922044757 0.636 22.930 38.475 7.908 8.322 0.294 10.916 
290922050257 0.776 22.931 38.475 7.912 8.322 0.242 10.872 
290922051757 0.782 22.938 38.472 7.912 8.322 0.326 10.900 
290922053257 0.802 22.932 38.479 7.916 8.322 0.283 10.911 
290922054757 0.665 22.922 38.486 7.915 8.322 0.316 10.911 
290922060257 0.817 22.914 38.483 7.912 8.323 0.288 10.890 
290922061757 0.731 22.902 38.481 7.913 8.323 0.351 10.907 
290922063257 0.795 22.918 38.479 7.916 8.323 0.328 10.909 
290922064757 0.803 22.915 38.476 7.907 8.323 0.243 10.915 
290922070257 0.750 22.904 38.476 7.904 8.323 0.325 10.881 
290922071757 0.815 22.904 38.476 7.897 8.322 0.510 10.903 
290922073257 0.752 22.899 38.476 7.892 8.322 0.647 10.912 
290922074757 0.752 22.903 38.478 7.885 8.321 1.446 10.915 
290922080257 0.786 22.903 38.470 7.882 8.322 0.879 10.891 
290922081757 0.786 22.898 38.467 7.879 8.322 0.326 10.908 
290922083257 0.756 22.908 38.471 7.865 8.322 0.348 10.914 
290922084757 0.673 22.895 38.474 7.859 8.322 0.241 10.916 
290922090257 0.711 22.879 38.478 7.868 8.322 0.265 10.888 
290922091757 0.755 22.898 38.463 7.866 8.321 0.289 10.907 
290922093257 0.699 22.898 38.474 7.867 8.320 0.407 10.913 
290922094757 0.789 22.893 38.466 7.865 8.320 0.256 10.916 
290922100257 0.762 22.893 38.469 7.868 8.320 0.297 10.880 
290922101757 0.689 22.890 38.461 7.870 8.319 0.209 10.905 
290922103257 0.652 22.882 38.466 7.870 8.318 0.247 10.912 
290922104757 0.639 22.890 38.472 7.868 8.317 0.193 10.915 
290922110257 0.739 22.879 38.466 7.875 8.316 0.189 10.891 
290922111757 0.637 22.881 38.453 7.891 8.314 0.169 10.904 
290922113257 0.641 22.854 38.459 7.903 8.313 0.255 10.913 
290922114757 0.736 22.874 38.498 7.905 8.311 0.143 10.916 
290922120257 0.747 22.829 38.479 7.917 8.313 0.137 10.890 
290922121757 0.776 22.829 38.457 7.923 8.313 0.146 10.908 
290922123257 0.760 22.821 38.456 7.931 8.314 0.181 10.909 
290922124757 0.726 22.823 38.454 7.930 8.313 0.157 10.914 
290922130257 0.825 22.817 38.451 7.925 8.311 0.153 10.881 
290922131757 0.837 22.824 38.471 7.916 8.311 0.101 10.905 
290922133257 0.834 22.828 38.469 7.908 8.310 0.168 10.912 
290922134757 0.680 22.815 38.457 7.911 8.310 0.132 10.911 
290922140257 0.733 22.823 38.455 7.907 8.310 0.109 10.890 
290922141757 0.694 22.824 38.455 7.903 8.309 0.169 10.907 
290922143257 0.679 22.831 38.460 7.896 8.310 0.267 10.913 
290922144757 0.912 22.812 38.450 7.895 8.310 0.311 10.911 
290922150257 0.802 22.811 38.462 7.896 8.310 0.321 10.880 
