SAMBAT Sea Ti  C/T/D/Odo/Fluo/pH GPS : 50195 
V:0,Pression (0/50),m
V:1,Température (-5/35),°C
V:2,Salinité (2/42),g/l
V:3,Oxygène (0/20),mgl
V:4,PH (0/14),pH
V:5,Fluorescence (0/50),µgl
V:6,Tension batterie,V
300922150740 0.820 22.573 38.383 7.766 8.321 0.888 10.775 
300922152239 0.816 22.574 38.381 7.763 8.321 2.781 10.874 
300922153739 0.771 22.577 38.384 7.768 8.320 0.621 10.899 
300922155239 0.803 22.576 38.383 7.772 8.320 0.301 10.871 
300922160739 0.829 22.580 38.377 7.778 8.320 0.172 10.894 
300922162239 0.803 22.573 38.378 7.784 8.318 0.238 10.906 
300922163739 0.856 22.581 38.380 7.771 8.318 0.429 10.911 
300922165239 0.840 22.576 38.375 7.768 8.320 1.051 10.874 
300922170739 0.833 22.574 38.373 7.768 8.320 1.748 10.895 
300922172239 0.797 22.564 38.377 7.771 8.321 4.037 10.907 
300922173739 0.795 22.574 38.386 7.763 8.321 5.788 10.911 
300922175239 0.884 22.576 38.384 7.770 8.320 0.488 10.875 
300922180739 0.848 22.564 38.385 7.772 8.316 0.394 10.890 
300922182239 0.793 22.569 38.380 7.767 8.322 0.733 10.905 
300922183739 0.777 22.569 38.377 7.763 8.320 0.985 10.910 
300922185239 0.849 22.563 38.382 7.757 8.320 0.368 10.875 
300922190739 0.801 22.560 38.385 7.751 8.322 0.367 10.896 
300922192239 0.806 22.563 38.387 7.741 8.322 0.366 10.907 
300922193739 0.873 22.554 38.375 7.738 8.323 0.622 10.912 
300922195239 0.861 22.555 38.359 7.732 8.323 0.455 10.875 
300922200739 0.811 22.569 38.387 7.730 8.322 0.336 10.896 
300922202239 0.843 22.554 38.380 7.728 8.323 0.468 10.907 
300922203739 0.872 22.561 38.390 7.720 8.323 3.149 10.912 
300922205239 0.851 22.561 38.393 7.720 8.323 0.549 10.875 
300922210739 0.852 22.554 38.388 7.718 8.323 0.458 10.890 
300922212239 0.818 22.551 38.387 7.722 8.324 0.384 10.905 
300922213739 0.875 22.537 38.391 7.736 8.324 0.779 10.911 
300922215239 0.853 22.543 38.390 7.748 8.324 0.456 10.875 
300922220739 0.830 22.547 38.390 7.751 8.325 0.893 10.895 
300922222239 0.818 22.526 38.383 7.761 8.325 1.078 10.907 
300922223739 0.858 22.525 38.386 7.775 8.326 0.411 10.912 
300922225239 0.919 22.548 38.390 7.783 8.325 0.414 10.875 
300922230739 0.836 22.530 38.373 7.800 8.325 2.806 10.895 
300922232239 0.856 22.539 38.398 7.805 8.325 1.785 10.907 
300922233739 0.884 22.516 38.394 7.829 8.326 0.976 10.912 
300922235239 0.888 22.539 38.387 7.839 8.326 0.293 10.875 
011022000739 0.828 22.528 38.400 7.847 8.326 0.404 10.890 
011022002239 0.793 22.522 38.394 7.854 8.324 1.773 10.905 
011022003739 0.822 22.526 38.398 7.865 8.326 2.804 10.910 
011022005239 0.900 22.529 38.399 7.861 8.325 0.848 10.875 
011022010739 0.843 22.522 38.402 7.859 8.325 0.476 10.895 
011022012239 0.838 22.520 38.386 7.853 8.323 0.472 10.907 
011022013739 0.840 22.525 38.376 7.846 8.325 2.341 10.911 
011022015239 0.846 22.500 38.402 7.839 8.325 2.934 10.875 
011022020739 0.876 22.522 38.392 7.826 8.326 0.537 10.895 
011022022239 0.872 22.525 38.393 7.818 8.327 3.856 10.907 
011022023739 0.864 22.506 38.401 7.806 8.325 0.477 10.911 
011022025239 0.866 22.526 38.387 7.800 8.325 2.676 10.875 
011022030739 0.811 22.515 38.395 7.796 8.326 0.277 10.889 
011022032239 0.844 22.516 38.400 7.791 8.326 8.490 10.904 
011022033739 0.892 22.503 38.417 7.781 8.325 17.005 10.910 
011022035239 0.900 22.504 38.411 7.785 8.326 5.051 10.874 
011022040739 0.887 22.497 38.423 7.786 8.325 1.088 10.894 
011022042239 0.834 22.481 38.411 7.791 8.326 18.308 10.907 
011022043739 0.896 22.495 38.422 7.793 8.325 2.481 10.911 
011022045239 0.876 22.489 38.421 7.787 8.326 2.540 10.875 
011022050739 0.929 22.462 38.421 7.796 8.326 7.108 10.894 
011022052239 0.925 22.467 38.414 7.792 8.326 3.859 10.907 
011022053739 0.909 22.473 38.434 7.789 8.325 0.707 10.911 
011022055239 0.865 22.469 38.420 7.791 8.325 0.345 10.874 
011022060739 0.874 22.444 38.418 7.800 8.325 1.024 10.889 
011022062239 0.816 22.424 38.412 7.800 8.326 0.507 10.905 
011022063739 0.798 22.451 38.415 7.794 8.326 0.374 10.910 
011022065239 0.820 22.428 38.423 7.796 8.326 16.139 10.873 
011022070739 0.816 22.451 38.419 7.791 8.326 21.029 10.894 
011022072239 0.912 22.459 38.409 7.795 8.322 2.204 10.907 
011022073739 0.803 22.436 38.397 7.792 8.323 2.280 10.910 
011022075239 0.970 22.444 38.410 7.792 8.325 0.310 10.874 
011022080739 0.849 22.438 38.406 7.789 8.325 4.363 10.894 
011022082239 0.928 22.431 38.419 7.783 8.324 0.723 10.907 
011022083739 0.873 22.450 38.421 7.785 8.323 0.185 10.911 
011022085239 0.893 22.458 38.415 7.782 8.321 0.223 10.874 
011022090739 0.894 22.472 38.420 7.773 8.320 0.563 10.889 
011022092239 0.885 22.478 38.428 7.765 8.318 1.139 10.904 
011022093739 0.902 22.481 38.431 7.755 8.317 5.131 10.909 
011022095239 0.926 22.491 38.415 7.747 8.316 5.268 10.873 
011022100739 0.849 22.503 38.425 7.752 8.315 0.138 10.895 
011022102239 0.891 22.516 38.429 7.747 8.315 0.177 10.907 
011022103739 0.895 22.521 38.426 7.750 8.315 0.251 10.911 
011022105239 0.857 22.506 38.434 7.762 8.314 0.143 10.875 
011022110739 0.843 22.517 38.428 7.760 8.313 0.130 10.895 
011022112239 0.907 22.507 38.426 7.769 8.315 0.104 10.907 
011022113739 0.964 22.508 38.427 7.780 8.313 0.527 10.911 
011022115239 0.930 22.516 38.429 7.792 8.310 0.150 10.875 
011022120739 0.957 22.508 38.426 7.808 8.314 0.091 10.891 
011022122239 0.945 22.513 38.420 7.826 8.313 0.172 10.905 
011022123739 0.956 22.517 38.422 7.837 8.310 0.125 10.911 
011022125239 0.842 22.526 38.423 7.848 8.310 0.284 10.875 
011022130739 0.952 22.530 38.420 7.862 8.310 5.119 10.894 
011022132239 0.967 22.538 38.416 7.864 8.308 66.412 10.906 
011022133739 0.907 22.545 38.423 7.874 8.307 0.114 10.911 
011022135239 0.974 22.550 38.410 7.876 8.305 0.143 10.875 
011022140739 0.919 22.552 38.407 7.880 8.305 0.532 10.892 
011022142239 0.957 22.552 38.402 7.882 8.303 0.397 10.906 
011022143739 0.830 22.551 38.397 7.879 8.303 3.460 10.911 
011022145239 0.825 22.545 38.405 7.875 8.301 7.067 10.874 
011022150739 0.972 22.542 38.406 7.869 8.302 0.193 10.895 
