SAMBAT Sea Ti  C/T/D/Odo/Fluo/pH GPS : 50195 
V:0,Pression (0/50),m
V:1,Température (-5/35),°C
V:2,Salinité (2/42),g/l
V:3,Oxygène (0/20),mgl
V:4,PH (0/14),pH
V:5,Fluorescence (0/50),µgl
V:6,Tension batterie,V
180922143752 0.858 25.194 38.530 7.683 8.292 0.046 10.803 
180922145251 0.817 25.199 38.532 7.690 8.291 0.078 10.863 
180922150751 0.869 25.202 38.530 7.693 8.291 0.083 10.917 
180922152251 0.864 25.198 38.521 7.698 8.289 0.056 10.930 
180922153751 0.854 25.202 38.523 7.698 8.290 0.096 10.934 
180922155251 0.827 25.202 38.527 7.701 8.289 0.089 10.877 
180922160751 0.842 25.192 38.526 7.702 8.289 0.053 10.923 
180922162251 0.813 25.183 38.529 7.702 8.289 0.107 10.933 
180922163751 0.823 25.180 38.522 7.699 8.289 0.123 10.936 
180922165251 0.849 25.173 38.527 7.697 8.290 0.112 10.762 
180922170751 0.801 25.177 38.529 7.692 8.291 0.110 10.915 
180922172251 0.869 25.185 38.527 7.685 8.290 0.127 10.931 
180922173751 0.827 25.179 38.529 7.681 8.289 0.126 10.935 
180922175251 0.817 25.155 38.535 7.685 8.291 0.174 10.880 
180922180751 0.841 25.143 38.526 7.691 8.290 0.184 10.924 
180922182251 0.840 25.138 38.530 7.689 8.291 0.217 10.933 
180922183751 0.841 25.133 38.530 7.690 8.291 0.189 10.936 
180922185251 0.844 25.115 38.541 7.696 8.291 0.201 10.878 
180922190751 0.864 25.114 38.533 7.693 8.291 0.192 10.923 
180922192251 0.877 25.088 38.531 7.692 8.294 0.189 10.933 
180922193751 0.890 25.095 38.526 7.692 8.293 0.198 10.936 
180922195251 0.863 25.079 38.531 7.692 8.294 0.250 10.763 
180922200751 0.848 25.067 38.535 7.694 8.296 0.240 10.915 
180922202251 0.831 25.054 38.528 7.693 8.296 0.240 10.930 
180922203751 0.874 25.054 38.531 7.686 8.296 0.234 10.935 
180922205251 0.845 25.067 38.518 7.682 8.296 0.192 10.878 
180922210751 0.859 25.064 38.523 7.680 8.298 0.217 10.923 
180922212251 0.878 25.027 38.534 7.682 8.299 0.179 10.932 
180922213751 0.869 25.039 38.531 7.678 8.298 0.208 10.936 
180922215251 0.823 25.022 38.534 7.682 8.296 0.211 10.880 
180922220751 0.805 25.001 38.542 7.678 8.300 0.192 10.923 
180922222251 0.864 25.027 38.539 7.674 8.301 0.200 10.932 
180922223751 0.817 24.998 38.536 7.683 8.301 0.244 10.935 
180922225251 0.888 25.022 38.539 7.683 8.301 0.230 10.773 
180922230751 0.864 24.992 38.539 7.686 8.302 0.218 10.914 
180922232251 0.841 24.992 38.539 7.681 8.301 0.221 10.929 
180922233751 0.818 24.988 38.538 7.675 8.302 0.198 10.934 
180922235251 0.840 24.989 38.542 7.676 8.295 0.260 10.879 
190922000751 0.869 25.008 38.542 7.673 8.299 0.251 10.923 
190922002251 0.882 25.003 38.536 7.674 8.301 0.264 10.932 
190922003751 0.836 25.001 38.543 7.678 8.302 0.200 10.935 
190922005251 0.852 24.994 38.546 7.677 8.304 0.292 10.773 
190922010751 0.881 24.973 38.546 7.675 8.303 0.254 10.914 
190922012251 0.856 25.000 38.541 7.668 8.300 0.258 10.929 
190922013751 0.846 24.985 38.541 7.662 8.302 0.307 10.934 
190922015251 0.875 24.991 38.531 7.658 8.301 0.316 10.878 
190922020751 0.822 24.973 38.543 7.655 8.294 0.250 10.922 
190922022251 0.845 24.966 38.534 7.654 8.298 0.276 10.932 
190922023751 0.827 24.969 38.529 7.649 8.302 0.240 10.935 
190922025251 0.837 24.975 38.534 7.637 8.298 0.324 10.877 
190922030751 0.849 24.956 38.532 7.625 8.300 0.332 10.922 
190922032251 0.829 24.959 38.529 7.613 8.298 0.328 10.931 
190922033751 0.837 24.965 38.531 7.597 8.298 0.380 10.935 
190922035251 0.844 24.941 38.532 7.590 8.298 0.344 10.772 
190922040751 0.834 24.953 38.528 7.587 8.301 0.314 10.914 
190922042251 0.789 24.957 38.526 7.584 8.303 0.303 10.929 
190922043751 0.839 24.963 38.534 7.583 8.301 0.235 10.933 
190922045251 0.812 24.931 38.524 7.586 8.303 0.209 10.876 
190922050751 0.816 24.937 38.532 7.581 8.303 0.225 10.922 
190922052251 0.834 24.937 38.535 7.582 8.302 0.296 10.931 
190922053751 0.812 24.947 38.533 7.581 8.302 0.285 10.934 
190922055251 0.821 24.943 38.531 7.584 8.296 0.269 10.877 
190922060751 0.816 24.947 38.519 7.586 8.301 0.309 10.922 
190922062251 0.828 24.948 38.521 7.585 8.299 0.292 10.931 
190922063751 0.807 24.950 38.524 7.582 8.286 0.317 10.934 
190922065251 0.833 24.921 38.522 7.582 8.298 0.312 10.771 
190922070751 0.813 24.927 38.516 7.572 8.298 0.255 10.914 
190922072251 0.833 24.922 38.520 7.569 8.300 0.350 10.929 
190922073751 0.811 24.921 38.519 7.568 8.301 0.316 10.933 
190922075251 0.833 24.919 38.515 7.566 8.301 0.325 10.876 
190922080751 0.835 24.915 38.517 7.570 8.301 0.263 10.921 
190922082251 0.837 24.912 38.514 7.572 8.303 0.228 10.931 
190922083751 0.812 24.925 38.513 7.572 8.302 0.206 10.934 
190922085251 0.782 24.908 38.513 7.579 8.300 0.193 10.876 
190922090751 0.826 24.919 38.511 7.582 8.299 0.171 10.922 
190922092251 0.828 24.929 38.508 7.583 8.296 0.141 10.931 
190922093751 0.834 24.919 38.512 7.590 8.293 0.149 10.934 
190922095251 0.832 24.938 38.506 7.589 8.293 0.126 10.871 
190922100751 0.836 24.946 38.513 7.585 8.294 0.218 10.921 
190922102251 0.800 24.969 38.509 7.581 8.288 0.139 10.931 
190922103751 0.779 24.979 38.514 7.575 8.289 0.115 10.934 
190922105251 0.793 25.000 38.512 7.574 8.289 0.087 10.771 
190922110751 0.813 25.030 38.520 7.571 8.289 0.129 10.914 
190922112251 0.826 25.030 38.523 7.579 8.291 0.125 10.929 
190922113751 0.819 25.033 38.524 7.581 8.289 0.131 10.933 
190922115251 0.788 25.029 38.520 7.589 8.292 0.096 10.878 
190922120751 0.797 25.030 38.512 7.593 8.290 0.126 10.922 
190922122251 0.795 25.016 38.536 7.603 8.293 0.083 10.931 
190922123751 0.910 24.998 38.521 7.619 8.291 0.088 10.935 
190922125251 0.811 25.004 38.521 7.627 8.290 0.097 10.875 
190922130751 0.869 24.998 38.543 7.636 8.289 0.107 10.922 
190922132251 0.825 24.991 38.523 7.647 8.289 0.102 10.931 
190922133751 0.740 24.994 38.520 7.652 8.287 0.082 10.935 
190922135251 0.891 25.023 38.512 7.652 8.286 0.088 10.773 
190922140751 0.771 25.014 38.508 7.657 8.285 0.085 10.914 
190922142251 0.837 25.022 38.510 7.663 8.285 0.110 10.929 
190922143751 0.843 25.032 38.506 7.664 8.285 0.062 10.933 
