SAMBAT Sea Ti  C/T/D/Odo/Fluo/pH GPS : 50195 
V:0,Pression (0/50),m
V:1,Température (-5/35),°C
V:2,Salinité (2/42),g/l
V:3,Oxygène (0/20),mgl
V:4,PH (0/14),pH
V:5,Fluorescence (0/50),µgl
V:6,Tension batterie,V
191122170823 0.816 20.448 36.887 8.141 8.320 0.388 10.749 
191122172322 0.776 20.439 36.885 8.139 8.319 0.478 10.850 
191122173822 0.795 20.450 36.889 8.137 8.320 0.271 10.876 
191122175322 0.765 20.201 36.668 8.182 8.322 0.321 10.847 
191122180822 0.785 20.135 36.713 8.176 8.323 0.338 10.873 
191122182322 0.751 20.108 36.712 8.161 8.323 0.309 10.888 
191122183822 0.752 20.100 36.668 8.127 8.321 0.289 10.889 
191122185322 0.765 20.095 36.680 8.116 8.322 0.337 10.851 
191122190822 0.767 20.092 36.707 8.108 8.325 0.274 10.867 
191122192322 0.801 20.149 36.707 8.087 8.324 0.325 10.886 
191122193822 0.734 20.110 36.707 8.096 8.325 0.305 10.889 
191122195322 0.822 20.130 36.746 8.097 8.324 0.256 10.850 
191122200822 0.796 20.177 36.771 8.098 8.323 0.324 10.873 
191122202322 0.770 20.157 36.748 8.106 8.320 0.272 10.884 
191122203822 0.722 20.185 36.771 8.106 8.324 0.311 10.889 
191122205322 0.817 20.293 36.826 8.078 8.322 0.348 10.851 
191122210822 0.765 20.352 36.840 8.063 8.321 0.258 10.868 
191122212322 0.756 20.355 36.843 8.068 8.322 0.227 10.886 
191122213822 0.779 20.394 36.862 8.059 8.319 0.250 10.894 
191122215322 0.800 20.396 36.862 8.065 8.320 0.307 10.852 
191122220822 0.807 20.380 36.848 8.077 8.325 0.304 10.876 
191122222322 0.841 20.337 36.834 8.097 8.325 0.291 10.890 
191122223822 0.785 20.358 36.844 8.101 8.322 0.209 10.892 
191122225322 0.776 20.365 36.810 8.106 8.322 0.217 10.852 
191122230822 0.711 20.357 36.851 8.113 8.323 0.268 10.876 
191122232322 0.717 20.359 36.847 8.110 8.323 0.288 10.890 
191122233822 0.817 20.372 36.853 8.107 8.322 0.341 10.896 
191122235322 0.856 20.386 36.873 8.109 8.323 0.240 10.853 
201122000822 0.831 20.368 36.841 8.108 8.324 0.324 10.869 
201122002322 0.772 20.359 36.820 8.096 8.325 0.258 10.884 
201122003822 0.789 20.365 36.841 8.092 8.325 0.215 10.892 
201122005322 0.796 20.358 36.843 8.093 8.325 0.314 10.852 
201122010822 0.790 20.336 36.830 8.094 8.325 0.239 10.876 
201122012322 0.764 20.337 36.842 8.093 8.326 0.289 10.890 
201122013822 0.865 20.316 36.835 8.088 8.327 0.302 10.896 
201122015322 0.849 20.314 36.834 8.087 8.325 0.260 10.853 
201122020822 0.856 20.301 36.840 8.079 8.326 0.228 10.865 
201122022322 0.749 20.295 36.829 8.080 8.325 0.245 10.887 
201122023822 0.821 20.310 36.834 8.068 8.325 0.190 10.894 
201122025322 0.820 20.311 36.824 8.060 8.323 0.265 10.853 
201122030822 0.814 20.314 36.824 8.060 8.326 0.249 10.876 
201122032322 0.773 20.357 36.817 8.055 8.326 0.267 10.890 
201122033822 0.859 20.322 36.798 8.063 8.326 0.235 10.896 
201122035322 0.804 20.345 36.836 8.062 8.327 0.241 10.853 
201122040822 0.784 20.339 36.815 8.067 8.326 0.246 10.875 
201122042322 0.783 20.371 36.835 8.067 8.328 0.234 10.890 
201122043822 0.848 20.396 36.843 8.082 8.326 0.270 10.892 
201122045322 0.845 20.400 36.842 8.089 8.326 0.224 10.853 
201122050822 0.856 20.382 36.842 8.099 8.330 0.228 10.870 
201122052322 0.824 20.386 36.838 8.102 8.329 0.497 10.888 
201122053822 0.815 20.392 36.834 8.104 8.330 0.275 10.895 
201122055322 0.782 20.365 36.826 8.114 8.330 0.248 10.853 
201122060822 0.823 20.387 36.838 8.114 8.328 0.229 10.877 
201122062322 0.863 20.393 36.833 8.121 8.328 0.239 10.889 
201122063822 0.877 20.389 36.846 8.128 8.328 0.223 10.892 
201122065322 0.873 20.407 36.861 8.125 8.327 0.245 10.852 
201122070822 0.818 20.393 36.851 8.125 8.328 0.276 10.876 
201122072322 0.847 20.402 37.050 8.124 8.327 0.227 10.886 
201122073822 0.829 20.393 36.855 8.125 8.328 0.269 10.895 
201122075322 0.812 20.412 36.840 8.115 8.327 0.232 10.853 
201122080822 0.837 20.403 36.853 8.112 8.327 0.226 10.873 
201122082322 0.867 20.410 36.844 8.113 8.327 0.333 10.890 
201122083822 0.804 20.408 36.849 8.120 8.325 0.258 10.896 
201122085322 0.769 20.401 36.853 8.123 8.325 0.222 10.853 
201122090822 0.881 20.395 36.842 8.123 8.327 0.228 10.870 
201122092322 0.829 20.382 36.849 8.127 8.326 0.240 10.888 
201122093822 0.810 20.386 36.844 8.138 8.327 0.194 10.891 
201122095322 0.834 20.395 36.852 8.131 8.325 0.160 10.852 
201122100822 0.843 20.384 36.845 8.128 8.327 0.141 10.872 
201122102322 0.866 20.383 36.821 8.126 8.327 0.127 10.887 
201122103822 0.846 20.388 36.832 8.120 8.325 0.129 10.895 
201122105322 0.867 20.389 36.829 8.118 8.323 0.101 10.853 
201122110822 0.819 20.389 36.815 8.113 8.324 0.178 10.876 
201122112322 0.797 20.386 36.816 8.121 8.325 0.123 10.886 
201122113822 0.832 20.395 36.821 8.117 8.325 0.133 10.891 
201122115322 0.811 20.400 36.816 8.112 8.322 0.086 10.852 
201122120822 0.861 20.403 36.832 8.116 8.325 0.097 10.869 
201122122322 0.860 20.403 36.820 8.116 8.324 0.075 10.888 
201122123822 0.796 20.415 36.823 8.106 8.323 0.074 10.895 
201122125322 0.806 20.432 36.827 8.113 8.323 0.098 10.853 
201122130822 0.818 20.431 36.816 8.118 8.325 0.054 10.874 
201122132322 0.835 20.446 36.819 8.130 8.324 0.088 10.886 
201122133822 0.847 20.453 36.820 8.138 8.324 0.060 10.895 
201122135322 0.834 20.442 36.815 8.143 8.323 0.097 10.853 
201122140822 0.894 20.451 36.829 8.156 8.323 0.143 10.873 
201122142322 0.827 20.439 36.813 8.157 8.321 0.089 10.890 
201122143822 0.898 20.357 36.770 8.165 8.318 0.090 10.896 
201122145322 0.884 20.348 36.767 8.166 8.319 0.092 10.853 
201122150822 0.877 20.325 36.757 8.155 8.319 0.146 10.870 
201122152322 0.776 20.334 36.768 8.139 8.319 0.102 10.884 
201122153822 0.843 20.326 36.757 8.137 8.319 0.131 10.894 
201122155322 0.901 20.315 36.760 8.131 8.318 0.109 10.853 
201122160822 0.840 20.314 36.752 8.120 8.318 0.171 10.876 
201122162322 0.868 20.314 36.758 8.107 8.318 0.214 10.886 
201122163822 0.824 20.321 36.763 8.109 8.319 0.203 10.894 
201122165322 0.834 20.323 36.757 8.111 8.318 0.260 10.852 
201122170822 0.899 20.344 36.747 8.111 8.318 0.258 10.870 
