SAMBAT Sea Ti  C/T/D/Odo/Fluo/pH GPS : 50195 
V:0,Pression (0/50),m
V:1,Température (-5/35),°C
V:2,Salinité (2/42),g/l
V:3,Oxygène (0/20),mgl
V:4,PH (0/14),pH
V:5,Fluorescence (0/50),µgl
V:6,Tension batterie,V
161122170023 0.749 20.715 37.126 8.264 8.323 0.286 10.761 
161122171522 0.744 20.727 37.135 8.267 8.322 0.280 10.858 
161122173022 0.697 20.715 37.154 8.274 8.321 0.312 10.880 
161122174522 0.747 20.717 37.154 8.276 8.320 0.280 10.892 
161122180022 0.661 20.724 37.153 8.278 8.320 0.286 10.845 
161122181522 0.822 20.725 37.147 8.283 8.319 0.332 10.882 
161122183022 0.754 20.727 37.163 8.287 8.320 0.361 10.890 
161122184522 0.730 20.707 37.157 8.286 8.320 0.289 10.895 
161122190022 0.764 20.722 37.147 8.287 8.320 0.317 10.845 
161122191522 0.677 20.731 37.158 8.287 8.321 0.312 10.878 
161122193022 0.743 20.725 37.164 8.287 8.321 0.292 10.893 
161122194522 0.847 20.716 37.158 8.281 8.320 0.326 10.895 
161122200022 0.667 20.712 37.152 8.286 8.320 0.301 10.861 
161122201522 0.677 20.714 37.153 8.295 8.320 0.311 10.883 
161122203022 0.673 20.710 37.151 8.295 8.321 0.262 10.896 
161122204522 0.899 20.702 37.142 8.294 8.322 0.364 10.900 
161122210022 0.778 20.696 37.154 8.293 8.322 0.323 10.861 
161122211522 0.650 20.696 37.151 8.294 8.322 0.290 10.888 
161122213022 0.715 20.703 37.148 8.292 8.323 0.353 10.897 
161122214522 0.649 20.703 37.144 8.289 8.323 0.297 10.901 
161122220022 0.827 20.692 37.159 8.288 8.324 0.305 10.853 
161122221522 0.787 20.688 37.154 8.283 8.324 0.303 10.881 
161122223022 0.624 20.697 37.145 8.283 8.323 0.293 10.890 
161122224522 0.791 20.684 37.155 8.281 8.323 0.254 10.898 
161122230022 0.697 20.686 37.148 8.279 8.323 0.306 10.859 
161122231522 0.844 20.673 37.162 8.282 8.324 0.272 10.883 
161122233022 0.699 20.657 37.156 8.277 8.325 0.303 10.895 
161122234522 0.716 20.666 37.152 8.273 8.325 0.281 10.895 
171122000022 0.853 20.666 37.152 8.266 8.325 0.293 10.846 
171122001522 0.743 20.669 37.158 8.259 8.325 0.281 10.883 
171122003022 0.772 20.660 37.138 8.267 8.325 0.286 10.890 
171122004522 0.823 20.659 37.150 8.261 8.325 0.267 10.896 
171122010022 0.795 20.671 37.151 8.262 8.324 0.290 10.861 
171122011522 0.776 20.656 37.152 8.254 8.325 0.315 10.888 
171122013022 0.770 20.633 37.134 8.263 8.325 0.426 10.892 
171122014522 0.874 20.653 37.159 8.263 8.326 0.247 10.899 
171122020022 0.750 20.659 37.138 8.253 8.324 0.314 10.861 
171122021522 0.698 20.662 37.143 8.241 8.325 0.357 10.888 
171122023022 0.748 20.662 37.159 8.238 8.326 0.287 10.894 
171122024522 0.712 20.664 37.139 8.248 8.326 0.291 10.895 
171122030022 0.810 20.660 37.162 8.245 8.325 0.327 10.846 
171122031522 0.698 20.676 37.154 8.241 8.325 0.295 10.883 
171122033022 0.709 20.677 37.154 8.236 8.324 0.346 10.894 
171122034522 0.763 20.651 37.140 8.239 8.324 0.273 10.899 
171122040022 0.847 20.676 37.146 8.240 8.325 0.408 10.862 
171122041522 0.757 20.657 37.149 8.235 8.325 0.273 10.888 
171122043022 0.812 20.656 37.152 8.230 8.325 0.250 10.896 
171122044522 0.766 20.647 37.157 8.220 8.325 0.253 10.900 
171122050022 0.744 20.663 37.161 8.209 8.325 0.310 10.859 
171122051522 0.799 20.664 37.152 8.201 8.324 0.285 10.887 
171122053022 0.752 20.646 37.153 8.199 8.324 0.280 10.892 
171122054522 0.827 20.652 37.140 8.199 8.325 0.269 10.899 
171122060022 0.818 20.633 37.149 8.197 8.325 0.295 10.846 
171122061522 0.715 20.631 37.157 8.195 8.326 0.485 10.879 
171122063022 0.677 20.627 37.141 8.199 8.325 0.302 10.893 
171122064522 0.839 20.632 37.160 8.195 8.325 0.275 10.894 
171122070022 0.825 20.646 37.150 8.189 8.326 0.266 10.846 
171122071522 0.715 20.590 37.155 8.197 8.327 0.292 10.878 
171122073022 0.675 20.614 37.147 8.198 8.328 0.275 10.891 
171122074522 0.801 20.607 37.152 8.192 8.326 0.298 10.898 
171122080022 0.742 20.624 37.156 8.188 8.327 0.293 10.861 
171122081522 0.787 20.603 37.151 8.183 8.326 0.323 10.885 
171122083022 0.728 20.607 37.151 8.178 8.326 0.342 10.891 
171122084522 0.737 20.605 37.133 8.167 8.326 0.268 10.896 
171122090022 0.761 20.603 37.137 8.160 8.326 0.254 10.860 
171122091522 0.820 20.572 37.107 8.162 8.326 0.326 10.887 
171122093022 0.787 20.513 37.105 8.161 8.328 0.228 10.896 
171122094522 0.782 20.546 37.123 8.151 8.327 0.239 10.899 
171122100022 0.821 20.538 37.117 8.138 8.327 0.245 10.845 
171122101522 0.770 20.555 37.102 8.131 8.326 0.223 10.878 
171122103022 0.774 20.586 37.091 8.128 8.324 0.131 10.892 
171122104522 0.759 20.586 37.108 8.125 8.326 0.158 10.898 
171122110022 0.680 20.600 37.123 8.123 8.325 0.091 10.845 
171122111522 0.791 20.601 37.117 8.143 8.326 0.107 10.878 
171122113022 0.806 20.613 37.123 8.158 8.325 0.089 10.888 
171122114522 0.742 20.630 37.107 8.160 8.325 0.099 10.897 
171122120022 0.768 20.632 37.111 8.167 8.325 0.125 10.859 
171122121522 0.782 20.650 37.108 8.168 8.324 0.112 10.886 
171122123022 0.806 20.660 37.116 8.185 8.323 0.088 10.891 
171122124522 0.760 20.678 37.114 8.186 8.323 0.082 10.898 
171122130022 0.733 20.716 37.123 8.194 8.323 0.082 10.859 
171122131522 0.761 20.708 37.116 8.203 8.322 0.098 10.885 
171122133022 0.754 20.701 37.109 8.205 8.323 0.092 10.896 
171122134522 0.669 20.699 37.106 8.241 8.324 0.047 10.895 
171122140022 0.770 20.705 37.106 8.244 8.324 0.063 10.855 
171122141522 0.780 20.693 37.081 8.273 8.325 0.061 10.882 
171122143022 0.639 20.680 37.091 8.302 8.325 0.077 10.890 
171122144522 0.776 20.684 37.094 8.306 8.325 0.075 10.896 
171122150022 0.807 20.688 37.104 8.305 8.325 0.077 10.861 
171122151522 0.773 20.689 37.092 8.312 8.324 0.105 10.888 
171122153022 0.689 20.686 37.088 8.317 8.324 0.062 10.896 
171122154522 0.721 20.683 37.091 8.315 8.325 0.126 10.900 
171122160022 0.839 20.679 37.100 8.315 8.324 0.127 10.856 
171122161522 0.784 20.672 37.073 8.320 8.323 0.148 10.884 
171122163022 0.721 20.678 37.093 8.327 8.323 0.167 10.891 
171122164522 0.715 20.683 37.031 8.326 8.323 0.235 10.899 
171122170022 0.837 20.669 37.091 8.323 8.323 0.202 10.846 
