SAMBAT Sea Ti  C/T/D/Odo/Fluo/pH GPS : 50195 
V:0,Pression (0/50),m
V:1,Température (-5/35),°C
V:2,Salinité (2/42),g/l
V:3,Oxygène (0/20),mgl
V:4,PH (0/14),pH
V:5,Fluorescence (0/50),µgl
V:6,Tension batterie,V
010922135727 0.785 27.579 38.482 7.511 8.269 0.061 10.819 
010922141226 0.808 27.689 38.452 7.491 8.268 0.061 10.928 
010922142726 0.833 27.850 38.482 7.480 8.267 0.025 10.947 
010922144226 0.787 27.804 38.475 7.469 8.266 0.085 10.952 
010922145726 0.774 27.697 38.484 7.455 8.267 0.068 10.925 
010922151226 0.830 27.662 38.491 7.445 8.267 0.058 10.949 
010922152726 0.819 27.706 38.485 7.443 8.267 0.057 10.953 
010922154226 0.779 27.729 38.486 7.436 8.266 0.059 10.954 
010922155726 0.826 27.776 38.502 7.433 8.265 0.073 10.925 
010922161226 0.796 27.741 38.503 7.428 8.265 0.069 10.949 
010922162726 0.785 27.721 38.500 7.428 8.265 0.062 10.953 
010922164226 0.811 27.691 38.500 7.428 8.266 0.100 10.955 
010922165726 0.795 27.649 38.485 7.431 8.266 0.122 10.912 
010922171226 0.770 27.591 38.462 7.442 8.267 0.088 10.946 
010922172726 0.818 27.611 38.453 7.448 8.267 0.116 10.953 
010922174226 0.795 27.637 38.439 7.454 8.266 0.126 10.954 
010922175726 0.808 27.627 38.432 7.461 8.267 0.118 10.927 
010922181226 0.796 27.621 38.432 7.467 8.267 0.126 10.949 
010922182726 0.815 27.601 38.432 7.473 8.268 0.130 10.953 
010922184226 0.855 27.583 38.443 7.481 8.269 0.184 10.955 
010922185726 0.828 27.584 38.440 7.484 8.270 0.160 10.927 
010922191226 0.837 27.564 38.437 7.488 8.271 0.187 10.949 
010922192726 0.793 27.589 38.443 7.491 8.272 0.135 10.953 
010922194226 0.818 27.573 38.448 7.490 8.272 0.166 10.955 
010922195726 0.795 27.571 38.436 7.492 8.272 0.121 10.911 
010922201226 0.830 27.566 38.434 7.493 8.274 0.165 10.946 
010922202726 0.784 27.561 38.438 7.495 8.274 0.204 10.953 
010922204226 0.818 27.548 38.451 7.494 8.275 0.188 10.954 
010922205726 0.811 27.525 38.440 7.498 8.276 0.197 10.926 
010922211226 0.820 27.497 38.448 7.499 8.277 0.223 10.949 
010922212726 0.782 27.474 38.435 7.501 8.277 0.165 10.953 
010922214226 0.803 27.423 38.468 7.509 8.278 0.151 10.954 
010922215726 0.823 27.309 38.419 7.525 8.279 0.110 10.926 
010922221226 0.803 27.272 38.419 7.531 8.279 0.146 10.948 
010922222726 0.847 27.218 38.401 7.538 8.280 0.200 10.953 
010922224226 0.834 27.166 38.392 7.542 8.280 0.136 10.954 
010922225726 0.858 27.125 38.399 7.545 8.281 0.149 10.910 
010922231226 0.812 27.067 38.392 7.552 8.281 0.129 10.944 
010922232726 0.804 27.049 38.380 7.555 8.282 0.149 10.951 
010922234226 0.855 26.991 38.319 7.560 8.281 0.201 10.953 
010922235726 0.847 26.987 38.321 7.556 8.282 0.246 10.924 
020922001226 0.810 26.977 38.324 7.556 8.282 0.214 10.947 
020922002726 0.859 26.983 38.347 7.554 8.284 0.151 10.951 
020922004226 0.831 27.004 38.358 7.550 8.285 0.125 10.952 
020922005726 0.814 27.017 38.360 7.550 8.286 0.181 10.923 
020922011226 0.843 26.988 38.350 7.554 8.287 0.203 10.946 
020922012726 0.810 26.990 38.350 7.555 8.287 0.192 10.951 
020922014226 0.837 26.970 38.356 7.564 8.288 0.145 10.952 
020922015726 0.833 26.987 38.364 7.560 8.288 0.185 10.908 
020922021226 0.831 26.974 38.355 7.566 8.289 0.191 10.943 
020922022726 0.821 26.969 38.403 7.573 8.289 0.117 10.950 
020922024226 0.806 26.951 38.404 7.574 8.289 0.213 10.951 
020922025726 0.832 26.974 38.400 7.572 8.290 0.262 10.923 
020922031226 0.810 26.954 38.398 7.578 8.290 0.201 10.946 
020922032726 0.839 26.924 38.370 7.585 8.290 0.164 10.951 
020922034226 0.824 26.925 38.423 7.586 8.290 0.153 10.952 
020922035726 0.812 26.890 38.393 7.595 8.290 0.156 10.923 
020922041226 0.805 26.905 38.423 7.596 8.291 0.173 10.946 
020922042726 0.803 26.909 38.424 7.597 8.290 0.172 10.951 
020922044226 0.846 26.898 38.440 7.598 8.290 0.161 10.952 
020922045726 0.804 26.897 38.428 7.598 8.285 0.176 10.907 
020922051226 0.837 26.872 38.394 7.599 8.284 0.189 10.942 
020922052726 0.790 26.869 38.386 7.590 8.281 0.183 10.949 
020922054226 0.790 26.879 38.387 7.575 8.280 0.172 10.951 
020922055726 0.805 26.879 38.389 7.568 8.281 0.185 10.917 
020922061226 0.824 26.882 38.386 7.558 8.281 0.188 10.944 
020922062726 0.808 26.874 38.392 7.550 8.282 0.164 10.950 
020922064226 0.843 26.856 38.375 7.543 8.281 0.243 10.951 
020922065726 0.807 26.861 38.380 7.535 8.281 0.205 10.907 
020922071226 0.812 26.852 38.377 7.530 8.280 0.206 10.942 
020922072726 0.854 26.853 38.377 7.522 8.279 0.268 10.949 
020922074226 0.852 26.832 38.375 7.519 8.279 0.255 10.951 
020922075726 0.801 26.871 38.411 7.516 8.284 0.180 10.917 
020922081226 0.854 26.864 38.405 7.525 8.284 0.221 10.944 
020922082726 0.841 26.887 38.411 7.526 8.285 0.200 10.950 
020922084226 0.846 26.884 38.426 7.533 8.285 0.171 10.951 
020922085726 0.843 26.913 38.433 7.538 8.286 0.164 10.921 
020922091226 0.852 26.914 38.426 7.548 8.286 0.205 10.945 
020922092726 0.821 26.897 38.423 7.560 8.286 0.209 10.950 
020922094226 0.850 26.901 38.421 7.574 8.287 0.201 10.951 
020922095726 0.845 26.906 38.422 7.589 8.287 0.239 10.921 
020922101226 0.867 26.909 38.420 7.607 8.287 0.178 10.945 
020922102726 0.831 26.905 38.414 7.615 8.287 0.209 10.950 
020922104226 0.795 26.919 38.417 7.620 8.286 0.189 10.951 
020922105726 0.820 26.932 38.408 7.622 8.284 0.102 10.908 
020922111226 0.830 26.951 38.403 7.627 8.283 0.095 10.942 
020922112726 0.854 26.956 38.408 7.625 8.282 0.141 10.950 
020922114226 0.863 26.993 38.418 7.617 8.280 0.108 10.951 
020922115726 0.787 27.111 38.420 7.595 8.279 0.057 10.922 
020922121226 0.827 27.153 38.408 7.581 8.278 0.084 10.946 
020922122726 0.830 27.212 38.418 7.567 8.277 0.075 10.951 
020922124226 0.837 27.172 38.435 7.566 8.277 0.077 10.952 
020922125726 0.849 27.184 38.423 7.567 8.278 0.063 10.921 
020922131226 0.831 27.221 38.446 7.554 8.277 0.047 10.946 
020922132726 0.791 27.233 38.438 7.552 8.277 0.096 10.951 
020922134226 0.822 27.254 38.435 7.548 8.276 0.054 10.953 
020922135726 0.765 27.280 38.451 7.541 8.275 0.058 10.909 
