SAMBAT Sea Ti  C/T/D/Odo/Fluo/pH GPS : 50195 
V:0,Pression (0/50),m
V:1,Température (-5/35),°C
V:2,Salinité (2/42),g/l
V:3,Oxygène (0/20),mgl
V:4,PH (0/14),pH
V:5,Fluorescence (0/50),µgl
V:6,Tension batterie,V
160222143134 0.962 13.731 38.270 10.744 8.254 0.527 10.690 
160222144633 0.919 13.744 38.268 10.741 8.254 0.523 10.782 
160222150133 0.915 13.749 38.267 10.740 8.254 0.534 10.819 
160222151633 0.932 13.713 38.269 10.749 8.254 0.521 10.810 
160222153133 0.919 13.744 38.270 10.738 8.254 0.686 10.831 
160222154633 0.976 13.729 38.270 10.733 8.255 0.960 10.842 
160222160133 0.948 13.723 38.272 10.725 8.255 1.117 10.848 
160222161633 0.803 13.735 38.274 10.708 8.254 0.962 10.822 
160222163133 0.887 13.724 38.272 10.701 8.255 1.129 10.841 
160222164633 1.013 13.729 38.274 10.689 8.255 1.295 10.849 
160222170133 0.875 13.729 38.278 10.691 8.256 1.343 10.857 
160222171633 0.972 13.720 38.276 10.692 8.256 1.564 10.821 
160222173133 0.876 13.701 38.277 10.692 8.256 1.991 10.840 
160222174633 0.962 13.686 38.281 10.692 8.257 1.817 10.850 
160222180133 0.878 13.678 38.275 10.695 8.257 2.263 10.855 
160222181633 0.982 13.681 38.274 10.691 8.258 1.673 10.827 
160222183133 0.900 13.670 38.279 10.694 8.258 1.537 10.846 
160222184633 0.849 13.669 38.277 10.705 8.258 1.394 10.853 
160222190133 0.970 13.656 38.275 10.716 8.258 2.324 10.860 
160222191633 0.944 13.657 38.280 10.710 8.258 1.600 10.825 
160222193133 0.892 13.646 38.279 10.722 8.259 1.487 10.843 
160222194633 0.995 13.644 38.271 10.734 8.260 1.647 10.856 
160222200133 0.861 13.641 38.264 10.743 8.260 1.603 10.859 
160222201633 0.929 13.642 38.266 10.746 8.260 1.440 10.829 
160222203133 0.988 13.607 38.258 10.764 8.262 1.491 10.849 
160222204633 0.977 13.584 38.262 10.796 8.262 1.459 10.854 
160222210133 0.907 13.602 38.258 10.802 8.263 1.690 10.861 
160222211633 0.900 13.583 38.268 10.818 8.264 1.769 10.822 
160222213133 0.932 13.586 38.265 10.847 8.265 2.233 10.841 
160222214633 0.914 13.586 38.266 10.868 8.265 1.653 10.851 
160222220133 0.963 13.561 38.264 10.885 8.265 1.487 10.855 
160222221633 0.952 13.569 38.267 10.883 8.266 1.597 10.821 
160222223133 0.913 13.553 38.266 10.878 8.267 1.490 10.840 
160222224633 0.942 13.559 38.266 10.877 8.267 1.477 10.854 
160222230133 0.929 13.546 38.267 10.867 8.267 1.681 10.856 
160222231633 0.999 13.536 38.268 10.867 8.267 1.552 10.828 
160222233133 0.999 13.554 38.264 10.840 8.267 1.673 10.844 
160222234633 0.958 13.550 38.267 10.827 8.266 1.651 10.856 
170222000133 0.959 13.550 38.267 10.797 8.266 1.496 10.857 
170222001633 0.910 13.543 38.267 10.792 8.266 1.638 10.827 
170222003133 0.948 13.550 38.264 10.771 8.267 1.655 10.848 
170222004633 0.883 13.543 38.268 10.756 8.267 1.484 10.853 
170222010133 0.964 13.522 38.261 10.752 8.268 1.578 10.858 
170222011633 0.936 13.526 38.262 10.750 8.267 1.650 10.821 
170222013133 0.904 13.523 38.259 10.754 8.268 1.494 10.840 
170222014633 0.943 13.512 38.261 10.766 8.269 2.068 10.854 
170222020133 0.982 13.503 38.253 10.783 8.271 1.681 10.857 
170222021633 0.976 13.494 38.257 10.811 8.270 1.649 10.824 
170222023133 0.929 13.526 38.263 10.801 8.269 1.616 10.842 
170222024633 0.999 13.540 38.266 10.786 8.269 1.866 10.853 
170222030133 0.977 13.516 38.267 10.785 8.269 1.927 10.859 
170222031633 0.947 13.522 38.263 10.779 8.270 1.666 10.828 
170222033133 0.953 13.499 38.262 10.764 8.270 1.709 10.844 
170222034633 0.936 13.489 38.261 10.764 8.270 1.799 10.853 
170222040133 0.966 13.494 38.271 10.739 8.268 1.547 10.855 
170222041633 0.910 13.488 38.268 10.730 8.268 1.686 10.820 
170222043133 0.902 13.475 38.274 10.722 8.270 1.821 10.843 
170222044633 0.956 13.480 38.261 10.696 8.270 1.671 10.850 
170222050133 0.896 13.480 38.261 10.689 8.270 2.082 10.858 
170222051633 0.932 13.474 38.265 10.679 8.270 1.499 10.827 
170222053133 0.927 13.489 38.266 10.677 8.270 1.652 10.847 
170222054633 0.947 13.491 38.269 10.678 8.270 1.417 10.856 
170222060133 0.914 13.480 38.268 10.671 8.270 1.449 10.856 
170222061633 1.001 13.494 38.267 10.669 8.270 1.399 10.820 
170222063133 0.875 13.483 38.264 10.670 8.272 1.361 10.843 
170222064633 0.957 13.480 38.266 10.677 8.272 1.559 10.850 
170222070133 0.911 13.475 38.268 10.687 8.272 1.757 10.854 
170222071633 0.947 13.480 38.265 10.691 8.271 1.744 10.826 
170222073133 0.878 13.490 38.265 10.687 8.271 1.787 10.842 
170222074633 0.917 13.486 38.265 10.685 8.271 1.478 10.854 
170222080133 0.942 13.496 38.270 10.677 8.271 1.992 10.859 
170222081633 0.931 13.472 38.270 10.662 8.271 1.313 10.823 
170222083133 0.908 13.478 38.266 10.665 8.270 1.137 10.842 
170222084633 0.982 13.491 38.267 10.660 8.269 0.774 10.854 
170222090133 0.897 13.489 38.272 10.665 8.269 0.709 10.859 
170222091633 0.891 13.497 38.273 10.667 8.269 1.024 10.820 
170222093133 0.957 13.493 38.267 10.671 8.268 0.804 10.844 
170222094633 0.952 13.503 38.270 10.680 8.267 0.723 10.852 
170222100133 0.931 13.511 38.268 10.690 8.267 0.619 10.859 
170222101633 0.940 13.527 38.266 10.712 8.265 0.654 10.823 
170222103133 0.929 13.550 38.272 10.706 8.265 0.496 10.846 
170222104633 0.916 13.556 38.269 10.713 8.264 0.638 10.855 
170222110133 0.939 13.574 38.269 10.730 8.262 0.515 10.856 
170222111633 0.919 13.638 38.279 10.716 8.261 0.548 10.827 
170222113133 0.968 13.675 38.274 10.704 8.260 0.493 10.847 
170222114633 0.950 13.737 38.272 10.696 8.260 0.543 10.857 
170222120133 0.908 13.709 38.301 10.710 8.259 0.501 10.857 
170222121633 0.936 13.768 38.257 10.706 8.259 0.407 10.821 
170222123133 0.914 13.770 38.266 10.699 8.258 0.415 10.844 
170222124633 0.976 13.845 38.274 10.687 8.257 0.370 10.853 
170222130133 0.929 13.853 38.272 10.698 8.256 0.352 10.858 
170222131633 0.928 13.851 38.267 10.696 8.256 0.415 10.826 
170222133133 0.987 13.866 38.275 10.691 8.256 0.394 10.849 
170222134633 0.901 13.887 38.283 10.682 8.255 0.359 10.853 
170222140133 0.957 13.851 38.263 10.703 8.255 0.444 10.861 
170222141633 0.931 13.877 38.287 10.681 8.255 0.473 10.819 
170222143133 0.930 13.852 38.274 10.699 8.255 0.457 10.845 
