SAMBAT Sea Ti  C/T/D/Odo/Fluo/pH GPS : 50195 
V:0,Pression (0/50),m
V:1,Température (-5/35),°C
V:2,Salinité (2/42),g/l
V:3,Oxygène (0/20),mgl
V:4,PH (0/14),pH
V:5,Fluorescence (0/50),µgl
V:6,Tension batterie,V
061122163552 0.897 21.500 37.767 8.308 8.327 0.229 10.771 
061122165051 0.902 21.490 37.782 8.315 8.328 0.267 10.827 
061122170551 0.894 21.500 37.758 8.320 8.328 0.288 10.875 
061122172051 0.902 21.499 37.787 8.323 8.327 0.320 10.895 
061122173551 0.879 21.494 37.777 8.328 8.328 0.345 10.903 
061122175051 0.873 21.509 37.794 8.327 8.329 0.349 10.852 
061122180551 0.875 21.499 37.791 8.331 8.327 0.293 10.882 
061122182051 0.899 21.519 37.644 8.326 8.328 0.380 10.899 
061122183551 0.901 21.492 37.804 8.328 8.329 0.283 10.905 
061122185051 0.891 21.466 37.819 8.334 8.329 0.440 10.853 
061122190551 0.907 21.423 37.791 8.344 8.329 0.394 10.883 
061122192051 0.897 21.384 37.805 8.348 8.329 0.374 10.900 
061122193551 0.902 21.406 37.818 8.335 8.327 0.303 10.905 
061122195051 0.918 21.404 37.816 8.333 8.328 0.338 10.852 
061122200551 0.933 21.362 37.806 8.331 8.329 0.272 10.883 
061122202051 0.902 21.380 37.827 8.321 8.329 0.548 10.899 
061122203551 0.944 21.348 37.817 8.323 8.329 0.313 10.905 
061122205051 0.906 21.374 37.819 8.312 8.329 0.404 10.852 
061122210551 0.896 21.353 37.822 8.313 8.328 0.336 10.882 
061122212051 0.921 21.342 37.830 8.307 8.330 0.423 10.899 
061122213551 0.922 21.342 37.795 8.296 8.330 0.332 10.905 
061122215051 0.900 21.354 37.747 8.278 8.330 0.384 10.852 
061122220551 0.891 21.346 37.810 8.279 8.331 0.421 10.882 
061122222051 0.922 21.339 37.811 8.274 8.331 0.354 10.899 
061122223551 0.919 21.338 37.806 8.267 8.330 0.337 10.905 
061122225051 0.924 21.330 37.828 8.268 8.329 0.353 10.851 
061122230551 0.937 21.339 37.814 8.260 8.330 0.374 10.883 
061122232051 0.888 21.336 37.795 8.256 8.331 0.388 10.899 
061122233551 0.931 21.343 37.826 8.247 8.332 0.309 10.905 
061122235051 0.919 21.336 37.826 8.251 8.333 0.348 10.852 
071122000551 0.898 21.333 37.824 8.249 8.333 0.382 10.883 
071122002051 0.902 21.335 37.832 8.246 8.332 0.419 10.899 
071122003551 0.929 21.325 37.833 8.247 8.333 0.404 10.905 
071122005051 0.929 21.330 37.839 8.244 8.333 0.421 10.852 
071122010551 0.950 21.324 37.831 8.245 8.334 0.413 10.882 
071122012051 0.917 21.332 37.808 8.239 8.334 0.307 10.899 
071122013551 0.938 21.324 37.789 8.240 8.334 0.373 10.905 
071122015051 0.921 21.320 37.795 8.233 8.335 0.337 10.852 
071122020551 0.931 21.304 37.783 8.238 8.334 0.469 10.882 
071122022051 0.932 21.309 37.813 8.230 8.335 0.367 10.899 
071122023551 0.917 21.297 37.792 8.230 8.333 0.300 10.905 
071122025051 0.936 21.316 37.799 8.236 8.335 0.410 10.851 
071122030551 0.878 21.289 37.772 8.243 8.335 0.328 10.882 
071122032051 0.852 21.292 37.782 8.248 8.336 0.379 10.899 
071122033551 0.914 21.271 38.144 8.256 8.336 0.385 10.905 
071122035051 0.907 21.289 37.769 8.260 8.336 0.352 10.851 
071122040551 0.955 21.280 37.746 8.269 8.336 0.312 10.875 
071122042051 0.940 21.296 37.798 8.279 8.336 0.306 10.896 
071122043551 0.888 21.311 37.805 8.284 8.338 0.310 10.903 
071122045051 0.922 21.309 38.108 8.290 8.337 0.281 10.851 
071122050551 0.937 21.310 37.763 8.296 8.337 0.341 10.875 
071122052051 0.880 21.329 37.772 8.292 8.337 0.284 10.896 
071122053551 0.917 21.326 37.777 8.296 8.337 0.259 10.903 
071122055051 0.915 21.336 37.795 8.292 8.337 0.337 10.851 
071122060551 0.918 21.339 37.770 8.291 8.337 0.343 10.882 
071122062051 0.887 21.343 37.789 8.286 8.337 0.292 10.899 
071122063551 0.906 21.343 37.794 8.279 8.337 0.282 10.905 
071122065051 0.947 21.339 37.796 8.277 8.338 0.242 10.851 
071122070551 0.872 21.319 37.763 8.280 8.337 0.359 10.883 
071122072051 0.900 21.346 37.761 8.276 8.338 0.254 10.899 
071122073551 0.881 21.337 37.746 8.283 8.337 0.369 10.905 
071122075051 0.892 21.316 37.771 8.286 8.337 0.411 10.851 
071122080551 0.906 21.327 37.762 8.289 8.337 0.293 10.882 
071122082051 0.980 21.325 37.774 8.288 8.338 0.366 10.898 
071122083551 0.891 21.336 37.798 8.286 8.337 0.248 10.905 
071122085051 0.835 21.347 37.793 8.289 8.337 0.264 10.852 
071122090551 0.834 21.342 37.760 8.295 8.335 0.280 10.883 
071122092051 0.929 21.344 37.803 8.294 8.335 0.247 10.899 
071122093551 0.881 21.342 37.776 8.297 8.335 0.229 10.905 
071122095051 0.936 21.339 37.798 8.294 8.335 0.281 10.852 
071122100551 1.020 21.338 37.774 8.290 8.335 0.248 10.882 
071122102051 0.961 21.332 37.770 8.291 8.334 0.270 10.899 
071122103551 0.864 21.333 37.771 8.283 8.333 0.176 10.905 
071122105051 0.955 21.338 37.786 8.282 8.333 0.180 10.851 
071122110551 0.948 21.344 37.795 8.280 8.331 0.147 10.882 
071122112051 0.915 21.348 37.791 8.274 8.332 0.181 10.899 
071122113551 0.962 21.349 37.788 8.271 8.330 0.141 10.905 
071122115051 0.958 21.351 37.796 8.267 8.330 0.119 10.851 
071122120551 0.883 21.359 37.801 8.262 8.330 0.117 10.876 
071122122051 0.972 21.384 37.801 8.257 8.329 0.146 10.896 
071122123551 0.933 21.382 37.817 8.258 8.328 0.120 10.904 
071122125051 0.921 21.396 37.806 8.257 8.327 0.101 10.851 
071122130551 0.931 21.404 37.812 8.258 8.327 0.123 10.883 
071122132051 0.948 21.413 37.763 8.258 8.326 0.120 10.899 
071122133551 0.946 21.463 37.791 8.246 8.325 0.067 10.905 
071122135051 0.932 21.450 37.786 8.254 8.325 0.131 10.852 
071122140551 0.915 21.495 37.787 8.247 8.324 0.090 10.883 
071122142051 0.923 21.505 37.745 8.249 8.324 0.104 10.899 
071122143551 0.901 21.468 37.797 8.257 8.324 0.103 10.905 
071122145051 0.910 21.489 37.779 8.258 8.324 0.106 10.852 
071122150551 0.926 21.479 37.791 8.266 8.326 0.090 10.882 
071122152051 0.892 21.487 37.780 8.269 8.325 0.108 10.899 
071122153551 0.941 21.500 37.763 8.270 8.325 0.118 10.905 
071122155051 0.916 21.487 37.762 8.270 8.326 0.155 10.852 
071122160551 0.964 21.498 37.783 8.271 8.324 0.150 10.880 
071122162051 0.883 21.510 37.768 8.269 8.325 0.328 10.899 
071122163551 0.850 21.489 37.767 8.278 8.325 0.220 10.905 
