SAMBAT Sea Ti  C/T/D/Odo/Fluo/pH GPS : 50195 
V:0,Pression (0/50),m
V:1,Température (-5/35),°C
V:2,Salinité (2/42),g/l
V:3,Oxygène (0/20),mgl
V:4,PH (0/14),pH
V:5,Fluorescence (0/50),µgl
V:6,Tension batterie,V
300822135238 0.865 27.111 38.353 7.634 8.270 0.045 10.734 
300822140737 0.871 27.239 38.342 7.607 8.269 0.063 10.924 
300822142237 0.853 27.337 38.351 7.586 8.268 0.082 10.945 
300822143737 0.857 27.441 38.359 7.564 8.267 0.083 10.951 
300822145237 0.829 27.359 38.340 7.583 8.267 0.102 10.900 
300822150737 0.890 27.518 38.345 7.547 8.266 0.025 10.944 
300822152237 0.889 27.589 38.345 7.524 8.265 0.061 10.952 
300822153737 0.830 27.421 38.418 7.545 8.266 0.060 10.954 
300822155237 0.857 27.606 38.371 7.507 8.265 0.090 10.801 
300822160737 0.875 27.618 38.377 7.502 8.265 0.073 10.938 
300822162237 0.842 27.543 38.378 7.503 8.266 0.082 10.951 
300822163737 0.852 27.636 38.356 7.502 8.265 0.090 10.954 
300822165237 0.839 27.594 38.348 7.506 8.267 0.177 10.903 
300822170737 0.899 27.447 38.351 7.538 8.268 0.106 10.946 
300822172237 0.865 27.342 38.347 7.559 8.268 0.098 10.953 
300822173737 0.826 27.323 38.352 7.564 8.268 0.119 10.954 
300822175237 0.795 27.300 38.352 7.571 8.268 0.137 10.901 
300822180737 0.830 27.288 38.354 7.575 8.269 0.127 10.945 
300822182237 0.842 27.272 38.341 7.583 8.269 0.135 10.952 
300822183737 0.846 27.252 38.347 7.593 8.270 0.108 10.954 
300822185237 0.852 27.212 38.340 7.605 8.270 0.109 10.806 
300822190737 0.821 27.213 38.336 7.611 8.271 0.107 10.938 
300822192237 0.853 27.171 38.338 7.618 8.272 0.129 10.950 
300822193737 0.840 27.134 38.345 7.628 8.273 0.146 10.953 
300822195237 0.808 27.145 38.345 7.644 8.273 0.140 10.897 
300822200737 0.843 27.124 38.350 7.649 8.274 0.163 10.944 
300822202237 0.867 27.074 38.349 7.656 8.275 0.163 10.951 
300822203737 0.853 27.035 38.346 7.666 8.275 0.159 10.953 
300822205237 0.812 27.007 38.332 7.671 8.276 0.132 10.899 
300822210737 0.840 26.982 38.349 7.674 8.277 0.120 10.943 
300822212237 0.858 26.969 38.341 7.679 8.277 0.109 10.951 
300822213737 0.850 26.961 38.340 7.675 8.278 0.117 10.953 
300822215237 0.832 26.930 38.344 7.676 8.279 0.116 10.899 
300822220737 0.841 26.948 38.339 7.670 8.279 0.124 10.943 
300822222237 0.838 26.932 38.335 7.667 8.280 0.127 10.951 
300822223737 0.822 26.913 38.334 7.666 8.281 0.138 10.952 
300822225237 0.867 26.914 38.332 7.665 8.281 0.144 10.807 
300822230737 0.861 26.893 38.326 7.666 8.282 0.158 10.936 
300822232237 0.848 26.890 38.318 7.668 8.281 0.170 10.949 
300822233737 0.840 26.893 38.313 7.666 8.282 0.115 10.951 
300822235237 0.842 26.887 38.326 7.667 8.283 0.214 10.894 
310822000737 0.834 26.887 38.328 7.670 8.283 0.138 10.942 
310822002237 0.824 26.856 38.324 7.681 8.284 0.124 10.950 
310822003737 0.808 26.861 38.320 7.678 8.284 0.178 10.951 
310822005237 0.870 26.860 38.322 7.689 8.285 0.185 10.796 
310822010737 0.851 26.852 38.322 7.691 8.286 0.177 10.934 
310822012237 0.868 26.858 38.330 7.688 8.285 0.194 10.948 
310822013737 0.823 26.845 38.330 7.689 8.286 0.178 10.951 
310822015237 0.861 26.860 38.328 7.687 8.286 0.121 10.899 
310822020737 0.831 26.856 38.328 7.686 8.286 0.138 10.942 
310822022237 0.854 26.847 38.329 7.689 8.287 0.119 10.949 
310822023737 0.831 26.828 38.324 7.690 8.287 0.115 10.951 
310822025237 0.853 26.815 38.324 7.692 8.287 0.137 10.897 
310822030737 0.855 26.836 38.319 7.684 8.287 0.148 10.942 
310822032237 0.840 26.813 38.327 7.679 8.288 0.149 10.950 
310822033737 0.829 26.797 38.321 7.683 8.289 0.210 10.951 
310822035237 0.818 26.783 38.323 7.683 8.289 0.165 10.897 
310822040737 0.837 26.796 38.325 7.682 8.289 0.205 10.942 
310822042237 0.843 26.785 38.329 7.677 8.289 0.147 10.949 
310822043737 0.839 26.788 38.326 7.676 8.289 0.177 10.951 
310822045237 0.810 26.762 38.326 7.677 8.289 0.192 10.792 
310822050737 0.838 26.753 38.329 7.677 8.289 0.198 10.934 
310822052237 0.855 26.737 38.327 7.681 8.290 0.194 10.947 
310822053737 0.834 26.735 38.332 7.682 8.290 0.158 10.951 
310822055237 0.838 26.738 38.326 7.682 8.290 0.139 10.897 
310822060737 0.846 26.730 38.321 7.682 8.289 0.158 10.941 
310822062237 0.822 26.710 38.331 7.684 8.290 0.186 10.949 
310822063737 0.850 26.722 38.331 7.680 8.290 0.229 10.951 
310822065237 0.813 26.745 38.333 7.679 8.289 0.225 10.894 
310822070737 0.818 26.756 38.335 7.678 8.289 0.163 10.941 
310822072237 0.795 26.754 38.332 7.681 8.290 0.185 10.949 
310822073737 0.864 26.742 38.339 7.681 8.290 0.207 10.951 
310822075237 0.808 26.729 38.337 7.683 8.290 0.188 10.797 
310822080737 0.859 26.729 38.334 7.681 8.290 0.132 10.934 
310822082237 0.788 26.743 38.345 7.676 8.290 0.167 10.946 
310822083737 0.849 26.742 38.344 7.678 8.289 0.146 10.950 
310822085237 0.820 26.757 38.352 7.673 8.287 0.120 10.896 
310822090737 0.805 26.791 38.366 7.666 8.287 0.129 10.941 
310822092237 0.803 26.839 38.382 7.659 8.286 0.086 10.949 
310822093737 0.846 26.917 38.409 7.641 8.286 0.066 10.951 
310822095237 0.858 26.998 38.419 7.621 8.286 0.103 10.898 
310822100737 0.868 27.028 38.419 7.612 8.286 0.048 10.942 
310822102237 0.833 27.059 38.414 7.605 8.284 0.055 10.950 
310822103737 0.851 27.095 38.422 7.596 8.283 0.092 10.952 
310822105237 0.837 27.064 38.414 7.601 8.282 0.069 10.803 
310822110737 0.747 27.093 38.447 7.596 8.281 0.057 10.936 
310822112237 0.829 27.143 38.407 7.580 8.279 0.053 10.949 
310822113737 0.859 27.169 38.407 7.571 8.278 0.046 10.952 
310822115237 0.814 27.238 38.402 7.562 8.277 0.062 10.901 
310822120737 0.790 27.264 38.417 7.551 8.277 0.058 10.943 
310822122237 0.781 27.316 38.418 7.546 8.277 0.088 10.951 
310822123737 0.859 27.282 38.420 7.556 8.276 0.081 10.953 
310822125237 0.833 27.301 38.424 7.555 8.275 0.063 10.898 
310822130737 0.821 27.291 38.408 7.558 8.276 0.089 10.944 
310822132237 0.815 27.277 38.427 7.562 8.275 0.067 10.951 
310822133737 0.835 27.277 38.436 7.557 8.274 0.078 10.953 
310822135237 0.863 27.267 38.426 7.571 8.273 0.092 10.805 
