SAMBAT Sea Ti  C/T/D/Odo/Fluo/pH GPS : 50195 
V:0,Pression (0/50),m
V:1,Température (-5/35),°C
V:2,Salinité (2/42),g/l
V:3,Oxygène (0/20),mgl
V:4,PH (0/14),pH
V:5,Fluorescence (0/50),µgl
V:6,Tension batterie,V
310822135504 0.799 27.267 38.425 7.577 8.273 0.092 10.734 
310822141003 0.835 27.239 38.425 7.583 8.274 0.135 10.920 
310822142503 0.858 27.198 38.419 7.590 8.274 0.086 10.943 
310822144003 0.820 27.161 38.409 7.596 8.273 0.092 10.949 
310822145503 0.802 27.135 38.389 7.602 8.273 0.123 10.915 
310822151003 0.742 27.114 38.383 7.608 8.273 0.174 10.945 
310822152503 0.847 27.108 38.380 7.611 8.273 0.143 10.950 
310822154003 0.763 27.108 38.386 7.614 8.273 0.119 10.952 
310822155503 0.892 27.104 38.391 7.619 8.272 0.130 10.913 
310822161003 0.781 27.098 38.395 7.619 8.272 0.143 10.944 
310822162503 0.840 27.096 38.393 7.620 8.272 0.124 10.951 
310822164003 0.904 27.083 38.389 7.623 8.273 0.147 10.952 
310822165503 0.733 27.070 38.394 7.630 8.272 0.160 10.893 
310822171003 0.759 27.087 38.388 7.629 8.272 0.188 10.940 
310822172503 0.798 27.070 38.385 7.636 8.272 0.136 10.949 
310822174003 0.794 27.057 38.402 7.640 8.273 0.208 10.952 
310822175503 0.796 27.048 38.394 7.644 8.274 0.193 10.914 
310822181003 0.813 27.045 38.393 7.644 8.274 0.181 10.944 
310822182503 0.821 27.062 38.394 7.639 8.274 0.166 10.950 
310822184003 0.790 27.066 38.387 7.639 8.274 0.163 10.952 
310822185503 0.850 27.064 38.388 7.641 8.275 0.179 10.914 
310822191003 0.761 27.059 38.388 7.644 8.276 0.166 10.944 
310822192503 0.758 27.057 38.386 7.647 8.277 0.212 10.951 
310822194003 0.769 27.053 38.380 7.649 8.277 0.168 10.952 
310822195503 0.804 27.053 38.383 7.649 8.278 0.193 10.894 
310822201003 0.794 27.053 38.378 7.647 8.278 0.191 10.941 
310822202503 0.732 27.043 38.376 7.650 8.279 0.197 10.949 
310822204003 0.782 27.048 38.372 7.652 8.279 0.210 10.952 
310822205503 0.802 27.030 38.378 7.653 8.280 0.195 10.912 
310822211003 0.722 27.035 38.351 7.652 8.281 0.246 10.944 
310822212503 0.774 27.033 38.381 7.651 8.282 0.210 10.950 
310822214003 0.780 27.032 38.384 7.650 8.283 0.188 10.952 
310822215503 0.758 27.012 38.387 7.654 8.284 0.213 10.912 
310822221003 0.777 27.012 38.399 7.651 8.284 0.155 10.944 
310822222503 0.835 27.019 38.399 7.648 8.285 0.201 10.950 
310822224003 0.875 27.012 38.404 7.652 8.286 0.185 10.952 
310822225503 0.862 27.011 38.402 7.650 8.286 0.206 10.893 
310822231003 0.764 27.022 38.400 7.646 8.286 0.209 10.940 
310822232503 0.776 27.019 38.402 7.645 8.287 0.180 10.949 
310822234003 0.754 26.998 38.411 7.648 8.287 0.177 10.951 
310822235503 0.738 26.990 38.407 7.646 8.288 0.263 10.914 
010922001003 0.801 26.988 38.408 7.647 8.288 0.192 10.944 
010922002503 0.810 26.996 38.455 7.642 8.289 0.158 10.950 
010922004003 0.796 27.009 38.426 7.641 8.289 0.177 10.952 
010922005503 0.736 26.990 38.427 7.641 8.289 0.158 10.892 
010922011003 0.794 26.982 38.449 7.638 8.290 0.183 10.940 
010922012503 0.769 26.964 38.420 7.643 8.290 0.228 10.949 
010922014003 0.740 26.962 38.414 7.644 8.290 0.153 10.951 
010922015503 0.735 26.948 38.425 7.649 8.290 0.173 10.907 
010922021003 0.829 26.937 38.436 7.651 8.291 0.157 10.943 
010922022503 0.820 26.922 38.401 7.659 8.291 0.178 10.950 
010922024003 0.793 26.913 38.438 7.658 8.291 0.176 10.951 
010922025503 0.756 26.921 38.426 7.656 8.291 0.186 10.912 
010922031003 0.885 26.903 38.426 7.657 8.291 0.143 10.944 
010922032503 0.809 26.900 38.426 7.659 8.292 0.219 10.950 
010922034003 0.769 26.909 38.401 7.656 8.292 0.170 10.951 
010922035503 0.830 26.914 38.393 7.655 8.292 0.137 10.892 
010922041003 0.820 26.909 38.370 7.658 8.292 0.149 10.940 
010922042503 0.812 26.908 38.418 7.656 8.293 0.178 10.949 
010922044003 0.880 26.890 38.402 7.657 8.293 0.229 10.951 
010922045503 0.824 26.905 38.401 7.651 8.293 0.142 10.910 
010922051003 0.809 26.889 38.398 7.651 8.293 0.137 10.943 
010922052503 0.789 26.874 38.403 7.650 8.293 0.169 10.950 
010922054003 0.790 26.895 38.400 7.649 8.293 0.182 10.951 
010922055503 0.799 26.858 38.403 7.659 8.293 0.171 10.892 
010922061003 0.785 26.900 38.405 7.650 8.293 0.187 10.940 
010922062503 0.812 26.881 38.411 7.650 8.293 0.161 10.949 
010922064003 0.833 26.889 38.397 7.646 8.293 0.188 10.951 
010922065503 0.764 26.887 38.410 7.647 8.293 0.163 10.892 
010922071003 0.806 26.901 38.409 7.644 8.293 0.219 10.940 
010922072503 0.720 26.903 38.410 7.642 8.292 0.185 10.949 
010922074003 0.794 26.911 38.413 7.642 8.292 0.149 10.951 
010922075503 0.820 26.921 38.413 7.644 8.292 0.166 10.912 
010922081003 0.840 26.925 38.410 7.640 8.291 0.127 10.943 
010922082503 0.794 26.930 38.409 7.637 8.290 0.174 10.950 
010922084003 0.788 26.925 38.409 7.642 8.289 0.098 10.951 
010922085503 0.779 26.932 38.411 7.640 8.289 0.147 10.912 
010922091003 0.786 26.941 38.416 7.638 8.288 0.084 10.943 
010922092503 0.755 26.946 38.439 7.638 8.288 0.118 10.950 
010922094003 0.764 26.951 38.449 7.640 8.286 0.074 10.951 
010922095503 0.795 26.978 38.455 7.634 8.286 0.073 10.892 
010922101003 0.773 27.001 38.478 7.633 8.284 0.043 10.940 
010922102503 0.808 27.017 38.501 7.630 8.284 0.068 10.949 
010922104003 0.801 27.027 38.509 7.629 8.283 0.060 10.951 
010922105503 0.789 27.040 38.492 7.632 8.282 0.059 10.914 
010922111003 0.767 27.064 38.484 7.625 8.281 0.067 10.944 
010922112503 0.784 27.091 38.441 7.627 8.280 0.071 10.950 
010922114003 0.841 27.238 38.472 7.595 8.279 0.069 10.952 
010922115503 0.782 27.195 38.455 7.600 8.278 0.073 10.913 
010922121003 0.838 27.176 38.444 7.604 8.277 0.023 10.944 
010922122503 0.812 27.142 38.460 7.610 8.278 0.060 10.951 
010922124003 0.808 27.190 38.428 7.599 8.275 0.065 10.953 
010922125503 0.810 27.272 38.420 7.590 8.272 0.095 10.894 
010922131003 0.800 27.303 38.407 7.582 8.270 0.046 10.941 
010922132503 0.790 27.465 38.403 7.546 8.268 0.057 10.950 
010922134003 0.791 27.308 38.381 7.564 8.268 0.082 10.953 
010922135503 0.750 27.518 38.415 7.521 8.269 0.055 10.916 
