SAMBAT Sea Ti  C/T/D/Odo/Fluo/pH GPS : 50195 
V:0,Pression (0/50),m
V:1,Température (-5/35),°C
V:2,Salinité (2/42),g/l
V:3,Oxygène (0/20),mgl
V:4,PH (0/14),pH
V:5,Fluorescence (0/50),µgl
V:6,Tension batterie,V
101122164526 0.951 21.434 37.608 8.308 8.322 0.225 10.767 
101122170025 0.985 21.321 37.541 8.333 8.323 0.205 10.847 
101122171525 0.966 21.317 37.593 8.335 8.323 0.225 10.884 
101122173025 0.967 21.304 37.583 8.339 8.325 0.215 10.897 
101122174525 1.011 21.354 37.589 8.326 8.325 0.259 10.903 
101122180025 0.954 21.397 37.585 8.316 8.322 0.228 10.850 
101122181525 1.029 21.395 37.594 8.319 8.321 0.179 10.888 
101122183025 0.986 21.385 37.584 8.316 8.320 0.186 10.900 
101122184525 0.966 21.349 37.583 8.323 8.323 0.218 10.904 
101122190025 1.022 21.299 37.593 8.329 8.322 0.176 10.868 
101122191525 1.030 21.254 37.572 8.332 8.324 0.230 10.894 
101122193025 1.022 21.197 37.573 8.346 8.325 0.197 10.902 
101122194525 1.002 21.175 37.576 8.343 8.325 0.192 10.905 
101122200025 0.917 21.172 37.586 8.336 8.325 0.240 10.868 
101122201525 1.035 21.156 37.587 8.330 8.325 0.221 10.893 
101122203025 0.973 21.153 37.572 8.323 8.326 0.222 10.902 
101122204525 0.949 21.142 37.574 8.313 8.323 0.220 10.905 
101122210025 0.968 21.145 37.585 8.306 8.327 0.220 10.850 
101122211525 1.003 21.135 37.580 8.303 8.327 0.207 10.888 
101122213025 0.982 21.139 37.581 8.294 8.327 0.236 10.899 
101122214525 1.005 21.146 37.565 8.294 8.327 0.251 10.904 
101122220025 1.016 21.144 37.549 8.296 8.327 0.206 10.867 
101122221525 1.021 21.135 37.537 8.299 8.328 0.232 10.893 
101122223025 1.032 21.146 37.551 8.300 8.328 0.215 10.901 
101122224525 1.053 21.192 37.568 8.294 8.327 0.214 10.905 
101122230025 1.040 21.184 37.569 8.301 8.327 0.183 10.867 
101122231525 1.009 21.185 37.559 8.308 8.327 0.241 10.893 
101122233025 0.997 21.185 37.551 8.315 8.330 0.203 10.901 
101122234525 1.034 21.168 37.559 8.321 8.328 0.220 10.905 
111122000025 0.983 21.157 37.566 8.320 8.330 0.250 10.865 
111122001525 1.059 21.156 37.565 8.318 8.330 0.271 10.892 
111122003025 1.003 21.159 37.567 8.312 8.328 0.244 10.901 
111122004525 1.025 21.153 37.570 8.306 8.326 0.286 10.905 
111122010025 1.035 21.146 37.541 8.305 8.330 0.224 10.850 
111122011525 1.034 21.140 37.567 8.299 8.330 0.197 10.888 
111122013025 1.020 21.123 37.573 8.296 8.332 0.287 10.899 
111122014525 1.048 21.150 37.561 8.286 8.331 0.222 10.904 
111122020025 1.035 21.144 37.549 8.286 8.331 0.229 10.867 
111122021525 1.042 21.151 37.568 8.272 8.330 0.249 10.892 
111122023025 1.060 21.132 37.549 8.282 8.331 0.317 10.901 
111122024525 0.964 21.147 37.559 8.279 8.331 0.328 10.905 
111122030025 1.008 21.155 37.559 8.277 8.330 0.208 10.866 
111122031525 1.040 21.148 37.563 8.277 8.330 0.302 10.892 
111122033025 1.021 21.140 37.555 8.284 8.332 0.268 10.901 
111122034525 1.001 21.138 37.557 8.282 8.331 0.240 10.905 
111122040025 1.001 21.151 37.554 8.275 8.332 0.249 10.865 
111122041525 1.071 21.151 37.547 8.272 8.331 0.303 10.892 
111122043025 1.030 21.156 37.550 8.269 8.332 0.313 10.901 
111122044525 1.021 21.145 37.556 8.278 8.327 0.292 10.904 
111122050025 0.998 21.152 37.554 8.271 8.333 0.301 10.849 
111122051525 1.003 21.150 37.546 8.265 8.331 0.241 10.887 
111122053025 0.996 21.157 37.535 8.261 8.332 0.259 10.899 
111122054525 1.018 21.156 37.542 8.258 8.332 0.300 10.903 
111122060025 1.078 21.146 37.536 8.268 8.333 0.211 10.867 
111122061525 1.029 21.158 37.544 8.269 8.334 0.229 10.893 
111122063025 1.059 21.139 37.562 8.277 8.334 0.228 10.901 
111122064525 1.026 21.158 37.537 8.285 8.334 0.458 10.905 
111122070025 0.988 21.164 37.535 8.288 8.334 0.288 10.868 
111122071525 1.066 21.174 37.545 8.290 8.332 0.250 10.893 
111122073025 1.043 21.155 37.542 8.294 8.332 0.268 10.901 
111122074525 1.062 21.165 37.513 8.297 8.334 0.253 10.905 
111122080025 1.003 21.176 37.541 8.296 8.334 0.279 10.866 
111122081525 1.051 21.153 37.529 8.311 8.334 0.314 10.892 
111122083025 0.996 21.161 37.531 8.306 8.333 0.243 10.901 
111122084525 0.991 21.180 37.515 8.304 8.336 0.217 10.905 
111122090025 1.011 21.174 37.524 8.303 8.335 0.239 10.850 
111122091525 1.053 21.176 37.533 8.301 8.335 0.296 10.887 
111122093025 1.058 21.164 37.529 8.308 8.334 0.198 10.899 
111122094525 1.050 21.170 37.525 8.311 8.334 0.172 10.904 
111122100025 1.030 21.180 37.518 8.314 8.332 0.181 10.867 
111122101525 1.087 21.176 37.522 8.319 8.332 0.123 10.893 
111122103025 1.059 21.179 37.515 8.321 8.332 0.148 10.901 
111122104525 1.050 21.185 37.516 8.324 8.331 0.103 10.905 
111122110025 1.025 21.191 37.490 8.329 8.330 0.098 10.864 
111122111525 1.076 21.198 37.527 8.325 8.329 0.121 10.892 
111122113025 1.043 21.210 37.529 8.328 8.330 0.102 10.901 
111122114525 1.063 21.227 37.519 8.326 8.328 0.073 10.905 
111122120025 1.015 21.236 37.522 8.319 8.327 0.099 10.850 
111122121525 1.007 21.238 37.516 8.316 8.327 0.084 10.888 
111122123025 1.066 21.253 37.520 8.312 8.325 0.100 10.899 
111122124525 1.014 21.276 37.520 8.307 8.325 0.067 10.904 
111122130025 1.022 21.281 37.514 8.310 8.325 0.044 10.866 
111122131525 1.036 21.303 37.519 8.310 8.323 0.084 10.893 
111122133025 1.042 21.316 37.505 8.311 8.325 0.036 10.902 
111122134525 1.027 21.349 37.525 8.309 8.324 0.077 10.905 
111122140025 1.044 21.341 37.522 8.309 8.322 0.039 10.855 
111122141525 1.059 21.353 37.525 8.305 8.320 0.103 10.890 
111122143025 1.004 21.359 37.518 8.311 8.322 0.088 10.901 
111122144525 1.065 21.330 37.511 8.329 8.323 0.081 10.905 
111122150025 1.011 21.320 37.480 8.332 8.324 0.081 10.867 
111122151525 1.039 21.299 37.502 8.338 8.325 0.080 10.894 
111122153025 1.026 21.317 37.514 8.336 8.322 0.124 10.902 
111122154525 1.018 21.319 37.511 8.334 8.322 0.133 10.905 
111122160025 1.025 21.308 37.505 8.332 8.322 0.131 10.866 
111122161525 1.046 21.305 37.521 8.327 8.322 0.159 10.893 
111122163025 1.025 21.308 37.517 8.326 8.324 0.166 10.902 
111122164525 1.039 21.309 37.512 8.323 8.321 0.193 10.906 
