SAMBAT Sea Ti  C/T/D/Odo/Fluo/pH GPS : 50195 
V:0,Pression (0/50),m
V:1,Température (-5/35),°C
V:2,Salinité (2/42),g/l
V:3,Oxygène (0/20),mgl
V:4,PH (0/14),pH
V:5,Fluorescence (0/50),µgl
V:6,Tension batterie,V
301122173516 0.930 18.206 36.072 8.438 8.339 0.533 10.745 
301122175015 0.940 18.207 36.069 8.441 8.339 0.315 10.836 
301122180515 0.894 18.177 36.072 8.449 8.339 0.372 10.842 
301122182015 0.947 18.176 36.098 8.455 8.340 0.304 10.864 
301122183515 0.921 18.176 36.078 8.459 8.339 0.390 10.872 
301122185015 0.884 18.170 36.085 8.463 8.339 0.359 10.876 
301122190515 0.832 18.161 36.052 8.466 8.339 0.358 10.837 
301122192015 0.882 18.126 36.093 8.475 8.338 0.469 10.863 
301122193515 0.897 18.107 36.091 8.478 8.338 0.384 10.872 
301122195015 0.875 18.090 36.092 8.478 8.339 0.435 10.877 
301122200515 0.892 18.077 36.101 8.479 8.339 0.376 10.850 
301122202015 0.876 18.054 36.102 8.477 8.339 0.349 10.868 
301122203515 0.896 18.029 36.108 8.475 8.339 0.429 10.875 
301122205015 0.886 18.017 36.043 8.463 8.339 0.301 10.877 
301122210515 0.930 18.002 36.071 8.469 8.339 0.388 10.849 
301122212015 0.841 17.992 36.062 8.466 8.339 0.421 10.867 
301122213515 0.901 17.968 36.092 8.464 8.339 0.291 10.875 
301122215015 0.928 17.949 36.081 8.464 8.340 0.425 10.877 
301122220515 0.909 17.956 36.057 8.457 8.339 0.445 10.849 
301122222015 0.883 17.954 36.068 8.452 8.339 0.415 10.867 
301122223515 0.888 17.926 36.038 8.450 8.339 0.368 10.874 
301122225015 0.879 17.936 36.027 8.446 8.339 0.336 10.877 
301122230515 0.963 17.936 36.024 8.447 8.339 0.417 10.836 
301122232015 0.928 17.937 36.008 8.445 8.339 0.405 10.862 
301122233515 0.896 17.936 35.986 8.443 8.340 0.318 10.872 
301122235015 0.886 17.934 36.179 8.441 8.341 0.434 10.876 
011222000515 0.902 17.925 36.032 8.442 8.341 0.384 10.848 
011222002015 0.910 17.932 36.051 8.440 8.342 0.331 10.866 
011222003515 0.897 17.910 36.046 8.446 8.342 0.371 10.874 
011222005015 0.916 17.910 36.046 8.444 8.343 0.355 10.877 
011222010515 0.893 17.905 36.040 8.452 8.342 0.432 10.836 
011222012015 0.929 17.877 36.024 8.458 8.343 0.317 10.862 
011222013515 0.876 17.897 36.039 8.450 8.342 0.468 10.871 
011222015015 0.930 17.886 36.033 8.454 8.343 0.431 10.875 
011222020515 0.896 17.873 36.038 8.454 8.343 0.395 10.851 
011222022015 0.915 17.862 36.025 8.460 8.343 0.410 10.867 
011222023515 0.883 17.852 36.038 8.456 8.342 0.361 10.874 
011222025015 0.955 17.841 36.029 8.460 8.343 0.000 10.742 
011222030515 0.901 17.847 36.044 8.456 8.343 0.407 10.839 
011222032015 0.833 17.831 36.014 8.455 8.343 0.393 10.862 
011222033515 0.916 17.816 36.011 8.453 8.344 0.450 10.871 
011222035015 0.948 17.815 36.008 8.451 8.344 0.397 10.875 
011222040515 0.907 17.803 36.000 8.454 8.344 0.399 10.847 
011222042015 0.908 17.795 36.012 8.459 8.343 0.419 10.865 
011222043515 0.910 17.775 36.040 8.462 8.343 0.369 10.873 
011222045015 0.914 17.778 36.040 8.454 8.342 0.390 10.876 
011222050515 0.928 17.762 36.024 8.457 8.343 0.372 10.835 
011222052015 0.909 17.733 36.668 8.458 8.344 0.328 10.861 
011222053515 0.915 17.747 36.042 8.462 8.343 0.438 10.870 
011222055015 0.917 17.735 36.031 8.460 8.342 0.440 10.874 
011222060515 0.848 17.722 36.068 8.467 8.343 0.367 10.847 
011222062015 0.870 17.706 36.031 8.468 8.342 0.400 10.865 
011222063515 0.931 17.703 36.029 8.465 8.342 0.417 10.872 
011222065015 0.873 17.662 36.036 8.473 8.343 0.466 10.875 
011222070515 0.979 17.634 36.031 8.478 8.342 0.436 10.847 
011222072015 0.875 17.625 36.031 8.477 8.342 0.459 10.865 
011222073515 0.929 17.614 36.033 8.473 8.343 0.389 10.872 
011222075015 0.946 17.626 36.019 8.469 8.342 0.399 10.875 
011222080515 0.917 17.610 36.029 8.473 8.342 0.398 10.845 
011222082015 0.873 17.577 36.015 8.487 8.343 0.428 10.864 
011222083515 0.916 17.581 36.028 8.486 8.342 0.464 10.871 
011222085015 0.927 17.564 36.011 8.489 8.341 0.490 10.874 
011222090515 0.911 17.572 36.016 8.485 8.342 0.454 10.833 
011222092015 0.931 17.575 36.017 8.485 8.343 0.495 10.859 
011222093515 0.927 17.568 36.011 8.482 8.343 0.413 10.868 
011222095015 0.910 17.547 36.034 8.486 8.342 0.488 10.873 
011222100515 0.954 17.531 36.013 8.493 8.341 0.385 10.844 
011222102015 0.885 17.495 36.019 8.507 8.341 0.357 10.863 
011222103515 0.964 17.483 36.009 8.501 8.342 0.357 10.870 
011222105015 0.930 17.483 36.011 8.500 8.341 0.338 10.873 
011222110515 0.922 17.461 35.993 8.506 8.342 0.281 10.845 
011222112015 0.864 17.444 36.009 8.503 8.342 0.317 10.863 
011222113515 0.978 17.437 36.008 8.499 8.341 0.353 10.870 
011222115015 0.930 17.451 35.994 8.493 8.342 0.395 10.873 
011222120515 0.935 17.447 36.001 8.491 8.342 0.271 10.832 
011222122015 0.923 17.443 35.997 8.490 8.341 0.388 10.858 
011222123515 0.916 17.445 36.000 8.479 8.339 0.277 10.867 
011222125015 0.909 17.440 35.998 8.478 8.340 0.294 10.872 
011222130515 0.956 17.441 35.998 8.478 8.339 0.288 10.844 
011222132015 0.934 17.443 36.008 8.475 8.339 0.472 10.862 
011222133515 0.917 17.448 36.018 8.472 8.339 0.295 10.870 
011222135015 0.964 17.447 36.025 8.473 8.337 0.451 10.873 
011222140515 0.930 17.437 36.024 8.479 8.338 0.308 10.844 
011222142015 0.897 17.439 36.017 8.483 8.339 0.438 10.862 
011222143515 0.920 17.440 36.020 8.477 8.337 0.258 10.869 
011222145015 0.927 17.441 35.996 8.480 8.337 0.229 10.873 
011222150515 0.938 17.463 36.007 8.481 8.336 0.230 10.832 
011222152015 0.920 17.455 36.012 8.488 8.337 0.228 10.857 
011222153515 0.922 17.458 36.002 8.488 8.335 0.244 10.867 
011222155015 0.934 17.445 36.012 8.494 8.336 0.367 10.871 
011222160515 0.959 17.446 36.040 8.494 8.336 0.302 10.844 
011222162015 0.915 17.444 36.043 8.503 8.337 0.365 10.862 
011222163515 0.927 17.428 36.026 8.517 8.337 0.380 10.869 
011222165015 0.902 17.428 36.035 8.519 8.335 0.449 10.873 
011222170515 0.917 17.415 36.038 8.532 8.337 0.519 10.844 
011222172015 0.907 17.410 36.037 8.537 8.337 0.579 10.862 
011222173515 0.898 17.422 36.021 8.542 8.337 0.530 10.869 
