SAMBAT Sea Ti  C/T/D/Odo/Fluo/pH GPS : 50195 
V:0,Pression (0/50),m
V:1,Température (-5/35),°C
V:2,Salinité (2/42),g/l
V:3,Oxygène (0/20),mgl
V:4,PH (0/14),pH
V:5,Fluorescence (0/50),µgl
V:6,Tension batterie,V
161022154529 0.954 21.834 38.429 8.238 8.317 0.119 10.773 
161022160028 0.963 21.842 38.422 8.231 8.320 0.350 10.854 
161022161528 0.936 21.836 38.427 8.222 8.316 0.167 10.888 
161022163028 0.933 21.838 38.426 8.221 8.321 0.157 10.900 
161022164528 0.949 21.855 38.424 8.220 8.322 0.159 10.905 
161022170028 0.948 21.841 38.427 8.216 8.314 0.746 10.858 
161022171528 0.928 21.847 38.430 8.204 8.315 0.265 10.891 
161022173028 0.949 21.842 38.427 8.197 8.320 0.215 10.902 
161022174528 0.931 21.842 38.422 8.189 8.313 0.229 10.906 
161022180028 0.949 21.828 38.428 8.185 8.325 0.183 10.874 
161022181528 0.944 21.813 38.428 8.184 8.309 0.232 10.897 
161022183028 0.932 21.811 38.425 8.176 8.310 0.331 10.905 
161022184528 0.936 21.797 38.424 8.176 8.312 0.201 10.907 
161022190028 0.951 21.787 38.426 8.173 8.322 2.333 10.873 
161022191528 0.940 21.767 38.435 8.171 8.320 0.178 10.897 
161022193028 0.963 21.751 38.436 8.183 8.326 0.615 10.904 
161022194528 0.952 21.737 38.436 8.194 8.324 0.202 10.907 
161022200028 0.958 21.708 38.427 8.206 8.324 0.202 10.858 
161022201528 0.974 21.695 38.429 8.207 8.326 0.246 10.892 
161022203028 0.949 21.680 38.430 8.207 8.328 0.277 10.902 
161022204528 0.959 21.676 38.429 8.206 8.327 0.287 10.906 
161022210028 0.955 21.662 38.425 8.210 8.328 0.277 10.873 
161022211528 0.975 21.651 38.424 8.203 8.317 0.231 10.896 
161022213028 0.973 21.635 38.428 8.204 8.327 0.482 10.904 
161022214528 0.971 21.640 38.420 8.205 8.328 0.248 10.907 
161022220028 0.953 21.628 38.408 8.200 8.314 0.574 10.857 
161022221528 0.989 21.621 38.410 8.190 8.320 0.298 10.891 
161022223028 0.987 21.614 38.403 8.191 8.331 0.194 10.901 
161022224528 0.961 21.604 38.407 8.190 8.327 0.214 10.905 
161022230028 0.986 21.609 38.408 8.174 8.320 0.224 10.873 
161022231528 0.982 21.597 38.413 8.178 8.329 0.251 10.896 
161022233028 0.955 21.588 38.421 8.184 8.329 0.273 10.903 
161022234528 0.992 21.590 38.414 8.189 8.330 0.302 10.906 
171022000028 0.965 21.578 38.408 8.193 8.330 0.330 10.871 
171022001528 0.976 21.572 38.409 8.190 8.329 0.210 10.895 
171022003028 0.981 21.577 38.414 8.184 8.323 0.223 10.903 
171022004528 0.970 21.577 38.419 8.184 8.321 0.375 10.906 
171022010028 0.988 21.573 38.417 8.164 8.305 0.264 10.857 
171022011528 0.975 21.572 38.421 8.150 8.315 0.380 10.890 
171022013028 0.975 21.569 38.414 8.134 8.322 0.294 10.901 
171022014528 0.988 21.569 38.409 8.118 8.326 0.348 10.905 
171022020028 0.979 21.558 38.406 8.108 8.331 0.270 10.857 
171022021528 0.969 21.555 38.412 8.105 8.331 0.244 10.890 
171022023028 0.972 21.556 38.418 8.084 8.322 0.287 10.901 
171022024528 0.981 21.557 38.419 8.084 8.326 0.219 10.905 
171022030028 0.973 21.555 38.419 8.077 8.331 0.273 10.870 
171022031528 0.977 21.556 38.418 8.079 8.332 0.301 10.895 
171022033028 0.975 21.550 38.419 8.097 8.332 0.261 10.902 
171022034528 0.957 21.538 38.420 8.123 8.331 0.205 10.906 
171022040028 0.982 21.548 38.394 8.150 8.332 0.247 10.872 
171022041528 0.984 21.536 38.426 8.161 8.332 0.269 10.895 
171022043028 0.953 21.524 38.419 8.164 8.328 0.210 10.903 
171022044528 0.955 21.530 38.411 8.172 8.320 0.407 10.906 
171022050028 0.975 21.537 38.420 8.192 8.337 0.511 10.857 
171022051528 0.992 21.532 38.438 8.201 8.337 0.276 10.890 
171022053028 0.998 21.531 38.415 8.215 8.336 0.426 10.901 
171022054528 0.986 21.526 38.413 8.219 8.334 1.010 10.905 
171022060028 0.979 21.526 38.425 8.222 8.335 0.823 10.872 
171022061528 0.978 21.531 38.429 8.219 8.334 0.470 10.895 
171022063028 0.982 21.519 38.433 8.221 8.335 0.321 10.903 
171022064528 0.982 21.526 38.428 8.223 8.320 0.379 10.906 
171022070028 0.968 21.516 38.421 8.227 8.325 1.249 10.871 
171022071528 0.990 21.519 38.420 8.218 8.332 4.718 10.895 
171022073028 0.999 21.511 38.450 8.204 8.333 6.081 10.902 
171022074528 0.998 21.519 38.423 8.176 8.331 1.585 10.905 
171022080028 0.998 21.515 38.424 8.143 8.334 0.671 10.857 
171022081528 0.985 21.514 38.420 8.132 8.331 0.668 10.890 
171022083028 0.982 21.514 38.428 8.118 8.332 0.491 10.901 
171022084528 0.995 21.511 38.419 8.101 8.331 1.443 10.904 
171022090028 1.005 21.527 38.420 8.096 8.330 0.150 10.872 
171022091528 0.984 21.531 38.425 8.093 8.330 1.016 10.895 
171022093028 1.007 21.534 38.427 8.084 8.332 0.818 10.902 
171022094528 0.987 21.536 38.427 8.076 8.331 0.763 10.906 
171022100028 1.002 21.547 38.423 8.062 8.324 0.542 10.871 
171022101528 0.984 21.558 38.426 8.057 8.328 0.634 10.895 
171022103028 0.992 21.569 38.427 8.066 8.329 0.725 10.903 
171022104528 1.012 21.572 38.439 8.062 8.327 0.613 10.905 
171022110028 1.006 21.603 38.427 8.059 8.329 0.088 10.856 
171022111528 1.006 21.597 38.433 8.061 8.329 0.201 10.890 
171022113028 1.005 21.644 38.443 8.040 8.323 0.065 10.901 
171022114528 0.998 21.679 38.433 8.017 8.325 0.744 10.905 
171022120028 0.995 21.701 38.427 8.011 8.326 0.104 10.873 
171022121528 1.004 21.731 38.448 8.009 8.325 0.666 10.896 
171022123028 1.008 21.747 38.415 8.017 8.325 0.086 10.904 
171022124528 0.997 21.759 38.452 8.027 8.323 0.817 10.907 
171022130028 0.990 21.812 38.428 8.023 8.323 1.518 10.871 
171022131528 1.003 21.877 38.422 8.012 8.320 0.199 10.896 
171022133028 0.998 21.849 38.429 8.017 8.319 0.240 10.904 
171022134528 0.989 21.901 38.444 8.003 8.319 0.191 10.907 
171022140028 0.989 21.912 38.414 8.001 8.322 1.048 10.859 
171022141528 0.994 21.931 38.430 8.000 8.319 1.183 10.892 
171022143028 1.017 21.912 38.424 8.016 8.320 1.258 10.903 
171022144528 1.018 21.902 38.419 8.028 8.320 1.506 10.907 
171022150028 1.007 21.891 38.394 8.042 8.320 0.603 10.874 
171022151528 0.992 21.919 38.433 8.055 8.319 7.067 10.897 
171022153028 0.999 21.961 38.430 8.066 8.317 4.634 10.904 
171022154528 0.993 22.008 38.425 8.066 8.318 3.421 10.908 
