SAMBAT Sea Ti  C/T/D/Odo/Fluo/pH GPS : 50195 
V:0,Pression (0/50),m
V:1,Température (-5/35),°C
V:2,Salinité (2/42),g/l
V:3,Oxygène (0/20),mgl
V:4,PH (0/14),pH
V:5,Fluorescence (0/50),µgl
V:6,Tension batterie,V
251022160737 0.893 21.661 38.602 8.421 8.323 0.179 10.771 
251022162236 0.978 21.644 38.619 8.433 8.323 0.231 10.868 
251022163736 1.008 21.646 38.607 8.434 8.323 0.164 10.893 
251022165236 0.946 21.649 38.626 8.432 8.325 0.232 10.860 
251022170736 0.980 21.661 38.623 8.427 8.325 0.195 10.886 
251022172236 0.956 21.657 38.678 8.427 8.325 0.232 10.901 
251022173736 0.938 21.656 38.641 8.424 8.325 0.212 10.906 
251022175236 0.938 21.654 38.636 8.423 8.325 0.255 10.865 
251022180736 0.940 21.652 38.635 8.429 8.325 0.231 10.887 
251022182236 0.989 21.652 38.641 8.418 8.325 0.273 10.902 
251022183736 0.931 21.645 38.614 8.418 8.325 0.303 10.907 
251022185236 0.931 21.642 38.637 8.417 8.326 0.252 10.865 
251022190736 0.866 21.621 38.630 8.420 8.325 0.285 10.878 
251022192236 0.938 21.614 38.636 8.418 8.326 0.323 10.899 
251022193736 0.945 21.646 38.644 8.410 8.326 0.280 10.906 
251022195236 0.967 21.686 38.648 8.400 8.325 0.275 10.864 
251022200736 0.968 21.685 38.648 8.400 8.325 0.254 10.888 
251022202236 0.915 21.688 38.652 8.397 8.325 0.326 10.902 
251022203736 0.955 21.679 38.657 8.391 8.324 0.308 10.907 
251022205236 0.905 21.692 38.663 8.385 8.324 0.316 10.865 
251022210736 0.917 21.688 38.655 8.380 8.323 0.331 10.878 
251022212236 0.961 21.666 38.651 8.383 8.326 0.268 10.899 
251022213736 0.932 21.624 38.663 8.394 8.327 0.233 10.906 
251022215236 0.955 21.636 38.667 8.397 8.328 0.297 10.865 
251022220736 0.889 21.624 38.663 8.395 8.329 0.321 10.888 
251022222236 0.932 21.615 38.665 8.393 8.329 0.308 10.902 
251022223736 0.914 21.625 38.662 8.392 8.330 0.313 10.907 
251022225236 0.970 21.634 38.667 8.393 8.330 0.284 10.864 
251022230736 0.949 21.626 38.657 8.394 8.331 0.232 10.888 
251022232236 0.935 21.608 38.660 8.400 8.331 0.236 10.902 
251022233736 0.926 21.599 38.666 8.411 8.332 0.306 10.907 
251022235236 0.969 21.585 38.670 8.413 8.332 0.309 10.865 
261022000736 0.937 21.581 38.673 8.414 8.333 0.227 10.878 
261022002236 0.947 21.583 38.677 8.412 8.333 0.369 10.898 
261022003736 0.934 21.572 38.664 8.414 8.333 0.251 10.905 
261022005236 0.954 21.571 38.666 8.419 8.333 0.343 10.864 
261022010736 0.965 21.571 38.666 8.421 8.333 0.366 10.888 
261022012236 0.965 21.562 38.674 8.420 8.333 0.291 10.902 
261022013736 0.951 21.566 38.675 8.419 8.333 0.366 10.907 
261022015236 0.913 21.555 38.673 8.420 8.333 0.303 10.864 
261022020736 0.961 21.555 38.668 8.417 8.333 0.286 10.887 
261022022236 0.922 21.560 38.670 8.414 8.334 0.316 10.901 
261022023736 0.946 21.558 38.676 8.413 8.334 0.323 10.907 
261022025236 0.949 21.550 38.679 8.417 8.334 0.254 10.864 
261022030736 0.945 21.550 38.689 8.417 8.335 0.290 10.877 
261022032236 0.932 21.547 38.682 8.417 8.335 0.304 10.898 
261022033736 0.960 21.530 38.681 8.417 8.335 0.311 10.905 
261022035236 0.920 21.545 38.683 8.412 8.335 0.301 10.864 
261022040736 0.906 21.546 38.695 8.413 8.335 0.322 10.887 
261022042236 0.965 21.532 38.689 8.414 8.335 0.301 10.901 
261022043736 0.962 21.536 38.673 8.414 8.335 0.265 10.907 
261022045236 0.929 21.547 38.669 8.413 8.335 0.250 10.864 
261022050736 0.925 21.531 38.642 8.418 8.335 0.272 10.887 
261022052236 0.926 21.524 38.679 8.418 8.335 0.281 10.901 
261022053736 0.942 21.537 38.665 8.414 8.335 0.253 10.907 
261022055236 0.973 21.534 38.676 8.412 8.335 0.323 10.864 
261022060736 0.927 21.541 38.652 8.412 8.334 0.272 10.877 
261022062236 0.928 21.525 38.687 8.412 8.334 0.325 10.898 
261022063736 0.918 21.524 38.686 8.412 8.335 0.248 10.905 
261022065236 0.955 21.541 38.684 8.409 8.334 0.367 10.864 
261022070736 0.938 21.534 38.681 8.409 8.334 0.284 10.887 
261022072236 0.950 21.524 38.685 8.406 8.334 0.326 10.901 
261022073736 0.929 21.540 38.622 8.402 8.334 0.330 10.907 
261022075236 0.934 21.537 38.616 8.405 8.334 0.391 10.865 
261022080736 0.911 21.514 38.685 8.410 8.334 0.324 10.887 
261022082236 0.938 21.504 38.684 8.406 8.334 0.296 10.901 
261022083736 0.930 21.534 38.678 8.400 8.334 0.322 10.907 
261022085236 0.940 21.514 38.678 8.406 8.334 0.362 10.864 
261022090736 0.930 21.532 38.673 8.408 8.334 0.244 10.877 
261022092236 0.930 21.532 38.675 8.405 8.333 0.203 10.898 
261022093736 0.944 21.537 38.667 8.401 8.332 0.169 10.905 
261022095236 0.956 21.545 38.671 8.403 8.332 0.151 10.864 
261022100736 0.940 21.543 38.596 8.402 8.332 0.143 10.887 
261022102236 0.942 21.550 38.672 8.402 8.331 0.120 10.901 
261022103736 0.931 21.557 38.651 8.401 8.330 0.083 10.907 
261022105236 0.957 21.572 38.648 8.401 8.330 0.097 10.864 
261022110736 0.950 21.585 38.656 8.402 8.328 0.081 10.887 
261022112236 0.955 21.582 38.649 8.407 8.328 0.075 10.902 
261022113736 0.926 21.592 38.671 8.405 8.327 0.083 10.907 
261022115236 0.945 21.639 38.660 8.405 8.327 0.086 10.865 
261022120736 0.950 21.615 38.646 8.411 8.326 0.096 10.878 
261022122236 0.954 21.710 38.615 8.395 8.324 0.075 10.898 
261022123736 0.960 21.748 38.621 8.390 8.323 0.076 10.906 
261022125236 0.964 21.754 38.626 8.388 8.322 0.055 10.865 
261022130736 0.928 21.782 38.670 8.382 8.323 0.056 10.888 
261022132236 0.950 21.813 38.671 8.375 8.322 0.095 10.903 
261022133736 0.951 21.826 38.674 8.376 8.321 0.107 10.908 
261022135236 0.928 21.777 38.671 8.384 8.321 0.141 10.866 
261022140736 0.956 21.944 38.646 8.352 8.320 0.082 10.890 
261022142236 0.940 21.960 38.668 8.348 8.320 0.138 10.903 
261022143736 0.962 22.134 38.610 8.301 8.315 0.140 10.909 
261022145236 0.962 22.115 38.585 8.296 8.312 0.135 10.867 
261022150736 0.950 21.997 38.600 8.305 8.311 0.088 10.881 
261022152236 0.944 22.057 38.673 8.283 8.310 0.182 10.901 
261022153736 0.978 21.902 38.673 8.305 8.315 0.137 10.908 
261022155236 0.944 21.849 38.671 8.318 8.317 0.165 10.867 
261022160736 0.932 21.958 38.679 8.286 8.316 0.233 10.890 
