SAMBAT Sea Ti  C/T/D/Odo/Fluo/pH GPS : 50195 
V:0,Pression (0/50),m
V:1,Température (-5/35),°C
V:2,Salinité (2/42),g/l
V:3,Oxygène (0/20),mgl
V:4,PH (0/14),pH
V:5,Fluorescence (0/50),µgl
V:6,Tension batterie,V
190922144009 0.759 25.029 38.499 7.668 8.284 0.096 10.801 
190922145508 0.873 25.067 38.515 7.671 8.286 0.059 10.875 
190922151008 0.784 25.076 38.513 7.677 8.285 0.057 10.918 
190922152508 0.825 25.090 38.506 7.680 8.285 0.089 10.929 
190922154008 0.817 25.099 38.515 7.685 8.286 0.106 10.933 
190922155508 0.836 25.098 38.523 7.689 8.287 0.071 10.869 
190922161008 0.809 25.129 38.525 7.692 8.287 0.094 10.919 
190922162508 0.841 25.107 38.523 7.699 8.286 0.124 10.930 
190922164008 0.808 25.096 38.530 7.707 8.288 0.082 10.934 
190922165508 0.835 25.117 38.532 7.710 8.287 0.121 10.890 
190922171008 0.879 25.099 38.536 7.716 8.289 0.153 10.924 
190922172508 0.752 25.095 38.540 7.714 8.289 0.138 10.932 
190922174008 0.796 25.092 38.538 7.709 8.288 0.128 10.935 
190922175508 0.828 25.068 38.538 7.712 8.290 0.146 10.891 
190922181008 0.816 25.057 38.538 7.711 8.290 0.082 10.925 
190922182508 0.855 25.055 38.540 7.701 8.291 0.153 10.932 
190922184008 0.855 25.005 38.541 7.700 8.292 0.186 10.935 
190922185508 0.804 25.014 38.540 7.692 8.291 0.182 10.870 
190922191008 0.792 24.991 38.545 7.687 8.292 0.168 10.919 
190922192508 0.788 24.992 38.543 7.679 8.293 0.212 10.930 
190922194008 0.791 24.982 38.541 7.666 8.286 0.281 10.934 
190922195508 0.820 24.978 38.536 7.658 8.286 0.207 10.890 
190922201008 0.808 24.973 38.543 7.647 8.294 0.166 10.924 
190922202508 0.818 24.978 38.539 7.639 8.295 0.211 10.932 
190922204008 0.848 24.967 38.541 7.635 8.295 0.207 10.934 
190922205508 0.836 24.966 38.538 7.631 8.289 0.253 10.870 
190922211008 0.798 24.967 38.536 7.628 8.298 0.217 10.919 
190922212508 0.856 24.940 38.519 7.627 8.297 0.190 10.930 
190922214008 0.826 24.935 38.528 7.622 8.298 0.210 10.933 
190922215508 0.806 24.940 38.528 7.618 8.294 0.254 10.891 
190922221008 0.830 24.924 38.523 7.622 8.300 0.187 10.924 
190922222508 0.838 24.916 38.531 7.620 8.300 0.251 10.931 
190922224008 0.816 24.922 38.526 7.622 8.301 0.211 10.934 
190922225508 0.826 24.913 38.536 7.621 8.300 0.197 10.870 
190922231008 0.789 24.915 38.534 7.626 8.295 0.261 10.918 
190922232508 0.840 24.912 38.531 7.627 8.302 0.203 10.930 
190922234008 0.831 24.900 38.532 7.623 8.301 0.206 10.933 
190922235508 0.837 24.889 38.534 7.626 8.299 0.249 10.889 
200922001008 0.824 24.897 38.533 7.625 8.294 0.225 10.923 
200922002508 0.838 24.881 38.532 7.630 8.303 0.230 10.931 
200922004008 0.846 24.883 38.544 7.630 8.300 0.219 10.934 
200922005508 0.819 24.874 38.535 7.633 8.303 0.246 10.867 
200922011008 0.818 24.880 38.539 7.630 8.304 0.186 10.918 
200922012508 0.853 24.861 38.540 7.637 8.303 0.223 10.929 
200922014008 0.799 24.861 38.536 7.635 8.303 0.138 10.933 
200922015508 0.803 24.842 38.533 7.640 8.305 0.185 10.890 
200922021008 0.859 24.861 38.528 7.639 8.302 0.189 10.923 
200922022508 0.869 24.868 38.531 7.640 8.307 0.179 10.931 
200922024008 0.871 24.860 38.536 7.642 8.307 0.177 10.934 
200922025508 0.868 24.860 38.527 7.644 8.306 0.188 10.889 
200922031008 0.816 24.851 38.533 7.645 8.300 0.195 10.923 
200922032508 0.800 24.839 38.533 7.651 8.296 0.129 10.931 
200922034008 0.828 24.861 38.541 7.649 8.303 0.153 10.934 
200922035508 0.894 24.865 38.546 7.647 8.306 0.178 10.869 
200922041008 0.833 24.861 38.550 7.646 8.300 0.150 10.918 
200922042508 0.855 24.845 38.560 7.644 8.301 0.184 10.929 
200922044008 0.856 24.833 38.562 7.643 8.301 0.143 10.933 
200922045508 0.861 24.851 38.563 7.637 8.309 0.145 10.889 
200922051008 0.812 24.848 38.564 7.634 8.299 0.148 10.923 
200922052508 0.829 24.825 38.575 7.628 8.308 0.142 10.931 
200922054008 0.883 24.828 38.559 7.626 8.301 0.140 10.933 
200922055508 0.829 24.839 38.557 7.618 8.302 0.120 10.888 
200922061008 0.860 24.831 38.556 7.613 8.304 0.184 10.923 
200922062508 0.818 24.828 38.554 7.607 8.299 0.160 10.931 
200922064008 0.809 24.832 38.556 7.599 8.305 0.123 10.933 
200922065508 0.818 24.829 38.553 7.600 8.307 0.135 10.869 
200922071008 0.819 24.812 38.555 7.596 8.305 0.151 10.918 
200922072508 0.856 24.809 38.555 7.591 8.307 0.180 10.929 
200922074008 0.849 24.820 38.555 7.585 8.306 0.165 10.933 
200922075508 0.809 24.822 38.558 7.585 8.306 0.204 10.889 
200922081008 0.811 24.806 38.551 7.583 8.305 0.162 10.923 
200922082508 0.807 24.791 38.552 7.586 8.304 0.131 10.931 
200922084008 0.878 24.810 38.552 7.582 8.307 0.128 10.933 
200922085508 0.868 24.815 38.553 7.584 8.306 0.081 10.880 
200922091008 0.849 24.816 38.543 7.588 8.305 0.091 10.920 
200922092508 0.871 24.820 38.545 7.589 8.303 0.068 10.930 
200922094008 0.809 24.826 38.543 7.592 8.300 0.081 10.933 
200922095508 0.844 24.828 38.543 7.597 8.305 0.085 10.888 
200922101008 0.837 24.847 38.543 7.594 8.302 0.065 10.922 
200922102508 0.858 24.852 38.545 7.592 8.298 0.044 10.931 
200922104008 0.842 24.860 38.547 7.592 8.300 0.040 10.933 
200922105508 0.853 24.880 38.544 7.593 8.297 0.050 10.870 
200922111008 0.846 24.906 38.552 7.592 8.296 0.053 10.918 
200922112508 0.844 24.881 38.547 7.599 8.300 0.063 10.929 
200922114008 0.864 24.947 38.552 7.591 8.296 0.026 10.933 
200922115508 0.830 24.981 38.552 7.586 8.298 0.042 10.889 
200922121008 0.858 25.036 38.555 7.583 8.296 0.049 10.923 
200922122508 0.860 25.104 38.554 7.576 8.296 0.038 10.931 
200922124008 0.834 25.123 38.564 7.582 8.296 0.054 10.934 
200922125508 0.833 25.183 38.562 7.578 8.296 0.023 10.886 
200922131008 0.837 25.189 38.557 7.581 8.293 0.086 10.923 
200922132508 0.853 25.176 38.559 7.586 8.292 0.056 10.932 
200922134008 0.849 25.244 38.553 7.582 8.288 0.044 10.935 
200922135508 0.856 25.220 38.541 7.586 8.289 0.059 10.871 
200922141008 0.837 25.241 38.548 7.581 8.283 0.032 10.920 
200922142508 0.827 25.236 38.554 7.586 8.289 0.053 10.931 
200922144008 0.824 25.263 38.559 7.583 8.291 0.025 10.935 
