SAMBAT Sea Ti  C/T/D/Odo/Fluo/pH GPS : 50195 
V:0,Pression (0/50),m
V:1,Température (-5/35),°C
V:2,Salinité (2/42),g/l
V:3,Oxygène (0/20),mgl
V:4,PH (0/14),pH
V:5,Fluorescence (0/50),µgl
V:6,Tension batterie,V
241122172011 0.859 19.705 36.300 8.245 8.313 0.317 10.757 
241122173510 0.883 19.688 36.308 8.245 8.313 0.345 10.850 
241122175010 0.895 19.678 36.298 8.253 8.313 0.441 10.875 
241122180510 0.875 19.650 36.274 8.258 8.314 0.364 10.861 
241122182010 0.947 19.665 36.337 8.251 8.313 0.388 10.879 
241122183510 0.844 19.662 36.296 8.256 8.313 0.323 10.887 
241122185010 0.836 19.659 36.301 8.254 8.313 0.276 10.890 
241122190510 0.913 19.655 36.301 8.256 8.313 0.298 10.862 
241122192010 0.940 19.650 36.292 8.260 8.313 0.303 10.881 
241122193510 0.818 19.626 36.279 8.267 8.314 0.356 10.888 
241122195010 0.779 19.627 36.290 8.267 8.313 0.298 10.891 
241122200510 0.955 19.617 36.300 8.267 8.315 0.315 10.852 
241122202010 0.914 19.623 36.294 8.259 8.316 0.289 10.877 
241122203510 0.924 19.610 36.278 8.261 8.315 0.341 10.886 
241122205010 0.916 19.600 36.296 8.266 8.315 0.298 10.890 
241122210510 0.870 19.579 36.295 8.270 8.315 0.327 10.863 
241122212010 0.927 19.577 36.316 8.273 8.315 0.320 10.881 
241122213510 0.915 19.576 36.318 8.270 8.316 0.338 10.888 
241122215010 0.945 19.586 36.297 8.267 8.317 0.368 10.892 
241122220510 0.843 19.570 36.286 8.275 8.317 0.293 10.863 
241122222010 0.904 19.587 36.281 8.272 8.318 0.305 10.881 
241122223510 0.920 19.568 36.321 8.285 8.318 0.426 10.888 
241122225010 0.874 19.597 36.296 8.283 8.317 0.364 10.892 
241122230510 0.862 19.588 36.284 8.282 8.317 0.294 10.850 
241122232010 0.915 19.572 36.279 8.285 8.318 0.252 10.877 
241122233510 0.918 19.587 36.299 8.283 8.318 0.389 10.886 
241122235010 0.910 19.590 36.274 8.274 8.317 0.367 10.890 
251122000510 0.918 19.574 36.265 8.280 8.316 0.259 10.864 
251122002010 0.896 19.582 36.280 8.271 8.318 0.322 10.882 
251122003510 1.005 19.581 36.281 8.260 8.317 0.334 10.888 
251122005010 0.920 19.578 36.309 8.246 8.317 0.264 10.891 
251122010510 0.929 19.564 36.306 8.232 8.318 0.245 10.864 
251122012010 0.997 19.579 36.307 8.225 8.318 0.406 10.882 
251122013510 0.962 19.574 36.300 8.221 8.320 0.315 10.888 
251122015010 0.982 19.555 36.307 8.218 8.320 0.311 10.891 
251122020510 0.935 19.576 36.290 8.213 8.322 0.298 10.852 
251122022010 0.960 19.573 36.288 8.215 8.322 0.337 10.877 
251122023510 0.880 19.567 36.294 8.206 8.322 0.321 10.886 
251122025010 0.886 19.558 36.295 8.206 8.325 0.283 10.890 
251122030510 0.901 19.566 36.287 8.203 8.324 0.304 10.864 
251122032010 0.995 19.552 36.297 8.206 8.326 0.302 10.882 
251122033510 0.933 19.561 36.290 8.210 8.328 0.293 10.888 
251122035010 0.975 19.566 36.274 8.215 8.329 0.343 10.891 
251122040510 0.935 19.570 36.276 8.218 8.330 0.313 10.862 
251122042010 0.977 19.561 36.254 8.225 8.330 0.283 10.881 
251122043510 0.884 19.562 36.265 8.223 8.332 0.315 10.888 
251122045010 0.934 19.550 36.267 8.223 8.332 0.313 10.891 
251122050510 0.923 19.530 36.299 8.232 8.334 0.322 10.852 
251122052010 0.975 19.557 36.307 8.232 8.331 0.312 10.877 
251122053510 0.955 19.542 36.303 8.237 8.334 0.375 10.886 
251122055010 0.933 19.558 36.304 8.232 8.336 0.293 10.890 
251122060510 0.927 19.560 36.266 8.235 8.337 0.339 10.863 
251122062010 0.925 19.558 36.267 8.231 8.336 0.352 10.881 
251122063510 0.948 19.560 36.309 8.225 8.337 0.276 10.888 
251122065010 0.891 19.549 36.296 8.228 8.334 0.320 10.891 
251122070510 0.942 19.554 36.282 8.226 8.338 0.296 10.863 
251122072010 0.920 19.561 36.291 8.225 8.339 0.306 10.881 
251122073510 1.000 19.544 36.280 8.218 8.338 0.283 10.888 
251122075010 0.930 19.559 36.277 8.216 8.336 0.333 10.891 
251122080510 0.937 19.568 36.280 8.214 8.337 0.322 10.850 
251122082010 0.923 19.563 36.282 8.214 8.338 0.384 10.876 
251122083510 0.971 19.563 36.271 8.209 8.337 0.358 10.886 
251122085010 0.913 19.555 36.272 8.206 8.334 0.378 10.890 
251122090510 0.914 19.562 36.271 8.202 8.337 0.312 10.863 
251122092010 0.941 19.555 36.267 8.201 8.335 0.323 10.881 
251122093510 0.894 19.550 36.277 8.199 8.334 0.351 10.888 
251122095010 0.921 19.549 36.278 8.206 8.331 0.322 10.891 
251122100510 0.847 19.558 36.273 8.213 8.330 0.296 10.862 
251122102010 0.923 19.552 36.251 8.212 8.327 0.351 10.881 
251122103510 0.977 19.555 36.264 8.217 8.327 0.323 10.888 
251122105010 0.932 19.554 36.256 8.222 8.327 0.306 10.891 
251122110510 1.002 19.550 36.241 8.232 8.326 0.329 10.850 
251122112010 0.901 19.549 36.240 8.239 8.327 0.291 10.876 
251122113510 0.842 19.553 36.247 8.244 8.325 0.269 10.886 
251122115010 0.877 19.544 36.220 8.252 8.325 0.259 10.890 
251122120510 0.897 19.549 36.246 8.260 8.323 0.245 10.862 
251122122010 0.962 19.554 36.228 8.265 8.325 0.231 10.881 
251122123510 0.925 19.555 36.661 8.269 8.323 0.217 10.888 
251122125010 0.936 19.557 36.270 8.268 8.322 0.302 10.891 
251122130510 0.940 19.552 36.254 8.268 8.321 0.285 10.863 
251122132010 0.904 19.554 36.254 8.269 8.322 0.318 10.881 
251122133510 0.932 19.551 36.255 8.266 8.319 0.368 10.888 
251122135010 0.891 19.560 36.254 8.258 8.316 0.335 10.891 
251122140510 0.934 19.549 36.260 8.255 8.317 0.336 10.850 
251122142010 0.922 19.539 36.265 8.243 8.316 0.337 10.876 
251122143510 0.873 19.550 36.261 8.222 8.315 0.397 10.886 
251122145010 0.932 19.543 36.288 8.200 8.315 0.335 10.890 
251122150510 0.890 19.551 36.288 8.185 8.316 0.388 10.862 
251122152010 0.954 19.543 36.286 8.169 8.316 0.274 10.881 
251122153510 0.881 19.543 36.242 8.165 8.317 0.332 10.887 
251122155010 0.906 19.538 36.254 8.159 8.315 0.325 10.891 
251122160510 0.898 19.534 36.259 8.157 8.315 0.406 10.864 
251122162010 0.868 19.536 36.276 8.159 8.319 0.379 10.881 
251122163510 0.939 19.545 36.232 8.160 8.317 0.401 10.888 
251122165010 0.920 19.524 36.240 8.173 8.317 0.390 10.891 
251122170510 0.918 19.538 36.242 8.185 8.316 0.385 10.850 
251122172010 0.906 19.523 36.240 8.205 8.318 0.410 10.876 
