SAMBAT Sea Ti  C/T/D/Odo/Fluo/pH GPS : 50195 
V:0,Pression (0/50),m
V:1,Température (-5/35),°C
V:2,Salinité (2/42),g/l
V:3,Oxygène (0/20),mgl
V:4,PH (0/14),pH
V:5,Fluorescence (0/50),µgl
V:6,Tension batterie,V
261022160958 0.964 21.984 38.695 8.284 8.315 0.159 10.773 
261022162457 0.933 21.965 38.659 8.293 8.316 0.163 10.871 
261022163957 0.955 21.990 38.692 8.311 8.315 0.213 10.892 
261022165457 0.950 21.988 38.684 8.321 8.315 0.245 10.786 
261022170957 0.950 21.964 38.677 8.327 8.315 0.291 10.888 
261022172457 0.956 21.917 38.687 8.335 8.316 0.326 10.903 
261022173957 0.960 21.892 38.688 8.335 8.317 0.261 10.906 
261022175457 0.956 21.973 38.673 8.314 8.315 0.240 10.790 
261022180957 0.932 21.994 38.698 8.306 8.315 0.352 10.890 
261022182457 0.929 21.979 38.664 8.308 8.316 0.302 10.903 
261022183957 0.951 21.988 38.676 8.306 8.317 0.408 10.907 
261022185457 0.953 21.956 38.675 8.313 8.317 0.362 10.789 
261022190957 0.948 21.901 38.596 8.325 8.318 0.336 10.890 
261022192457 0.951 21.829 38.596 8.344 8.320 0.342 10.904 
261022193957 0.973 21.802 38.599 8.354 8.320 0.355 10.909 
261022195457 0.952 21.778 38.604 8.353 8.321 0.269 10.790 
261022200957 0.976 21.747 38.604 8.358 8.322 0.263 10.890 
261022202457 0.959 21.722 38.690 8.361 8.322 0.320 10.903 
261022203957 0.961 21.718 38.686 8.362 8.323 0.324 10.908 
261022205457 0.949 21.700 38.682 8.360 8.323 0.329 10.786 
261022210957 0.947 21.690 38.653 8.368 8.324 0.279 10.885 
261022212457 0.972 21.690 38.678 8.369 8.324 0.326 10.902 
261022213957 0.968 21.682 38.680 8.365 8.325 0.300 10.907 
261022215457 0.982 21.672 38.681 8.383 8.325 0.310 10.774 
261022220957 0.970 21.654 38.650 8.396 8.326 0.304 10.883 
261022222457 0.959 21.645 38.678 8.397 8.327 0.265 10.901 
261022223957 0.956 21.638 38.678 8.398 8.327 0.366 10.907 
261022225457 0.981 21.639 38.679 8.399 8.328 0.265 10.789 
261022230957 0.971 21.621 38.678 8.403 8.328 0.321 10.886 
261022232457 0.978 21.611 38.571 8.402 8.329 0.258 10.901 
261022233957 0.975 21.608 38.575 8.399 8.329 0.304 10.907 
261022235457 0.970 21.598 38.585 8.401 8.330 0.247 10.779 
271022000957 0.946 21.603 38.574 8.394 8.330 0.302 10.888 
271022002457 0.984 21.590 38.673 8.391 8.330 0.264 10.902 
271022003957 0.961 21.578 38.674 8.396 8.331 0.365 10.907 
271022005457 0.961 21.573 38.675 8.394 8.331 0.215 10.776 
271022010957 0.968 21.572 38.672 8.395 8.332 0.286 10.888 
271022012457 0.988 21.562 38.645 8.401 8.331 0.236 10.902 
271022013957 0.954 21.553 38.643 8.400 8.332 0.200 10.907 
271022015457 0.955 21.564 38.670 8.397 8.331 0.252 10.783 
271022020957 0.979 21.561 38.667 8.396 8.331 0.255 10.888 
271022022457 0.989 21.562 38.673 8.395 8.331 0.228 10.901 
271022023957 0.959 21.553 38.670 8.398 8.332 0.285 10.907 
271022025457 0.981 21.568 38.671 8.397 8.332 0.252 10.787 
271022030957 0.955 21.558 38.682 8.396 8.332 0.242 10.887 
271022032457 0.963 21.556 38.679 8.393 8.332 0.313 10.901 
271022033957 0.974 21.551 38.677 8.396 8.331 0.248 10.907 
271022035457 1.008 21.543 38.680 8.391 8.330 0.316 10.787 
271022040957 0.971 21.537 38.673 8.391 8.330 0.282 10.885 
271022042457 0.991 21.513 38.665 8.393 8.332 0.327 10.901 
271022043957 0.967 21.518 38.662 8.393 8.334 0.291 10.906 
271022045457 1.007 21.506 38.662 8.393 8.334 0.283 10.787 
271022050957 0.980 21.511 38.671 8.388 8.333 0.283 10.887 
271022052457 0.961 21.519 38.638 8.386 8.332 0.277 10.901 
271022053957 0.973 21.513 38.662 8.386 8.332 0.321 10.906 
271022055457 0.982 21.516 38.676 8.389 8.333 0.370 10.784 
271022060957 0.970 21.520 38.569 8.391 8.333 0.258 10.886 
271022062457 0.991 21.509 38.662 8.397 8.333 0.336 10.897 
271022063957 0.964 21.519 38.658 8.397 8.333 0.308 10.905 
271022065457 0.976 21.515 38.658 8.399 8.334 0.289 10.785 
271022070957 0.994 21.518 38.661 8.402 8.334 0.268 10.887 
271022072457 0.992 21.520 38.665 8.404 8.334 0.293 10.901 
271022073957 0.974 21.501 38.663 8.409 8.334 0.380 10.906 
271022075457 1.009 21.513 38.661 8.405 8.333 0.343 10.786 
271022080957 0.962 21.508 38.662 8.399 8.333 0.306 10.887 
271022082457 0.982 21.515 38.646 8.398 8.333 0.327 10.901 
271022083957 1.000 21.510 38.660 8.393 8.333 0.286 10.906 
271022085457 0.989 21.518 38.655 8.390 8.332 0.268 10.779 
271022090957 0.962 21.518 38.661 8.384 8.332 0.268 10.886 
271022092457 1.002 21.527 38.629 8.382 8.331 0.215 10.901 
271022093957 0.993 21.532 38.633 8.385 8.330 0.180 10.902 
271022095457 0.972 21.543 38.634 8.386 8.330 0.105 10.785 
271022100957 0.994 21.562 38.649 8.384 8.330 0.125 10.887 
271022102457 0.989 21.568 38.662 8.389 8.328 0.114 10.901 
271022103957 0.990 21.576 38.667 8.387 8.328 0.125 10.906 
271022105457 1.007 21.573 38.669 8.390 8.327 0.171 10.777 
271022110957 0.979 21.582 38.672 8.394 8.328 0.118 10.887 
271022112457 0.988 21.574 38.672 8.396 8.327 0.135 10.901 
271022113957 1.006 21.589 38.672 8.400 8.326 0.109 10.906 
271022115457 0.988 21.611 38.670 8.396 8.325 0.126 10.787 
271022120957 0.979 21.630 38.630 8.395 8.325 0.087 10.887 
271022122457 0.989 21.654 38.631 8.387 8.323 0.087 10.901 
271022123957 1.009 21.669 38.641 8.386 8.322 0.105 10.907 
271022125457 0.992 21.698 38.672 8.385 8.321 0.107 10.777 
271022130957 1.005 21.722 38.685 8.389 8.320 0.096 10.888 
271022132457 0.978 21.748 38.677 8.390 8.321 0.071 10.902 
271022133957 0.979 21.777 38.664 8.386 8.320 0.075 10.907 
271022135457 0.983 21.799 38.678 8.380 8.320 0.116 10.782 
271022140957 0.982 21.828 38.675 8.391 8.320 0.108 10.884 
271022142457 0.985 21.885 38.669 8.383 8.320 0.058 10.902 
271022143957 0.982 21.834 38.670 8.398 8.320 0.089 10.908 
271022145457 0.986 21.812 38.575 8.405 8.320 0.069 10.790 
271022150957 1.010 21.902 38.680 8.385 8.320 0.081 10.889 
271022152457 0.982 21.811 38.672 8.406 8.320 0.098 10.903 
271022153957 0.970 21.950 38.661 8.380 8.319 0.126 10.908 
271022155457 0.946 21.871 38.645 8.397 8.320 0.090 10.788 
271022160957 0.995 21.870 38.636 8.399 8.321 0.083 10.890 
