SAMBAT Sea Ti  C/T/D/Odo/Fluo/pH GPS : 50195 
V:0,Pression (0/50),m
V:1,Température (-5/35),°C
V:2,Salinité (2/42),g/l
V:3,Oxygène (0/20),mgl
V:4,PH (0/14),pH
V:5,Fluorescence (0/50),µgl
V:6,Tension batterie,V
221022160021 0.924 21.636 38.470 8.366 8.331 0.503 10.766 
221022161520 0.916 21.630 38.414 8.368 8.330 0.794 10.866 
221022163020 0.875 21.628 38.409 8.370 8.330 0.414 10.891 
221022164520 0.831 21.623 38.408 8.371 8.330 0.230 10.901 
221022170020 0.899 21.607 38.412 8.377 8.330 0.276 10.851 
221022171520 0.867 21.631 38.410 8.369 8.330 0.240 10.889 
221022173020 0.910 21.631 38.410 8.365 8.330 0.212 10.901 
221022174520 0.915 21.630 38.460 8.362 8.327 0.254 10.905 
221022180020 0.888 21.635 38.410 8.355 8.330 0.306 10.869 
221022181520 0.961 21.646 38.413 8.350 8.330 0.396 10.895 
221022183020 0.944 21.647 38.414 8.344 8.329 0.302 10.904 
221022184520 0.918 21.640 38.421 8.339 8.328 0.448 10.907 
221022190020 0.943 21.639 38.419 8.337 8.329 0.259 10.870 
221022191520 0.929 21.631 38.417 8.335 8.330 0.252 10.896 
221022193020 0.916 21.631 38.420 8.329 8.329 0.321 10.904 
221022194520 0.916 21.635 38.414 8.329 8.331 0.302 10.907 
221022200020 0.936 21.634 38.417 8.323 8.327 0.423 10.852 
221022201520 0.953 21.631 38.416 8.317 8.331 0.318 10.890 
221022203020 0.935 21.634 38.421 8.310 8.328 0.326 10.901 
221022204520 0.958 21.639 38.416 8.304 8.327 0.366 10.906 
221022210020 0.931 21.642 38.411 8.302 8.324 0.300 10.869 
221022211520 0.947 21.624 38.415 8.303 8.327 0.331 10.895 
221022213020 0.903 21.626 38.413 8.298 8.332 0.379 10.904 
221022214520 0.923 21.616 38.422 8.293 8.331 0.354 10.907 
221022220020 0.954 21.609 38.421 8.283 8.325 0.430 10.868 
221022221520 0.956 21.620 38.427 8.276 8.331 0.348 10.895 
221022223020 0.912 21.625 38.442 8.274 8.327 0.454 10.903 
221022224520 0.894 21.620 38.440 8.275 8.332 0.403 10.907 
221022230020 0.920 21.608 38.439 8.276 8.328 0.400 10.853 
221022231520 0.918 21.607 38.426 8.272 8.333 0.408 10.890 
221022233020 0.961 21.600 38.421 8.269 8.331 0.344 10.902 
221022234520 0.952 21.572 38.431 8.274 8.329 0.357 10.906 
231022000020 0.937 21.572 38.428 8.276 8.321 0.376 10.869 
231022001520 0.926 21.547 38.428 8.287 8.331 0.312 10.895 
231022003020 0.922 21.529 38.452 8.297 8.336 0.288 10.904 
231022004520 0.973 21.546 38.407 8.290 8.337 0.272 10.907 
231022010020 0.929 21.542 38.403 8.287 8.337 0.249 10.869 
231022011520 0.980 21.532 38.413 8.293 8.338 0.277 10.895 
231022013020 0.929 21.534 38.417 8.292 8.338 21.685 10.903 
231022014520 0.946 21.525 38.417 8.290 8.338 29.884 10.906 
231022020020 0.945 21.540 38.414 8.285 8.324 31.055 10.866 
231022021520 0.913 21.542 38.412 8.278 8.327 0.247 10.894 
231022023020 0.946 21.538 38.413 8.272 8.334 0.236 10.903 
231022024520 0.939 21.540 38.416 8.259 8.336 0.346 10.907 
231022030020 0.929 21.536 38.423 8.250 8.332 0.304 10.852 
231022031520 0.926 21.542 38.419 8.243 8.337 0.329 10.890 
231022033020 0.922 21.532 38.420 8.235 8.337 0.305 10.901 
231022034520 0.934 21.530 38.422 8.226 8.335 0.304 10.906 
231022040020 0.939 21.534 38.424 8.217 8.321 0.334 10.868 
231022041520 0.921 21.532 38.461 8.211 8.322 1.026 10.894 
231022043020 0.925 21.524 38.403 8.204 8.320 0.283 10.903 
231022044520 0.929 21.511 38.441 8.199 8.325 0.318 10.906 
231022050020 0.949 21.525 38.436 8.191 8.326 0.489 10.869 
231022051520 0.931 21.514 38.389 8.194 8.332 0.311 10.895 
231022053020 0.921 21.518 38.386 8.195 8.337 0.382 10.903 
231022054520 0.946 21.511 38.389 8.200 8.331 0.398 10.906 
231022060020 0.933 21.510 38.432 8.199 8.334 0.315 10.847 
231022061520 0.938 21.497 38.425 8.206 8.331 0.316 10.888 
231022063020 0.941 21.509 38.382 8.198 8.335 0.322 10.900 
231022064520 0.939 21.494 38.385 8.197 8.327 0.338 10.905 
231022070020 0.912 21.483 38.385 8.192 8.333 0.305 10.868 
231022071520 0.903 21.487 38.457 8.188 8.331 0.274 10.894 
231022073020 0.895 21.494 38.381 8.190 8.336 0.717 10.903 
231022074520 0.945 21.506 38.395 8.199 8.337 1.519 10.906 
231022080020 0.918 21.483 38.382 8.207 8.337 0.927 10.868 
231022081520 0.940 21.492 38.402 8.208 8.337 2.146 10.894 
231022083020 0.910 21.503 38.385 8.214 8.337 4.525 10.903 
231022084520 0.909 21.504 38.413 8.217 8.334 0.482 10.907 
231022090020 0.929 21.503 38.418 8.221 8.335 6.229 10.851 
231022091520 0.933 21.506 38.419 8.232 8.334 11.316 10.889 
231022093020 0.926 21.506 38.423 8.233 8.330 0.243 10.901 
231022094520 0.965 21.513 38.425 8.240 8.331 0.490 10.905 
231022100020 0.936 21.516 38.424 8.236 8.331 15.189 10.867 
231022101520 0.946 21.516 38.396 8.227 8.332 6.373 10.894 
231022103020 0.941 21.525 38.423 8.217 8.330 0.436 10.903 
231022104520 0.948 21.542 38.426 8.212 8.332 2.539 10.906 
231022110020 0.928 21.537 38.424 8.208 8.332 6.102 10.866 
231022111520 0.938 21.566 38.430 8.193 8.329 2.469 10.894 
231022113020 0.942 21.562 38.430 8.188 8.323 5.206 10.903 
231022114520 0.949 21.581 38.426 8.177 8.325 7.231 10.906 
231022120020 0.944 21.581 38.425 8.186 8.330 0.852 10.852 
231022121520 0.947 21.574 38.423 8.191 8.329 8.342 10.890 
231022123020 0.933 21.576 38.425 8.202 8.330 10.464 10.901 
231022124520 0.949 21.593 38.432 8.207 8.331 3.351 10.906 
231022130020 0.931 21.610 38.424 8.219 8.332 0.207 10.870 
231022131520 0.910 21.638 38.422 8.225 8.333 0.081 10.896 
231022133020 0.932 21.642 38.394 8.242 8.332 0.659 10.904 
231022134520 0.947 21.736 38.423 8.237 8.330 0.075 10.907 
231022140020 0.926 21.831 38.407 8.238 8.330 0.508 10.870 
231022141520 0.969 21.930 38.416 8.238 8.327 0.095 10.896 
231022143020 0.927 21.969 38.413 8.238 8.327 0.085 10.905 
231022144520 0.935 22.009 38.413 8.232 8.327 0.095 10.909 
231022150020 0.927 22.111 38.415 8.208 8.325 0.085 10.852 
231022151520 0.914 22.165 38.421 8.194 8.326 0.086 10.892 
231022153020 0.939 22.246 38.423 8.174 8.325 0.184 10.903 
231022154520 0.922 22.370 38.443 8.132 8.323 0.114 10.909 
231022160020 0.921 22.587 38.348 8.075 8.323 0.127 10.873 
