SAMBAT Sea Ti  C/T/D/Odo/Fluo/pH GPS : 50195 
V:0,Pression (0/50),m
V:1,Température (-5/35),°C
V:2,Salinité (2/42),g/l
V:3,Oxygène (0/20),mgl
V:4,PH (0/14),pH
V:5,Fluorescence (0/50),µgl
V:6,Tension batterie,V
150922143101 0.849 25.936 38.477 7.545 8.287 0.116 10.810 
150922144600 0.687 25.959 38.476 7.547 8.286 0.095 10.914 
150922150100 0.750 25.932 38.483 7.558 8.286 0.115 10.904 
150922151600 0.695 25.913 38.485 7.567 8.286 0.102 10.932 
150922153100 0.845 25.938 38.499 7.566 8.286 0.137 10.940 
150922154600 0.700 25.948 38.495 7.570 8.286 0.075 10.942 
150922160100 0.719 25.971 38.493 7.573 8.286 0.109 10.920 
150922161600 0.780 25.953 38.497 7.582 8.286 0.130 10.938 
150922163100 0.880 25.930 38.498 7.592 8.285 0.081 10.942 
150922164600 0.710 25.884 38.508 7.601 8.284 0.130 10.943 
150922170100 0.660 25.906 38.497 7.605 8.285 0.149 10.920 
150922171600 0.750 25.909 38.496 7.609 8.285 0.159 10.938 
150922173100 0.755 25.901 38.497 7.614 8.285 0.141 10.942 
150922174600 0.736 25.912 38.495 7.612 8.286 0.181 10.944 
150922180100 0.662 25.915 38.495 7.614 8.286 0.206 10.918 
150922181600 0.813 25.906 38.501 7.619 8.287 0.170 10.937 
150922183100 0.744 25.913 38.493 7.618 8.288 0.207 10.942 
150922184600 0.860 25.916 38.492 7.618 8.288 0.220 10.944 
150922190100 0.707 25.913 38.494 7.619 8.289 0.210 10.908 
150922191600 0.775 25.906 38.494 7.622 8.290 0.192 10.935 
150922193100 0.692 25.892 38.503 7.626 8.290 0.173 10.941 
150922194600 0.828 25.887 38.481 7.628 8.291 0.222 10.943 
150922200100 0.821 25.877 38.487 7.631 8.292 0.267 10.918 
150922201600 0.756 25.863 38.489 7.637 8.292 0.204 10.937 
150922203100 0.565 25.851 38.490 7.645 8.293 0.187 10.942 
150922204600 0.794 25.834 38.494 7.642 8.294 0.179 10.943 
150922210100 0.767 25.817 38.489 7.642 8.294 0.229 10.907 
150922211600 0.839 25.810 38.491 7.643 8.295 0.224 10.934 
150922213100 0.714 25.803 38.490 7.644 8.296 0.202 10.940 
150922214600 0.743 25.800 38.493 7.641 8.296 0.181 10.942 
150922220100 0.789 25.796 38.492 7.640 8.297 0.210 10.907 
150922221600 0.812 25.782 38.497 7.638 8.298 0.177 10.934 
150922223100 0.782 25.787 38.500 7.633 8.298 0.180 10.940 
150922224600 0.787 25.773 38.497 7.632 8.298 0.225 10.942 
150922230100 0.756 25.782 38.507 7.627 8.299 0.222 10.920 
150922231600 0.778 25.761 38.516 7.631 8.300 0.199 10.937 
150922233100 0.698 25.776 38.518 7.626 8.299 0.213 10.941 
150922234600 0.796 25.759 38.518 7.627 8.299 0.190 10.943 
160922000100 0.911 25.743 38.501 7.626 8.299 0.194 10.906 
160922001600 0.726 25.734 38.503 7.624 8.298 0.185 10.933 
160922003100 0.784 25.737 38.497 7.621 8.299 0.168 10.940 
160922004600 0.741 25.711 38.507 7.614 8.299 0.215 10.942 
160922010100 0.764 25.691 38.496 7.614 8.299 0.214 10.919 
160922011600 0.895 25.682 38.499 7.608 8.299 0.212 10.936 
160922013100 0.833 25.655 38.500 7.605 8.299 0.233 10.941 
160922014600 0.781 25.649 38.515 7.600 8.299 0.215 10.942 
160922020100 0.829 25.643 38.512 7.593 8.298 0.195 10.918 
160922021600 0.730 25.617 38.505 7.585 8.297 0.213 10.936 
160922023100 0.704 25.604 38.511 7.575 8.298 0.209 10.940 
160922024600 0.815 25.605 38.514 7.562 8.297 0.323 10.942 
160922030100 0.784 25.590 38.510 7.556 8.298 0.192 10.905 
160922031600 0.815 25.560 38.519 7.556 8.297 0.201 10.932 
160922033100 0.780 25.548 38.511 7.550 8.298 0.253 10.939 
160922034600 0.776 25.527 38.515 7.552 8.301 0.188 10.941 
160922040100 0.729 25.520 38.517 7.551 8.302 0.193 10.918 
160922041600 0.729 25.509 38.516 7.552 8.303 0.185 10.936 
160922043100 0.637 25.497 38.514 7.561 8.304 0.194 10.940 
160922044600 0.689 25.496 38.518 7.566 8.305 0.185 10.941 
160922050100 0.761 25.505 38.516 7.572 8.305 0.149 10.916 
160922051600 0.813 25.493 38.521 7.580 8.305 0.164 10.935 
160922053100 0.712 25.482 38.527 7.592 8.306 0.205 10.940 
160922054600 0.877 25.470 38.523 7.605 8.306 0.131 10.941 
160922060100 0.781 25.461 38.522 7.615 8.307 0.187 10.908 
160922061600 0.670 25.437 38.526 7.622 8.308 0.194 10.932 
160922063100 0.754 25.416 38.529 7.626 8.308 0.141 10.939 
160922064600 0.693 25.391 38.541 7.633 8.308 0.151 10.940 
160922070100 0.875 25.372 38.548 7.635 8.308 0.202 10.917 
160922071600 0.638 25.367 38.545 7.637 8.309 0.170 10.935 
160922073100 0.802 25.339 38.547 7.643 8.309 0.145 10.939 
160922074600 0.586 25.345 38.552 7.642 8.309 0.177 10.940 
160922080100 0.787 25.339 38.552 7.639 8.308 0.177 10.916 
160922081600 0.882 25.339 38.541 7.639 8.308 0.155 10.934 
160922083100 0.628 25.358 38.539 7.635 8.307 0.121 10.939 
160922084600 0.734 25.349 38.534 7.640 8.306 0.074 10.940 
160922090100 0.684 25.372 38.533 7.635 8.306 0.118 10.904 
160922091600 0.796 25.378 38.531 7.633 8.304 0.127 10.931 
160922093100 0.768 25.400 38.526 7.632 8.303 0.080 10.938 
160922094600 0.782 25.395 38.521 7.636 8.302 0.041 10.940 
160922100100 0.822 25.415 38.517 7.635 8.301 0.131 10.916 
160922101600 0.807 25.533 38.503 7.605 8.291 0.094 10.934 
160922103100 0.676 25.493 38.498 7.610 8.292 0.097 10.939 
160922104600 0.786 25.517 38.496 7.598 8.289 0.076 10.941 
160922110100 0.695 25.524 38.493 7.593 8.287 0.049 10.904 
160922111600 0.742 25.524 38.489 7.584 8.285 0.099 10.931 
160922113100 0.712 25.530 38.490 7.578 8.286 0.081 10.938 
160922114600 0.781 25.518 38.502 7.573 8.286 0.041 10.940 
160922120100 0.794 25.512 38.499 7.566 8.285 0.073 10.917 
160922121600 0.792 25.512 38.501 7.562 8.285 0.094 10.935 
160922123100 0.722 25.508 38.502 7.557 8.286 0.082 10.939 
160922124600 0.813 25.500 38.503 7.564 8.284 0.088 10.941 
160922130100 0.630 25.487 38.508 7.567 8.286 0.068 10.915 
160922131600 0.772 25.482 38.508 7.576 8.286 0.096 10.934 
160922133100 0.846 25.478 38.508 7.589 8.286 0.054 10.939 
160922134600 0.795 25.463 38.514 7.599 8.286 0.073 10.941 
160922140100 0.729 25.451 38.515 7.611 8.286 0.050 10.916 
160922141600 0.604 25.446 38.518 7.620 8.287 0.084 10.934 
160922143100 0.713 25.440 38.517 7.629 8.287 0.064 10.939 
