SAMBAT Sea Ti  C/T/D/Odo/Fluo/pH GPS : 50195 
V:0,Pression (0/50),m
V:1,Température (-5/35),°C
V:2,Salinité (2/42),g/l
V:3,Oxygène (0/20),mgl
V:4,PH (0/14),pH
V:5,Fluorescence (0/50),µgl
V:6,Tension batterie,V
100922141921 0.819 26.761 38.449 7.571 8.267 0.181 10.817 
100922143420 0.853 26.761 38.446 7.569 8.269 0.208 10.923 
100922144920 0.788 26.743 38.443 7.574 8.269 0.204 10.901 
100922150420 0.768 26.711 38.430 7.580 8.272 0.115 10.924 
100922151920 0.718 26.703 38.432 7.578 8.270 0.149 10.943 
100922153420 0.890 26.688 38.426 7.580 8.272 0.117 10.947 
100922154920 0.854 26.686 38.430 7.581 8.272 0.136 10.905 
100922160420 0.719 26.694 38.420 7.581 8.272 0.122 10.933 
100922161920 0.784 26.665 38.409 7.588 8.273 0.141 10.946 
100922163420 0.809 26.678 38.428 7.582 8.272 0.136 10.949 
100922164920 0.902 26.707 38.437 7.573 8.270 0.157 10.906 
100922170420 0.982 26.673 38.436 7.576 8.272 0.126 10.926 
100922171920 0.839 26.672 38.425 7.578 8.273 0.150 10.944 
100922173420 0.822 26.634 38.428 7.589 8.275 0.115 10.948 
100922174920 0.861 26.643 38.420 7.592 8.276 0.130 10.906 
100922180420 0.884 26.653 38.435 7.590 8.276 0.158 10.934 
100922181920 0.917 26.656 38.444 7.588 8.276 0.200 10.946 
100922183420 0.757 26.676 38.454 7.583 8.276 0.217 10.949 
100922184920 0.825 26.675 38.450 7.583 8.276 0.240 10.906 
100922190420 0.841 26.683 38.447 7.581 8.277 0.298 10.933 
100922191920 0.756 26.654 38.440 7.591 8.278 0.262 10.946 
100922193420 0.762 26.637 38.448 7.594 8.280 0.258 10.949 
100922194920 0.705 26.653 38.447 7.589 8.280 0.293 10.906 
100922200420 0.708 26.645 38.443 7.592 8.282 0.316 10.927 
100922201920 0.832 26.653 38.446 7.591 8.282 0.317 10.944 
100922203420 0.626 26.623 38.435 7.601 8.284 0.253 10.948 
100922204920 0.762 26.629 38.444 7.596 8.285 0.301 10.905 
100922210420 0.816 26.637 38.447 7.591 8.285 0.280 10.934 
100922211920 0.868 26.646 38.444 7.587 8.285 0.366 10.945 
100922213420 0.773 26.649 38.445 7.584 8.286 0.317 10.949 
100922214920 0.764 26.664 38.448 7.579 8.286 0.307 10.906 
100922220420 0.752 26.662 38.452 7.577 8.287 0.386 10.933 
100922221920 0.936 26.657 38.453 7.577 8.288 0.373 10.945 
100922223420 0.785 26.665 38.455 7.575 8.288 0.404 10.948 
100922224920 0.854 26.662 38.456 7.574 8.289 0.373 10.907 
100922230420 0.758 26.656 38.462 7.571 8.289 0.315 10.920 
100922231920 0.893 26.653 38.462 7.569 8.290 0.321 10.942 
100922233420 0.808 26.624 38.448 7.570 8.291 0.285 10.947 
100922234920 0.822 26.613 38.445 7.567 8.293 0.275 10.906 
110922000420 0.902 26.599 38.447 7.564 8.293 0.270 10.933 
110922001920 0.854 26.605 38.426 7.563 8.293 0.297 10.945 
110922003420 0.889 26.610 38.457 7.553 8.293 0.306 10.948 
110922004920 0.878 26.618 38.463 7.551 8.293 0.325 10.906 
110922010420 0.892 26.607 38.457 7.546 8.294 0.284 10.925 
110922011920 0.918 26.591 38.469 7.541 8.294 0.311 10.943 
110922013420 0.840 26.575 38.472 7.538 8.294 0.273 10.948 
110922014920 0.849 26.567 38.467 7.534 8.294 0.329 10.905 
110922020420 0.785 26.556 38.466 7.537 8.295 0.280 10.933 
110922021920 0.857 26.563 38.471 7.533 8.296 0.274 10.945 
110922023420 0.830 26.511 38.465 7.543 8.296 0.275 10.948 
110922024920 0.871 26.542 38.472 7.535 8.296 0.277 10.905 
110922030420 0.898 26.507 38.456 7.543 8.298 0.239 10.933 
110922031920 0.845 26.449 38.464 7.545 8.299 0.224 10.945 
110922033420 0.822 26.479 38.457 7.539 8.300 0.195 10.948 
110922034920 0.867 26.496 38.461 7.539 8.299 0.226 10.905 
110922040420 0.805 26.471 38.455 7.551 8.300 0.250 10.924 
110922041920 0.771 26.466 38.451 7.557 8.300 0.258 10.942 
110922043420 0.805 26.413 38.454 7.567 8.300 0.272 10.947 
110922044920 0.772 26.440 38.460 7.565 8.300 0.218 10.905 
110922050420 0.758 26.438 38.454 7.571 8.300 0.286 10.933 
110922051920 0.877 26.421 38.466 7.573 8.300 0.185 10.944 
110922053420 0.809 26.423 38.460 7.575 8.300 0.243 10.947 
110922054920 0.839 26.412 38.456 7.580 8.300 0.235 10.905 
110922060420 0.803 26.402 38.457 7.584 8.300 0.249 10.933 
110922061920 0.874 26.387 38.441 7.585 8.300 0.240 10.944 
110922063420 0.875 26.379 38.448 7.579 8.300 0.263 10.947 
110922064920 0.796 26.387 38.455 7.576 8.300 0.251 10.904 
110922070420 0.713 26.366 38.448 7.578 8.300 0.252 10.923 
110922071920 0.795 26.351 38.443 7.580 8.299 0.273 10.942 
110922073420 0.858 26.349 38.439 7.578 8.299 0.266 10.946 
110922074920 0.841 26.344 38.443 7.579 8.298 0.250 10.904 
110922080420 0.865 26.310 38.441 7.582 8.298 0.236 10.931 
110922081920 0.797 26.240 38.434 7.586 8.298 0.162 10.944 
110922083420 0.872 26.220 38.434 7.580 8.298 0.143 10.947 
110922084920 0.861 26.238 38.425 7.576 8.297 0.123 10.904 
110922090420 0.877 26.242 38.440 7.572 8.296 0.119 10.923 
110922091920 0.745 26.248 38.430 7.566 8.295 0.107 10.941 
110922093420 0.769 26.245 38.436 7.561 8.294 0.108 10.946 
110922094920 0.791 26.256 38.416 7.553 8.293 0.089 10.903 
110922100420 0.812 26.263 38.434 7.548 8.291 0.080 10.931 
110922101920 0.872 26.266 38.433 7.543 8.290 0.084 10.943 
110922103420 0.821 26.276 38.428 7.537 8.289 0.095 10.946 
110922104920 0.885 26.290 38.422 7.546 8.288 0.062 10.903 
110922110420 0.840 26.296 38.434 7.551 8.287 0.083 10.931 
110922111920 0.847 26.316 38.430 7.550 8.286 0.054 10.943 
110922113420 0.792 26.313 38.435 7.556 8.285 0.054 10.946 
110922114920 0.866 26.344 38.434 7.562 8.284 0.063 10.903 
110922120420 0.885 26.372 38.427 7.560 8.283 0.097 10.930 
110922121920 0.809 26.412 38.432 7.561 8.282 0.065 10.943 
110922123420 0.857 26.421 38.419 7.568 8.280 0.044 10.947 
110922124920 0.835 26.427 38.430 7.574 8.280 0.065 10.904 
110922130420 0.839 26.456 38.435 7.576 8.280 0.060 10.923 
110922131920 0.867 26.468 38.428 7.580 8.279 0.074 10.942 
110922133420 0.948 26.470 38.429 7.578 8.278 0.062 10.946 
110922134920 0.822 26.493 38.448 7.575 8.276 0.082 10.904 
110922140420 0.861 26.589 38.435 7.560 8.270 0.105 10.932 
110922141920 0.907 26.547 38.452 7.562 8.271 0.138 10.944 
