SAMBAT Sea Ti  C/T/D/Odo/Fluo/pH GPS : 50195 
V:0,Pression (0/50),m
V:1,Température (-5/35),°C
V:2,Salinité (2/42),g/l
V:3,Oxygène (0/20),mgl
V:4,PH (0/14),pH
V:5,Fluorescence (0/50),µgl
V:6,Tension batterie,V
140922142836 0.772 26.813 38.502 7.341 8.269 0.146 10.815 
140922144335 0.791 26.813 38.512 7.341 8.270 0.212 10.920 
140922145835 0.801 26.836 38.493 7.341 8.269 0.119 10.913 
140922151335 0.799 26.962 38.511 7.312 8.267 0.125 10.939 
140922152835 0.804 26.972 38.525 7.308 8.267 0.137 10.945 
140922154335 0.802 26.982 38.475 7.319 8.269 0.183 10.948 
140922155835 0.806 26.879 38.479 7.335 8.270 0.207 10.903 
140922161335 0.837 26.788 38.491 7.344 8.272 0.214 10.938 
140922162835 0.798 26.764 38.492 7.345 8.272 0.202 10.946 
140922164335 0.840 26.745 38.490 7.350 8.271 0.232 10.948 
140922165835 0.812 26.729 38.491 7.353 8.271 0.221 10.920 
140922171335 0.829 26.715 38.489 7.359 8.272 0.205 10.942 
140922172835 0.839 26.724 38.484 7.355 8.270 0.260 10.947 
140922174335 0.808 26.722 38.479 7.356 8.272 0.309 10.948 
140922175835 0.807 26.732 38.477 7.355 8.274 0.300 10.907 
140922181335 0.796 26.669 38.469 7.370 8.278 0.291 10.939 
140922182835 0.828 26.596 38.475 7.389 8.279 0.258 10.945 
140922184335 0.772 26.534 38.470 7.406 8.280 0.302 10.947 
140922185835 0.810 26.492 38.473 7.421 8.282 0.300 10.920 
140922191335 0.741 26.452 38.471 7.438 8.283 0.300 10.941 
140922192835 0.765 26.379 38.473 7.449 8.284 0.225 10.946 
140922194335 0.780 26.363 38.478 7.459 8.283 0.264 10.947 
140922195835 0.806 26.335 38.503 7.473 8.284 0.240 10.902 
140922201335 0.823 26.307 38.499 7.482 8.285 0.264 10.936 
140922202835 0.811 26.273 38.502 7.488 8.285 0.302 10.944 
140922204335 0.859 26.270 38.505 7.484 8.285 0.295 10.946 
140922205835 0.687 26.265 38.505 7.485 8.285 0.233 10.917 
140922211335 0.811 26.246 38.513 7.485 8.285 0.182 10.940 
140922212835 0.784 26.355 38.516 7.466 8.284 0.223 10.945 
140922214335 0.787 26.355 38.514 7.460 8.284 0.225 10.946 
140922215835 0.807 26.319 38.512 7.467 8.286 0.222 10.901 
140922221335 0.786 26.308 38.513 7.466 8.285 0.206 10.936 
140922222835 0.805 26.285 38.514 7.469 8.286 0.223 10.944 
140922224335 0.803 26.252 38.508 7.475 8.288 0.208 10.946 
140922225835 0.793 26.197 38.502 7.481 8.288 0.178 10.917 
140922231335 0.792 26.156 38.502 7.489 8.291 0.217 10.939 
140922232835 0.793 26.104 38.490 7.491 8.290 0.242 10.944 
140922234335 0.749 26.087 38.482 7.490 8.292 0.202 10.946 
140922235835 0.775 26.062 38.487 7.492 8.293 0.202 10.899 
150922001335 0.820 26.056 38.485 7.491 8.294 0.211 10.934 
150922002835 0.811 26.031 38.490 7.489 8.294 0.192 10.942 
150922004335 0.774 25.993 38.489 7.488 8.295 0.161 10.944 
150922005835 0.753 25.985 38.496 7.484 8.295 0.158 10.916 
150922011335 0.778 25.967 38.462 7.485 8.295 0.200 10.938 
150922012835 0.778 25.953 38.458 7.483 8.296 0.211 10.943 
150922014335 0.771 25.944 38.460 7.486 8.296 0.273 10.945 
150922015835 0.813 25.938 38.461 7.488 8.296 0.173 10.915 
150922021335 0.857 25.926 38.463 7.492 8.296 0.172 10.938 
150922022835 0.806 25.932 38.464 7.489 8.297 0.174 10.943 
150922024335 0.773 25.915 38.458 7.494 8.297 0.162 10.944 
150922025835 0.832 25.919 38.463 7.495 8.296 0.207 10.898 
150922031335 0.817 25.921 38.478 7.495 8.297 0.176 10.933 
150922032835 0.820 25.915 38.478 7.494 8.297 0.310 10.941 
150922034335 0.797 25.907 38.483 7.499 8.297 0.270 10.944 
150922035835 0.788 25.916 38.475 7.500 8.298 0.151 10.915 
150922041335 0.769 25.907 38.474 7.502 8.298 0.174 10.937 
150922042835 0.786 25.916 38.475 7.506 8.298 0.142 10.942 
150922044335 0.809 25.916 38.465 7.509 8.297 0.194 10.944 
150922045835 0.755 25.901 38.462 7.513 8.298 0.186 10.915 
150922051335 0.802 25.918 38.467 7.508 8.298 0.144 10.937 
150922052835 0.763 25.912 38.473 7.506 8.299 0.172 10.943 
150922054335 0.805 25.912 38.484 7.511 8.299 0.185 10.944 
150922055835 0.805 25.909 38.482 7.516 8.299 0.212 10.914 
150922061335 0.783 25.913 38.483 7.515 8.299 0.207 10.937 
150922062835 0.769 25.910 38.476 7.519 8.299 0.201 10.942 
150922064335 0.802 25.898 38.470 7.523 8.300 0.186 10.944 
150922065835 0.774 25.889 38.464 7.524 8.301 0.158 10.898 
150922071335 0.778 25.900 38.466 7.524 8.300 0.248 10.933 
150922072835 0.789 25.910 38.467 7.525 8.300 0.197 10.941 
150922074335 0.808 25.912 38.461 7.530 8.300 0.146 10.944 
150922075835 0.782 25.900 38.464 7.535 8.300 0.212 10.914 
150922081335 0.732 25.904 38.456 7.539 8.299 0.228 10.937 
150922082835 0.773 25.921 38.457 7.535 8.298 0.204 10.942 
150922084335 0.748 25.912 38.458 7.536 8.298 0.203 10.944 
150922085835 0.750 25.916 38.454 7.537 8.298 0.207 10.912 
150922091335 0.758 25.918 38.450 7.537 8.298 0.168 10.937 
150922092835 0.760 25.922 38.454 7.532 8.296 0.210 10.942 
150922094335 0.760 25.918 38.453 7.529 8.296 0.181 10.944 
150922095835 0.823 25.916 38.452 7.526 8.296 0.163 10.898 
150922101335 0.732 25.910 38.448 7.525 8.296 0.168 10.933 
150922102835 0.797 25.921 38.451 7.523 8.295 0.123 10.941 
150922104335 0.802 25.938 38.466 7.514 8.294 0.152 10.943 
150922105835 0.766 25.942 38.456 7.511 8.294 0.215 10.914 
150922111335 0.752 25.961 38.467 7.507 8.293 0.161 10.937 
150922112835 0.794 25.959 38.465 7.505 8.293 0.182 10.942 
150922114335 0.763 25.958 38.463 7.501 8.292 0.191 10.944 
150922115835 0.759 25.950 38.459 7.507 8.292 0.201 10.914 
150922121335 0.817 25.938 38.453 7.505 8.291 0.166 10.937 
150922122835 0.759 25.961 38.450 7.499 8.290 0.139 10.942 
150922124335 0.787 25.973 38.453 7.491 8.290 0.127 10.944 
150922125835 0.786 26.025 38.464 7.484 8.291 0.156 10.898 
150922131335 0.776 26.027 38.469 7.488 8.289 0.155 10.933 
150922132835 0.823 25.999 38.467 7.497 8.289 0.126 10.941 
150922134335 0.836 26.005 38.467 7.499 8.289 0.129 10.944 
150922135835 0.754 26.011 38.478 7.501 8.289 0.155 10.915 
150922141335 0.822 25.987 38.470 7.514 8.287 0.114 10.937 
150922142835 0.803 25.939 38.474 7.527 8.287 0.104 10.943 
