SAMBAT Sea Ti  C/T/D/Odo/Fluo/pH GPS : 50195 
V:0,Pression (0/50),m
V:1,Température (-5/35),°C
V:2,Salinité (2/42),g/l
V:3,Oxygène (0/20),mgl
V:4,PH (0/14),pH
V:5,Fluorescence (0/50),µgl
V:6,Tension batterie,V
220922144856 0.882 24.322 38.593 7.659 8.302 0.044 10.792 
220922150355 0.861 24.328 38.595 7.661 8.297 0.092 10.886 
220922151855 0.886 24.320 38.597 7.665 8.300 0.080 10.914 
220922153355 0.877 24.278 38.586 7.668 8.303 0.048 10.923 
220922154855 0.861 24.260 38.593 7.664 8.304 0.069 10.875 
220922160355 0.868 24.251 38.593 7.662 8.304 0.066 10.907 
220922161855 0.875 24.248 38.589 7.649 8.301 0.071 10.922 
220922163355 0.868 24.223 38.594 7.638 8.292 0.085 10.927 
220922164855 0.847 24.213 38.574 7.630 8.305 0.101 10.877 
220922170355 0.843 24.210 38.579 7.625 8.304 0.112 10.907 
220922171855 0.856 24.188 38.594 7.613 8.301 0.092 10.923 
220922173355 0.870 24.181 38.579 7.600 8.300 0.122 10.927 
220922174855 0.893 24.133 38.577 7.597 8.306 0.155 10.876 
220922180355 0.878 24.136 38.577 7.591 8.300 0.160 10.907 
220922181855 0.867 24.108 38.582 7.590 8.306 0.182 10.922 
220922183355 0.867 24.094 38.580 7.573 8.302 0.191 10.927 
220922184855 0.866 24.091 38.593 7.568 8.306 0.181 10.876 
220922190355 0.865 24.069 38.588 7.570 8.307 0.212 10.900 
220922191855 0.884 24.070 38.585 7.561 8.305 0.215 10.920 
220922193355 0.889 24.072 38.585 7.556 8.306 0.177 10.925 
220922194855 0.869 24.041 38.594 7.559 8.306 0.253 10.876 
220922200355 0.867 24.045 38.588 7.556 8.310 0.157 10.899 
220922201855 0.925 24.035 38.586 7.550 8.310 0.188 10.919 
220922203355 0.910 24.017 38.594 7.552 8.304 0.168 10.925 
220922204855 0.886 24.013 38.589 7.553 8.309 0.179 10.875 
220922210355 0.867 24.024 38.579 7.563 8.313 0.132 10.907 
220922211855 0.858 24.014 38.588 7.572 8.312 0.192 10.921 
220922213355 0.814 23.989 38.581 7.588 8.310 0.323 10.926 
220922214855 0.850 24.011 38.581 7.596 8.312 0.212 10.875 
220922220355 0.874 24.002 38.588 7.597 8.303 0.229 10.907 
220922221855 0.881 24.003 38.591 7.598 8.313 0.215 10.921 
220922223355 0.868 24.007 38.592 7.608 8.303 0.180 10.926 
220922224855 0.879 24.014 38.592 7.611 8.308 0.247 10.875 
220922230355 0.896 24.003 38.577 7.612 8.313 0.166 10.899 
220922231855 0.906 24.005 38.578 7.606 8.314 0.189 10.918 
220922233355 0.928 24.007 38.577 7.604 8.308 0.145 10.925 
220922234855 0.885 24.002 38.584 7.600 8.314 0.165 10.875 
230922000355 0.909 24.016 38.577 7.595 8.312 0.149 10.907 
230922001855 0.934 24.005 38.593 7.588 8.313 0.139 10.921 
230922003355 0.889 24.025 38.580 7.589 8.311 0.305 10.925 
230922004855 0.909 24.035 38.579 7.584 8.314 0.167 10.875 
230922010355 0.901 24.038 38.580 7.574 8.314 0.226 10.907 
230922011855 0.920 24.041 38.582 7.566 8.308 0.167 10.921 
230922013355 0.895 24.041 38.582 7.561 8.314 0.195 10.926 
230922014855 0.924 24.027 38.582 7.564 8.314 0.176 10.875 
230922020355 0.876 24.018 38.589 7.560 8.314 0.158 10.905 
230922021855 0.902 24.005 38.581 7.563 8.315 0.177 10.921 
230922023355 0.887 24.013 38.587 7.553 8.314 0.267 10.926 
230922024855 0.897 24.007 38.592 7.549 8.314 0.147 10.875 
230922030355 0.888 24.018 38.585 7.541 8.299 0.174 10.899 
230922031855 0.874 24.005 38.594 7.533 8.307 0.173 10.919 
230922033355 0.902 24.010 38.581 7.527 8.310 0.203 10.925 
230922034855 0.908 23.992 38.582 7.527 8.304 0.235 10.875 
230922040355 0.885 23.971 38.564 7.533 8.308 0.222 10.907 
230922041855 0.865 23.981 38.585 7.528 8.310 0.190 10.921 
230922043355 0.900 23.945 38.587 7.532 8.314 0.230 10.925 
230922044855 0.895 23.942 38.579 7.526 8.311 0.199 10.875 
230922050355 0.902 23.970 38.578 7.515 8.311 0.184 10.906 
230922051855 0.892 23.947 38.581 7.514 8.306 0.242 10.921 
230922053355 0.902 23.947 38.569 7.512 8.308 0.258 10.925 
230922054855 0.902 23.928 38.581 7.512 8.309 0.192 10.875 
230922060355 0.896 23.903 38.580 7.517 8.313 0.143 10.898 
230922061855 0.897 23.916 38.586 7.511 8.307 0.214 10.918 
230922063355 0.886 23.914 38.583 7.501 8.310 0.173 10.924 
230922064855 0.901 23.906 38.592 7.492 8.314 0.224 10.874 
230922070355 0.910 23.884 38.601 7.493 8.306 0.169 10.905 
230922071855 0.883 23.896 38.596 7.498 8.292 0.246 10.920 
230922073355 0.895 23.857 38.605 7.509 8.311 0.172 10.925 
230922074855 0.935 23.873 38.602 7.519 8.318 0.143 10.874 
230922080355 0.937 23.859 38.597 7.531 8.319 0.150 10.905 
230922081855 0.898 23.826 38.590 7.553 8.318 0.111 10.920 
230922083355 0.896 23.826 38.615 7.559 8.319 0.103 10.925 
230922084855 0.905 23.803 38.613 7.572 8.318 0.122 10.874 
230922090355 0.911 23.805 38.609 7.588 8.320 0.074 10.897 
230922091855 0.916 23.805 38.611 7.595 8.319 0.088 10.917 
230922093355 0.927 23.827 38.604 7.604 8.312 0.040 10.923 
230922094855 0.871 23.830 38.598 7.607 8.313 0.067 10.874 
230922100355 0.873 23.839 38.598 7.604 8.313 0.102 10.905 
230922101855 0.933 23.849 38.596 7.600 8.314 0.078 10.920 
230922103355 0.903 23.856 38.586 7.599 8.310 0.071 10.924 
230922104855 0.911 23.873 38.592 7.600 8.312 0.058 10.874 
230922110355 0.893 23.874 38.590 7.603 8.296 0.088 10.905 
230922111855 0.873 23.889 38.591 7.604 8.310 0.068 10.920 
230922113355 0.914 23.897 38.592 7.603 8.309 0.076 10.925 
230922114855 0.921 23.897 38.588 7.610 8.306 0.078 10.874 
230922120355 0.906 23.952 38.595 7.600 8.306 0.061 10.898 
230922121855 0.904 23.949 38.588 7.601 8.296 0.068 10.918 
230922123355 0.922 23.982 38.595 7.596 8.305 0.054 10.924 
230922124855 0.911 23.957 38.591 7.600 8.304 0.036 10.874 
230922130355 0.889 23.975 38.594 7.597 8.300 0.000 10.906 
230922131855 0.866 23.947 38.589 7.604 8.308 0.024 10.920 
230922133355 0.904 23.946 38.595 7.612 8.309 0.046 10.925 
230922134855 0.894 23.964 38.593 7.620 8.304 0.061 10.875 
230922140355 0.853 23.968 38.598 7.633 8.307 0.081 10.905 
230922141855 0.911 23.975 38.599 7.642 8.306 0.047 10.920 
230922143355 0.822 23.961 38.600 7.653 8.306 0.065 10.925 
230922144855 0.926 23.925 38.596 7.671 8.305 0.084 10.875 
