SAMBAT Sea Ti  C/T/D/Odo/Fluo/pH GPS : 50195 
V:0,Pression (0/50),m
V:1,Température (-5/35),°C
V:2,Salinité (2/42),g/l
V:3,Oxygène (0/20),mgl
V:4,PH (0/14),pH
V:5,Fluorescence (0/50),µgl
V:6,Tension batterie,V
051122163330 0.809 21.450 37.792 8.368 8.322 0.268 10.773 
051122164829 0.969 21.434 37.795 8.372 8.322 0.284 10.869 
051122170329 1.007 21.461 37.785 8.365 8.322 0.359 10.870 
051122171829 0.926 21.454 37.786 8.363 8.322 0.287 10.894 
051122173329 0.900 21.429 37.785 8.371 8.322 0.329 10.902 
051122174829 0.843 21.433 37.794 8.369 8.322 0.348 10.906 
051122180329 0.840 21.413 37.829 8.374 8.322 0.346 10.876 
051122181829 0.802 21.431 37.767 8.362 8.322 0.314 10.896 
051122183329 0.805 21.414 37.796 8.361 8.323 0.329 10.904 
051122184829 0.875 21.413 37.829 8.357 8.323 0.352 10.907 
051122190329 0.903 21.431 37.780 8.352 8.324 0.335 10.875 
051122191829 0.815 21.425 37.770 8.351 8.325 0.284 10.897 
051122193329 0.832 21.419 37.775 8.347 8.325 0.284 10.904 
051122194829 0.853 21.417 37.790 8.342 8.326 0.384 10.907 
051122200329 0.883 21.431 37.782 8.335 8.325 0.249 10.877 
051122201829 0.892 21.440 37.776 8.331 8.326 0.324 10.897 
051122203329 0.872 21.431 37.774 8.334 8.327 0.283 10.905 
051122204829 0.920 21.423 37.760 8.338 8.327 0.285 10.907 
051122210329 0.913 21.382 37.758 8.349 8.327 0.273 10.878 
051122211829 0.882 21.412 37.766 8.342 8.327 0.309 10.898 
051122213329 0.926 21.413 37.768 8.336 8.328 0.323 10.905 
051122214829 0.865 21.431 37.761 8.335 8.327 0.329 10.907 
051122220329 0.887 21.402 37.787 8.338 8.328 0.361 10.870 
051122221829 0.869 21.431 37.775 8.333 8.327 0.341 10.895 
051122223329 0.973 21.409 37.768 8.340 8.328 0.289 10.903 
051122224829 0.980 21.412 37.774 8.335 8.329 0.302 10.907 
051122230329 0.931 21.382 37.777 8.340 8.330 0.321 10.878 
051122231829 0.881 21.412 37.763 8.333 8.330 0.284 10.898 
051122233329 0.858 21.390 37.777 8.337 8.328 0.427 10.905 
051122234829 0.859 21.415 37.765 8.336 8.330 0.400 10.907 
061122000329 0.899 21.384 37.745 8.345 8.332 0.293 10.869 
061122001829 0.900 21.412 37.724 8.343 8.332 0.391 10.895 
061122003329 0.842 21.409 37.741 8.342 8.332 0.325 10.903 
061122004829 0.902 21.397 37.736 8.347 8.333 0.342 10.907 
061122010329 0.923 21.407 37.745 8.342 8.334 0.302 10.869 
061122011829 0.844 21.398 37.733 8.347 8.334 0.467 10.894 
061122013329 0.853 21.397 37.730 8.348 8.334 0.363 10.903 
061122014829 0.865 21.369 37.727 8.352 8.334 0.336 10.907 
061122020329 0.857 21.366 37.738 8.356 8.334 0.309 10.878 
061122021829 0.867 21.364 37.725 8.351 8.335 0.283 10.898 
061122023329 0.885 21.366 37.752 8.346 8.334 0.344 10.905 
061122024829 0.864 21.360 37.766 8.342 8.335 0.261 10.907 
061122030329 0.930 21.370 37.769 8.335 8.334 0.337 10.869 
061122031829 0.917 21.406 37.754 8.328 8.334 0.296 10.895 
061122033329 0.899 21.390 37.752 8.328 8.333 0.325 10.903 
061122034829 0.837 21.402 37.756 8.323 8.333 0.283 10.907 
061122040329 0.926 21.386 37.761 8.323 8.334 0.300 10.878 
061122041829 0.898 21.406 37.762 8.318 8.334 0.302 10.898 
061122043329 0.852 21.373 37.823 8.320 8.334 0.312 10.904 
061122044829 0.875 21.382 37.815 8.317 8.333 0.251 10.907 
061122050329 0.853 21.388 37.797 8.317 8.334 0.395 10.869 
061122051829 0.884 21.380 37.779 8.324 8.334 0.304 10.895 
061122053329 0.896 21.371 37.774 8.325 8.335 0.384 10.903 
061122054829 0.902 21.391 37.796 8.322 8.334 0.292 10.907 
061122060329 0.903 21.384 37.786 8.324 8.335 0.344 10.877 
061122061829 0.925 21.391 37.789 8.320 8.335 0.276 10.897 
061122063329 0.849 21.373 37.790 8.319 8.335 0.272 10.904 
061122064829 0.902 21.379 37.789 8.319 8.335 0.354 10.907 
061122070329 0.906 21.376 37.775 8.319 8.334 0.321 10.878 
061122071829 0.872 21.373 37.778 8.319 8.334 0.295 10.898 
061122073329 0.839 21.374 37.775 8.319 8.334 0.701 10.904 
061122074829 0.882 21.353 37.770 8.319 8.336 0.333 10.907 
061122080329 0.916 21.370 37.769 8.315 8.336 0.320 10.877 
061122081829 0.942 21.368 37.799 8.310 8.336 0.415 10.897 
061122083329 0.900 21.352 37.769 8.312 8.336 0.384 10.904 
061122084829 0.912 21.324 37.759 8.324 8.335 0.375 10.907 
061122090329 0.861 21.355 37.769 8.312 8.336 0.325 10.878 
061122091829 0.878 21.341 37.787 8.319 8.336 0.238 10.897 
061122093329 0.895 21.354 37.778 8.311 8.335 0.183 10.904 
061122094829 0.918 21.346 37.782 8.311 8.334 0.180 10.907 
061122100329 0.903 21.349 37.780 8.309 8.334 0.123 10.877 
061122101829 0.883 21.355 37.769 8.306 8.333 0.185 10.897 
061122103329 0.910 21.351 37.768 8.308 8.332 0.131 10.904 
061122104829 0.873 21.346 37.777 8.314 8.333 0.097 10.907 
061122110329 0.899 21.359 37.772 8.304 8.331 0.131 10.877 
061122111829 0.947 21.354 37.772 8.301 8.330 0.112 10.897 
061122113329 0.889 21.364 37.758 8.300 8.332 0.094 10.904 
061122114829 0.904 21.425 37.765 8.289 8.332 0.091 10.907 
061122120329 0.910 21.445 37.780 8.284 8.331 0.073 10.873 
061122121829 0.923 21.458 37.784 8.287 8.331 0.078 10.896 
061122123329 0.902 21.470 37.780 8.286 8.331 0.149 10.904 
061122124829 0.936 21.478 37.742 8.287 8.331 0.098 10.907 
061122130329 0.903 21.488 37.780 8.284 8.331 0.097 10.878 
061122131829 0.913 21.495 37.791 8.286 8.330 0.092 10.898 
061122133329 0.920 21.511 37.767 8.288 8.329 0.080 10.905 
061122134829 0.889 21.520 37.784 8.287 8.329 0.062 10.908 
061122140329 0.887 21.540 37.780 8.287 8.329 0.086 10.879 
061122141829 0.922 21.558 37.781 8.283 8.328 0.100 10.899 
061122143329 0.896 21.556 37.797 8.284 8.327 0.077 10.905 
061122144829 0.861 21.571 37.787 8.278 8.327 0.106 10.908 
061122150329 0.890 21.574 37.797 8.274 8.327 0.166 10.877 
061122151829 0.925 21.563 37.799 8.275 8.327 0.137 10.898 
061122153329 0.880 21.547 37.784 8.285 8.327 0.109 10.905 
061122154829 0.899 21.540 37.795 8.288 8.327 0.135 10.908 
061122160329 0.938 21.518 37.800 8.290 8.327 0.171 10.879 
061122161829 0.900 21.499 37.796 8.298 8.327 0.157 10.899 
061122163329 0.911 21.493 37.791 8.304 8.327 0.217 10.905 
