SAMBAT Sea Ti  C/T/D/Odo/Fluo/pH GPS : 50195 
V:0,Pression (0/50),m
V:1,Température (-5/35),°C
V:2,Salinité (2/42),g/l
V:3,Oxygène (0/20),mgl
V:4,PH (0/14),pH
V:5,Fluorescence (0/50),µgl
V:6,Tension batterie,V
081122164033 0.929 21.420 37.788 8.201 8.316 0.212 10.772 
081122165532 0.940 21.415 37.747 8.235 8.318 0.246 10.822 
081122171032 0.925 21.401 37.769 8.262 8.321 0.250 10.879 
081122172532 0.913 21.391 37.770 8.277 8.319 0.231 10.896 
081122174032 0.913 21.402 37.757 8.309 8.320 0.363 10.899 
081122175532 0.929 21.402 37.766 8.316 8.320 0.244 10.823 
081122181032 0.926 21.344 37.763 8.319 8.319 0.246 10.885 
081122182532 0.920 21.331 37.773 8.307 8.319 0.296 10.899 
081122184032 0.909 21.294 37.740 8.298 8.322 0.376 10.904 
081122185532 0.915 21.293 37.756 8.290 8.318 0.296 10.827 
081122191032 0.932 21.280 37.763 8.256 8.316 0.335 10.882 
081122192532 0.947 21.275 37.763 8.239 8.322 0.300 10.898 
081122194032 0.924 21.271 37.766 8.218 8.322 0.327 10.900 
081122195532 0.887 21.269 37.763 8.215 8.319 0.295 10.739 
081122201032 0.906 21.254 37.764 8.217 8.323 0.307 10.875 
081122202532 0.926 21.249 37.775 8.213 8.321 0.306 10.895 
081122204032 0.902 21.249 37.763 8.214 8.323 0.416 10.903 
081122205532 0.923 21.247 37.763 8.209 8.324 0.352 10.843 
081122211032 0.933 21.233 37.754 8.209 8.326 0.246 10.888 
081122212532 0.950 21.246 37.748 8.214 8.328 0.248 10.900 
081122214032 0.949 21.239 37.747 8.250 8.328 0.249 10.901 
081122215532 0.906 21.241 37.741 8.261 8.327 0.321 10.843 
081122221032 0.922 21.236 37.743 8.262 8.329 0.238 10.888 
081122222532 0.932 21.237 37.740 8.298 8.327 0.227 10.896 
081122224032 0.951 21.231 37.741 8.307 8.324 0.265 10.904 
081122225532 0.918 21.233 37.739 8.285 8.329 0.266 10.728 
081122231032 0.919 21.239 37.737 8.273 8.327 0.296 10.878 
081122232532 0.928 21.226 37.737 8.248 8.328 0.236 10.894 
081122234032 0.925 21.220 37.734 8.180 8.322 0.295 10.898 
081122235532 0.922 21.227 37.725 8.170 8.326 0.271 10.842 
091122001032 0.951 21.233 37.728 8.171 8.328 0.270 10.884 
091122002532 0.928 21.229 37.733 8.172 8.331 0.233 10.899 
091122004032 0.912 21.230 37.724 8.182 8.332 0.283 10.904 
091122005532 0.914 21.233 37.726 8.182 8.328 0.403 10.843 
091122011032 0.905 21.227 37.624 8.194 8.331 0.279 10.888 
091122012532 0.937 21.222 37.732 8.224 8.330 0.266 10.896 
091122014032 0.937 21.219 37.739 8.215 8.330 0.269 10.903 
091122015532 0.930 21.226 37.736 8.206 8.332 0.239 10.825 
091122021032 0.926 21.221 37.750 8.191 8.331 0.245 10.885 
091122022532 0.919 21.219 37.764 8.185 8.331 0.297 10.896 
091122024032 0.936 21.205 37.748 8.196 8.327 0.294 10.899 
091122025532 0.934 21.221 37.745 8.194 8.333 0.254 10.825 
091122031032 0.926 21.209 37.737 8.202 8.334 0.228 10.885 
091122032532 0.930 21.198 37.742 8.227 8.334 0.282 10.894 
091122034032 0.906 21.205 37.590 8.234 8.334 0.252 10.903 
091122035532 0.932 21.213 37.725 8.234 8.334 0.217 10.845 
091122041032 0.916 21.208 37.728 8.246 8.334 0.251 10.884 
091122042532 0.921 21.202 37.730 8.249 8.334 0.262 10.899 
091122044032 0.926 21.199 37.736 8.239 8.334 0.263 10.902 
091122045532 0.915 21.209 37.732 8.232 8.333 0.253 10.844 
091122051032 0.942 21.190 37.725 8.238 8.332 0.309 10.884 
091122052532 0.901 21.196 37.714 8.237 8.334 0.234 10.899 
091122054032 0.941 21.186 37.721 8.254 8.337 0.272 10.900 
091122055532 0.929 21.199 37.705 8.281 8.337 0.259 10.841 
091122061032 0.955 21.173 37.719 8.283 8.337 0.334 10.888 
091122062532 0.947 21.163 37.708 8.280 8.337 0.206 10.896 
091122064032 0.905 21.178 37.710 8.278 8.337 0.211 10.903 
091122065532 0.940 21.159 37.717 8.275 8.334 0.236 10.841 
091122071032 0.901 21.192 37.713 8.264 8.335 0.258 10.888 
091122072532 0.932 21.165 37.731 8.264 8.337 0.305 10.898 
091122074032 0.929 21.190 37.719 8.275 8.336 0.217 10.900 
091122075532 0.941 21.190 37.710 8.275 8.335 0.258 10.840 
091122081032 0.912 21.190 37.723 8.265 8.336 0.264 10.883 
091122082532 0.908 21.190 37.728 8.258 8.334 0.255 10.896 
091122084032 0.946 21.163 37.703 8.256 8.336 0.166 10.903 
091122085532 0.935 21.182 37.710 8.244 8.333 0.235 10.843 
091122091032 0.955 21.186 37.720 8.226 8.334 0.296 10.884 
091122092532 0.929 21.186 37.707 8.226 8.334 0.215 10.897 
091122094032 0.936 21.174 37.714 8.229 8.334 0.150 10.899 
091122095532 0.907 21.186 37.714 8.231 8.333 0.125 10.840 
091122101032 0.929 21.190 37.712 8.238 8.334 0.207 10.883 
091122102532 0.942 21.195 37.714 8.233 8.332 0.131 10.898 
091122104032 0.910 21.202 37.713 8.237 8.332 0.101 10.901 
091122105532 0.924 21.205 37.724 8.236 8.329 0.089 10.823 
091122111032 0.955 21.209 37.720 8.228 8.329 0.098 10.884 
091122112532 0.927 21.230 38.045 8.232 8.330 0.088 10.894 
091122114032 0.914 21.230 37.719 8.225 8.330 0.120 10.903 
091122115532 0.929 21.238 37.721 8.220 8.327 0.087 10.734 
091122121032 0.915 21.247 37.716 8.222 8.328 0.112 10.878 
091122122532 0.914 21.254 37.674 8.222 8.327 0.090 10.896 
091122124032 0.937 21.280 37.674 8.222 8.327 0.084 10.900 
091122125532 0.907 21.303 37.707 8.251 8.329 0.069 10.842 
091122131032 0.952 21.325 37.699 8.283 8.328 0.062 10.884 
091122132532 0.941 21.326 37.685 8.303 8.328 0.061 10.899 
091122134032 0.924 21.315 37.703 8.327 8.329 0.080 10.902 
091122135532 0.937 21.297 37.673 8.341 8.327 0.077 10.843 
091122141032 0.913 21.309 37.690 8.341 8.326 0.061 10.888 
091122142532 0.916 21.298 37.698 8.345 8.326 0.082 10.901 
091122144032 0.907 21.297 37.683 8.337 8.327 0.082 10.903 
091122145532 0.897 21.281 37.705 8.334 8.326 0.104 10.826 
091122151032 0.926 21.274 37.696 8.327 8.326 0.096 10.885 
091122152532 0.906 21.277 37.687 8.314 8.325 0.063 10.895 
091122154032 0.910 21.281 37.697 8.308 8.323 0.092 10.903 
091122155532 0.896 21.286 37.705 8.306 8.322 0.076 10.839 
091122161032 0.928 21.289 37.692 8.298 8.323 0.164 10.888 
091122162532 0.922 21.286 37.694 8.297 8.325 0.144 10.900 
091122164032 0.905 21.271 37.687 8.292 8.326 0.219 10.905 
