SAMBAT Sea Ti  C/T/D/Odo/Fluo/pH GPS : 50195 
V:0,Pression (0/50),m
V:1,Température (-5/35),°C
V:2,Salinité (2/42),g/l
V:3,Oxygène (0/20),mgl
V:4,PH (0/14),pH
V:5,Fluorescence (0/50),µgl
V:6,Tension batterie,V
280822134800 0.822 27.303 38.273 7.495 8.268 0.047 10.808 
280822140259 0.767 27.282 38.281 7.504 8.269 0.099 10.918 
280822141759 0.764 27.254 38.280 7.519 8.270 0.119 10.942 
280822143259 0.819 27.231 38.279 7.526 8.270 0.135 10.949 
280822144759 0.825 27.259 38.282 7.521 8.268 0.078 10.904 
280822150259 0.826 27.323 38.293 7.516 8.267 0.052 10.931 
280822151759 0.820 27.336 38.297 7.515 8.267 0.103 10.948 
280822153259 0.824 27.383 38.290 7.508 8.267 0.091 10.951 
280822154759 0.809 27.411 38.285 7.505 8.267 0.114 10.905 
280822160259 0.885 27.436 38.288 7.501 8.265 0.084 10.938 
280822161759 0.825 27.460 38.302 7.496 8.265 0.100 10.950 
280822163259 0.862 27.482 38.302 7.488 8.265 0.099 10.953 
280822164759 0.771 27.500 38.311 7.487 8.265 0.091 10.906 
280822170259 0.843 27.485 38.314 7.491 8.266 0.128 10.933 
280822171759 0.834 27.492 38.306 7.486 8.266 0.095 10.949 
280822173259 0.802 27.498 38.299 7.479 8.266 0.128 10.953 
280822174759 0.810 27.533 38.301 7.475 8.266 0.127 10.907 
280822180259 0.798 27.541 38.263 7.470 8.265 0.116 10.940 
280822181759 0.845 27.545 38.270 7.467 8.266 0.153 10.951 
280822183259 0.815 27.477 38.262 7.476 8.267 0.173 10.953 
280822184759 0.769 27.447 38.278 7.478 8.268 0.152 10.907 
280822190259 0.834 27.444 38.279 7.477 8.268 0.244 10.938 
280822191759 0.797 27.406 38.281 7.483 8.269 0.197 10.950 
280822193259 0.839 27.390 38.279 7.481 8.269 0.109 10.953 
280822194759 0.833 27.383 38.283 7.480 8.269 0.185 10.907 
280822200259 0.828 27.359 38.280 7.485 8.270 0.172 10.933 
280822201759 0.815 27.318 38.286 7.486 8.271 0.184 10.949 
280822203259 0.822 27.305 38.290 7.489 8.271 0.215 10.952 
280822204759 0.833 27.277 38.292 7.489 8.272 0.174 10.906 
280822210259 0.809 27.259 38.294 7.492 8.274 0.207 10.940 
280822211759 0.825 27.244 38.314 7.493 8.274 0.180 10.951 
280822213259 0.859 27.221 38.317 7.496 8.274 0.207 10.953 
280822214759 0.820 27.218 38.315 7.494 8.274 0.218 10.906 
280822220259 0.870 27.200 38.314 7.495 8.275 0.250 10.938 
280822221759 0.858 27.184 38.317 7.497 8.276 0.226 10.949 
280822223259 0.823 27.174 38.299 7.491 8.277 0.215 10.953 
280822224759 0.834 27.166 38.300 7.494 8.277 0.265 10.905 
280822230259 0.851 27.156 38.310 7.490 8.277 0.193 10.932 
280822231759 0.854 27.148 38.316 7.496 8.278 0.279 10.949 
280822233259 0.840 27.137 38.315 7.497 8.279 0.177 10.952 
280822234759 0.848 27.125 38.319 7.499 8.279 0.193 10.905 
290822000259 0.852 27.116 38.319 7.493 8.279 0.252 10.938 
290822001759 0.837 27.098 38.314 7.495 8.279 0.198 10.950 
290822003259 0.835 27.093 38.316 7.495 8.280 0.192 10.952 
290822004759 0.850 27.061 38.320 7.502 8.281 0.203 10.905 
290822010259 0.841 27.043 38.318 7.506 8.281 0.202 10.937 
290822011759 0.815 27.045 38.316 7.504 8.280 0.214 10.949 
290822013259 0.842 27.027 38.307 7.506 8.281 0.222 10.952 
290822014759 0.841 27.017 38.317 7.503 8.281 0.170 10.904 
290822020259 0.843 27.006 38.321 7.502 8.281 0.251 10.931 
290822021759 0.842 26.991 38.320 7.501 8.282 0.215 10.948 
290822023259 0.846 26.985 38.315 7.504 8.282 0.199 10.951 
290822024759 0.851 26.974 38.314 7.502 8.282 0.195 10.905 
290822030259 0.842 26.943 38.307 7.508 8.282 0.197 10.938 
290822031759 0.857 26.956 38.311 7.506 8.282 0.212 10.949 
290822033259 0.840 26.941 38.318 7.510 8.283 0.159 10.952 
290822034759 0.846 26.940 38.313 7.510 8.283 0.235 10.905 
290822040259 0.845 26.937 38.305 7.512 8.283 0.203 10.938 
290822041759 0.845 26.930 38.300 7.515 8.283 0.199 10.949 
290822043259 0.866 26.919 38.306 7.515 8.284 0.166 10.951 
290822044759 0.844 26.917 38.310 7.518 8.284 0.166 10.905 
290822050259 0.839 26.906 38.309 7.525 8.284 0.153 10.931 
290822051759 0.837 26.908 38.315 7.526 8.284 0.199 10.947 
290822053259 0.855 26.895 38.318 7.528 8.284 0.202 10.951 
290822054759 0.848 26.885 38.310 7.532 8.285 0.182 10.904 
290822060259 0.867 26.890 38.319 7.531 8.285 0.148 10.937 
290822061759 0.858 26.881 38.313 7.534 8.285 0.152 10.949 
290822063259 0.834 26.868 38.313 7.544 8.286 0.181 10.951 
290822064759 0.837 26.872 38.310 7.546 8.285 0.162 10.904 
290822070259 0.875 26.858 38.307 7.547 8.285 0.149 10.930 
290822071759 0.847 26.848 38.303 7.551 8.285 0.153 10.947 
290822073259 0.846 26.863 38.306 7.549 8.285 0.182 10.951 
290822074759 0.868 26.856 38.314 7.555 8.284 0.127 10.904 
290822080259 0.867 26.856 38.320 7.558 8.284 0.116 10.937 
290822081759 0.876 26.861 38.310 7.557 8.283 0.135 10.948 
290822083259 0.865 26.861 38.310 7.562 8.283 0.139 10.951 
290822084759 0.830 26.866 38.307 7.567 8.282 0.119 10.904 
290822090259 0.849 26.872 38.310 7.565 8.281 0.077 10.937 
290822091759 0.861 26.887 38.306 7.568 8.281 0.101 10.949 
290822093259 0.847 26.903 38.305 7.576 8.280 0.080 10.951 
290822094759 0.861 26.917 38.307 7.584 8.279 0.030 10.905 
290822100259 0.831 26.938 38.299 7.587 8.278 0.074 10.931 
290822101759 0.866 26.945 38.290 7.591 8.277 0.081 10.947 
290822103259 0.850 26.949 38.302 7.601 8.276 0.075 10.951 
290822104759 0.860 27.009 38.300 7.597 8.276 0.056 10.905 
290822110259 0.870 27.061 38.329 7.590 8.273 0.065 10.938 
290822111759 0.869 27.098 38.319 7.591 8.272 0.041 10.949 
290822113259 0.854 27.080 38.288 7.601 8.272 0.058 10.952 
290822114759 0.849 27.114 38.269 7.612 8.265 0.064 10.905 
290822120259 0.876 27.181 38.308 7.593 8.266 0.056 10.939 
290822121759 0.861 27.247 38.323 7.582 8.264 0.089 10.950 
290822123259 0.868 27.198 38.318 7.592 8.264 0.034 10.953 
290822124759 0.852 27.362 38.275 7.566 8.262 0.063 10.907 
290822130259 0.881 27.359 38.304 7.569 8.262 0.077 10.933 
290822131759 0.867 27.390 38.289 7.559 8.262 0.068 10.949 
290822133259 0.863 27.431 38.323 7.547 8.261 0.043 10.953 
290822134759 0.838 27.502 38.268 7.543 8.261 0.070 10.908 
