SAMBAT Sea Ti  C/T/D/Odo/Fluo/pH GPS : 50195 
V:0,Pression (0/50),m
V:1,Température (-5/35),°C
V:2,Salinité (2/42),g/l
V:3,Oxygène (0/20),mgl
V:4,PH (0/14),pH
V:5,Fluorescence (0/50),µgl
V:6,Tension batterie,V
200122000237 1.038 14.043 38.204 10.278 8.266 1.080 10.844 
200122001737 1.072 14.057 38.209 10.272 8.267 0.775 10.839 
200122003237 1.000 14.053 38.208 10.274 8.267 0.736 10.849 
200122004737 0.989 14.059 38.205 10.268 8.267 0.852 10.830 
200122010237 0.986 14.053 38.205 10.268 8.267 1.302 10.844 
200122011737 1.027 14.055 38.200 10.265 8.267 0.907 10.829 
200122013237 1.038 14.073 38.198 10.262 8.268 0.850 10.844 
200122014737 1.021 14.073 38.202 10.257 8.268 1.379 10.827 
200122020237 0.990 14.076 38.199 10.250 8.268 1.005 10.843 
200122021737 1.040 14.081 38.200 10.248 8.268 0.849 10.841 
200122023237 0.995 14.105 38.197 10.234 8.269 0.954 10.849 
200122024737 1.071 14.115 38.200 10.235 8.269 0.677 10.830 
200122030237 1.014 14.142 38.201 10.230 8.269 0.798 10.845 
200122031737 0.976 14.121 38.199 10.232 8.269 0.924 10.841 
200122033237 0.974 14.131 38.198 10.229 8.269 0.832 10.850 
200122034737 1.002 14.133 38.196 10.231 8.269 0.816 10.830 
200122040237 1.046 14.138 38.195 10.229 8.269 0.954 10.845 
200122041737 0.938 14.151 38.204 10.228 8.270 0.868 10.830 
200122043237 1.010 14.159 38.194 10.229 8.270 0.695 10.844 
200122044737 1.008 14.173 38.199 10.224 8.270 0.781 10.829 
200122050237 0.945 14.176 38.196 10.222 8.270 0.956 10.844 
200122051737 0.878 14.180 38.197 10.219 8.270 0.877 10.842 
200122053237 1.003 14.188 38.199 10.213 8.270 0.783 10.850 
200122054737 0.988 14.193 38.201 10.215 8.270 0.695 10.830 
200122060237 1.105 14.212 38.199 10.208 8.270 0.856 10.845 
200122061737 1.163 14.199 38.194 10.214 8.270 0.778 10.842 
200122063237 0.938 14.189 38.197 10.218 8.270 0.714 10.851 
200122064737 1.034 14.166 38.196 10.224 8.269 0.788 10.831 
200122070237 0.977 14.182 38.196 10.222 8.269 1.086 10.846 
200122071737 0.973 14.161 38.194 10.223 8.269 0.974 10.830 
200122073237 1.034 14.149 38.193 10.230 8.268 0.804 10.844 
200122074737 1.152 14.155 38.195 10.224 8.268 0.974 10.829 
200122080237 1.077 14.160 38.193 10.224 8.268 0.889 10.844 
200122081737 1.022 14.149 38.193 10.222 8.267 0.894 10.841 
200122083237 0.998 14.136 38.193 10.218 8.267 0.836 10.850 
200122084737 1.064 14.144 38.192 10.210 8.267 0.778 10.831 
200122090237 1.029 14.144 38.191 10.207 8.266 0.902 10.844 
200122091737 1.131 14.117 38.190 10.209 8.265 0.714 10.840 
200122093237 0.937 14.121 38.194 10.202 8.266 0.750 10.849 
200122094737 0.936 14.115 38.193 10.202 8.265 0.750 10.831 
200122100600 0.148 11.866 0.033 10.937 7.288 0.000 10.674 
200122102100 0.967 14.117 38.195 10.149 8.270 0.500 10.790 
200122103600 1.001 14.128 38.194 10.120 8.264 0.533 10.821 
200122105100 0.945 14.131 38.193 10.121 8.262 0.527 10.823 
200122110600 0.997 14.130 38.192 10.122 8.261 0.462 10.838 
200122112100 0.989 14.140 38.190 10.125 8.260 0.394 10.613 
200122113600 1.050 14.145 38.191 10.130 8.259 0.320 10.775 
200122115100 1.000 14.166 38.192 10.126 8.258 0.285 10.804 
200122120600 0.975 14.173 38.193 10.116 8.257 0.281 10.827 
200122122100 1.053 14.172 38.194 10.136 8.257 0.274 10.832 
200122123600 1.083 14.194 38.195 10.168 8.256 0.265 10.842 
200122125100 0.934 14.201 38.194 10.202 8.256 0.276 10.831 
200122130600 0.984 14.196 38.192 10.215 8.255 0.266 10.843 
200122132100 1.002 14.200 38.195 10.225 8.255 0.245 10.841 
200122133600 1.053 14.204 38.194 10.228 8.254 0.251 10.850 
200122135100 1.055 14.210 38.195 10.225 8.254 0.294 10.835 
200122140600 0.940 14.212 38.194 10.228 8.253 0.219 10.847 
200122142100 0.909 14.201 38.191 10.243 8.253 0.528 10.844 
200122143600 0.934 14.207 38.196 10.244 8.251 0.300 10.851 
200122145100 0.956 14.220 38.192 10.247 8.252 0.238 10.837 
200122150600 0.982 14.213 38.192 10.249 8.252 0.294 10.849 
200122152100 0.852 14.197 38.193 10.260 8.252 0.324 10.834 
200122153600 1.008 14.199 38.191 10.261 8.251 0.364 10.847 
200122155100 1.074 14.183 38.190 10.262 8.251 0.376 10.835 
200122160600 0.904 14.181 38.193 10.268 8.251 0.536 10.848 
200122162100 0.988 14.178 38.190 10.271 8.252 0.539 10.833 
200122163600 0.927 14.170 38.190 10.272 8.252 0.684 10.846 
200122165100 0.936 14.162 38.190 10.274 8.252 0.853 10.835 
200122170600 0.965 14.151 38.193 10.279 8.252 0.766 10.848 
200122172100 0.961 14.136 38.189 10.277 8.252 1.023 10.844 
200122173600 0.958 14.127 38.189 10.280 8.252 0.941 10.851 
200122175100 0.997 14.126 38.188 10.271 8.252 1.085 10.837 
200122180600 1.017 14.118 38.192 10.270 8.253 1.130 10.848 
200122182100 1.036 14.124 38.187 10.265 8.253 0.923 10.833 
200122183600 1.087 14.108 38.195 10.257 8.253 0.925 10.847 
200122185100 1.025 14.113 38.192 10.249 8.254 0.881 10.834 
200122190600 0.959 14.109 38.196 10.242 8.254 0.812 10.847 
200122192100 1.039 14.107 38.191 10.243 8.255 0.943 10.844 
200122193600 0.903 14.094 38.192 10.244 8.255 0.860 10.851 
200122195100 0.936 14.077 38.197 10.246 8.255 0.769 10.836 
200122200600 0.955 14.076 38.195 10.245 8.255 0.799 10.848 
200122202100 0.922 14.068 38.194 10.250 8.256 0.699 10.833 
200122203600 1.003 14.062 38.188 10.254 8.256 0.824 10.846 
200122205100 1.009 14.058 38.204 10.254 8.257 0.822 10.834 
200122210600 1.001 14.074 38.196 10.251 8.257 0.812 10.846 
200122212100 0.958 14.070 38.196 10.250 8.258 0.782 10.844 
200122213600 1.002 14.097 38.200 10.249 8.258 0.756 10.851 
200122215100 0.965 14.120 38.197 10.239 8.258 0.901 10.836 
200122220600 1.008 14.097 38.194 10.251 8.259 0.688 10.847 
200122222100 0.976 14.118 38.192 10.241 8.259 0.750 10.844 
200122223600 0.913 14.104 38.191 10.241 8.259 0.872 10.851 
200122225100 0.982 14.101 38.195 10.250 8.260 0.776 10.836 
200122230600 1.016 14.112 38.190 10.243 8.260 0.677 10.847 
200122232100 1.022 14.085 38.189 10.257 8.260 0.692 10.840 
200122233600 0.998 14.093 38.192 10.255 8.261 0.737 10.849 
200122235100 0.982 14.087 38.198 10.259 8.261 0.792 10.835 
210122000600 0.958 14.083 38.197 10.258 8.261 0.837 10.847 
210122002100 0.976 14.104 38.189 10.249 8.261 0.824 10.833 
210122003600 0.960 14.076 38.195 10.260 8.262 0.847 10.846 
210122005100 0.976 14.063 38.193 10.265 8.261 0.804 10.833 
210122010600 0.963 14.084 38.187 10.259 8.262 0.726 10.846 
210122012100 0.928 14.073 38.191 10.258 8.262 0.758 10.843 
210122013600 1.013 14.086 38.190 10.255 8.262 0.985 10.850 
210122015100 0.964 14.081 38.192 10.259 8.262 0.890 10.835 
210122020600 0.941 14.075 38.190 10.260 8.262 0.830 10.847 
210122022100 0.998 14.070 38.190 10.256 8.263 0.819 10.842 
210122023600 1.019 14.070 38.190 10.254 8.263 1.029 10.850 
210122025100 0.985 14.074 38.191 10.254 8.264 0.848 10.835 
210122030600 0.979 14.087 38.194 10.245 8.264 0.979 10.846 
210122032100 0.963 14.075 38.196 10.243 8.264 0.779 10.832 
210122033600 0.964 14.079 38.193 10.240 8.265 0.797 10.845 
210122035100 0.933 14.072 38.192 10.242 8.265 0.819 10.833 
210122040600 0.937 14.067 38.194 10.238 8.265 0.801 10.845 
210122042100 0.986 14.065 38.189 10.237 8.266 0.842 10.842 
210122043600 0.949 14.059 38.194 10.239 8.265 0.933 10.850 
210122045100 0.985 14.054 38.193 10.243 8.266 0.787 10.835 
210122050600 1.019 14.050 38.199 10.242 8.266 0.743 10.846 
210122052100 0.982 14.065 38.192 10.238 8.266 0.801 10.842 
210122053600 0.970 14.065 38.194 10.236 8.266 0.863 10.850 
210122055100 0.951 14.062 38.189 10.237 8.266 0.713 10.835 
210122060600 0.963 14.058 38.190 10.238 8.266 0.881 10.846 
210122062100 0.964 14.038 38.192 10.244 8.266 1.069 10.832 
210122063600 0.922 14.055 38.191 10.236 8.266 0.892 10.845 
210122065100 0.965 14.043 38.192 10.233 8.267 0.914 10.832 
210122070600 0.999 14.015 38.190 10.234 8.267 0.791 10.845 
210122072100 1.034 14.035 38.191 10.228 8.267 0.766 10.842 
210122073600 0.972 14.049 38.192 10.223 8.267 0.808 10.849 
210122075100 0.955 14.036 38.190 10.224 8.267 0.973 10.834 
210122080600 0.970 14.037 38.187 10.223 8.267 0.889 10.846 
210122082100 0.979 14.048 38.188 10.224 8.267 0.799 10.841 
210122083600 0.982 14.031 38.190 10.228 8.267 0.857 10.849 
210122085100 0.989 14.015 38.192 10.230 8.267 0.777 10.834 
210122090600 0.995 14.016 38.187 10.235 8.267 0.577 10.846 
210122092100 0.982 14.033 38.191 10.234 8.267 0.516 10.831 
210122093600 1.012 14.047 38.188 10.233 8.266 0.399 10.844 
210122095100 1.005 14.045 38.189 10.234 8.266 0.435 10.833 
210122100600 0.995 14.046 38.188 10.238 8.265 0.442 10.845 
210122101019 1.000 14.043 38.189 10.242 8.264 0.414 10.594 
210122102519 0.986 14.053 38.189 10.237 8.265 0.401 10.779 
210122104019 0.950 14.054 38.186 10.239 8.265 0.308 10.793 
210122105519 0.968 14.050 38.188 10.244 8.264 0.337 10.826 
210122111019 1.008 14.054 38.190 10.249 8.263 0.371 10.823 
210122112519 0.984 14.065 38.187 10.252 8.263 0.301 10.842 
210122114019 0.997 14.073 38.189 10.253 8.262 0.239 10.812 
210122115519 0.997 14.092 38.189 10.255 8.262 0.351 10.838 
210122121019 0.997 14.119 38.196 10.248 8.261 0.205 10.831 
210122122519 0.985 14.089 38.188 10.269 8.261 0.249 10.847 
210122124019 0.968 14.109 38.178 10.263 8.261 0.293 10.816 
210122125519 0.977 14.129 38.188 10.257 8.261 0.213 10.842 
210122131019 0.971 14.126 38.193 10.264 8.260 0.224 10.810 
210122132519 0.981 14.139 38.188 10.267 8.260 0.215 10.841 
210122134019 0.983 14.158 38.181 10.269 8.260 0.152 10.814 
210122135519 0.976 14.229 38.185 10.253 8.259 0.368 10.838 
210122141019 0.978 14.215 38.197 10.258 8.259 0.197 10.833 
210122142519 0.941 14.310 38.198 10.249 8.258 0.260 10.849 
210122144019 1.000 14.299 38.201 10.255 8.257 0.185 10.817 
210122145519 0.993 14.189 38.194 10.289 8.259 0.333 10.844 
210122151019 1.015 14.199 38.192 10.288 8.259 0.243 10.833 
210122152519 0.981 14.194 38.191 10.295 8.259 0.358 10.850 
210122154019 1.011 14.202 38.189 10.293 8.260 0.444 10.817 
210122155519 0.957 14.195 38.194 10.301 8.260 0.586 10.840 
210122161019 0.942 14.165 38.193 10.308 8.261 0.660 10.812 
210122162519 1.003 14.143 38.188 10.308 8.261 0.829 10.837 
210122164019 0.996 14.112 38.186 10.317 8.261 0.993 10.813 
210122165519 0.935 14.101 38.191 10.323 8.261 1.127 10.839 
210122171019 1.032 14.093 38.197 10.324 8.261 0.882 10.833 
210122172519 0.913 14.098 38.196 10.319 8.262 0.674 10.847 
210122174019 1.010 14.078 38.188 10.328 8.262 0.665 10.815 
210122175519 1.014 14.066 38.188 10.323 8.262 0.760 10.840 
210122181019 0.977 14.068 38.190 10.314 8.262 0.595 10.829 
210122182519 0.990 14.043 38.187 10.306 8.262 0.622 10.844 
210122184019 1.004 14.043 38.190 10.307 8.261 0.641 10.814 
210122185519 1.015 14.039 38.191 10.307 8.261 0.707 10.838 
210122191019 1.027 14.026 38.194 10.302 8.261 0.703 10.806 
210122192519 0.963 14.040 38.189 10.301 8.261 0.687 10.838 
210122194019 1.016 14.031 38.192 10.300 8.261 0.757 10.812 
210122195519 0.982 14.019 38.192 10.298 8.261 1.005 10.840 
210122201019 1.080 14.027 38.190 10.292 8.261 0.856 10.830 
210122202519 1.008 14.035 38.184 10.286 8.261 0.719 10.847 
210122204019 0.979 14.037 38.190 10.282 8.261 0.825 10.814 
210122205519 0.982 14.021 38.188 10.282 8.261 0.738 10.841 
210122211019 0.997 14.010 38.188 10.280 8.261 0.718 10.831 
210122212519 1.035 14.022 38.193 10.274 8.261 0.694 10.847 
210122214019 0.991 14.023 38.192 10.269 8.261 0.755 10.814 
210122215519 1.082 14.015 38.186 10.264 8.261 0.769 10.837 
210122221019 1.031 14.025 38.192 10.259 8.261 0.789 10.809 
210122222519 1.046 14.022 38.193 10.260 8.261 0.807 10.838 
210122224019 0.993 14.000 38.191 10.261 8.262 0.706 10.811 
210122225519 1.054 14.021 38.192 10.251 8.262 0.685 10.835 
210122231019 1.042 14.015 38.192 10.250 8.262 0.722 10.830 
210122232519 1.049 14.019 38.190 10.254 8.263 0.668 10.846 
210122234019 1.041 14.016 38.191 10.250 8.262 0.744 10.813 
210122235519 1.000 13.979 38.193 10.261 8.263 0.915 10.838 
220122001019 1.002 13.985 38.192 10.264 8.263 0.747 10.809 
220122002519 1.054 14.004 38.189 10.254 8.264 0.737 10.836 
220122004019 1.043 13.966 38.196 10.264 8.264 0.656 10.811 
220122005519 1.048 13.996 38.194 10.255 8.264 0.723 10.836 
220122011019 1.052 13.984 38.195 10.264 8.264 0.682 10.828 
220122012519 1.050 13.997 38.196 10.263 8.264 0.765 10.842 
220122014019 1.047 13.989 38.195 10.271 8.264 0.940 10.812 
220122015519 1.011 13.972 38.191 10.265 8.264 0.876 10.836 
220122021019 1.014 14.000 38.194 10.244 8.263 0.767 10.812 
220122022519 1.055 13.963 38.190 10.256 8.264 0.647 10.839 
220122024019 1.035 13.966 38.193 10.249 8.264 0.730 10.811 
220122025519 1.057 13.957 38.196 10.235 8.264 0.803 10.834 
220122031019 1.040 13.989 38.194 10.223 8.264 0.613 10.829 
220122032519 1.020 13.976 38.194 10.226 8.264 0.820 10.845 
220122034019 1.029 13.984 38.196 10.223 8.264 0.816 10.813 
220122035519 1.008 13.987 38.194 10.223 8.263 0.849 10.839 
220122041019 1.074 13.969 38.195 10.227 8.265 0.824 10.808 
220122042519 1.065 13.958 38.207 10.226 8.264 0.756 10.837 
220122044019 1.015 13.945 38.197 10.231 8.264 0.660 10.810 
220122045519 1.037 13.955 38.195 10.228 8.265 0.674 10.838 
220122051019 1.094 13.967 38.198 10.221 8.264 0.659 10.830 
220122052519 1.015 13.962 38.198 10.211 8.262 0.982 10.845 
220122054019 1.001 13.932 38.191 10.220 8.266 0.762 10.812 
220122055519 1.062 13.972 38.193 10.208 8.265 0.655 10.839 
220122061019 1.018 13.958 38.192 10.208 8.265 0.632 10.829 
220122062519 1.077 13.945 38.197 10.214 8.266 0.827 10.842 
220122064019 1.025 13.969 38.197 10.208 8.266 0.698 10.812 
220122065519 1.030 13.929 38.200 10.223 8.267 0.647 10.839 
220122071019 1.021 13.958 38.193 10.230 8.267 0.918 10.806 
220122072519 1.078 13.946 38.188 10.233 8.267 0.668 10.836 
220122074019 1.043 13.940 38.195 10.238 8.267 0.647 10.810 
220122075519 1.029 13.912 38.187 10.249 8.267 0.668 10.837 
220122081019 1.035 13.951 38.196 10.239 8.267 0.718 10.825 
220122082519 1.033 13.908 38.191 10.241 8.266 0.781 10.840 
220122084019 1.058 13.908 38.200 10.236 8.267 0.630 10.811 
220122085519 1.057 13.913 38.185 10.231 8.267 0.639 10.836 
220122091019 1.044 13.935 38.192 10.230 8.266 0.419 10.819 
220122092519 1.046 13.938 38.196 10.232 8.266 0.336 10.842 
220122094019 1.062 13.922 38.202 10.240 8.265 0.323 10.811 
220122095519 1.088 13.928 38.193 10.248 8.265 0.350 10.838 
220122101019 1.053 13.913 38.199 10.255 8.264 0.362 10.807 
220122101441 1.053 13.914 38.197 10.262 8.262 0.251 10.684 
220122102941 1.083 13.927 38.192 10.266 8.263 0.551 10.785 
220122104441 1.063 13.930 38.194 10.268 8.262 0.255 10.803 
220122105941 1.062 13.933 38.191 10.269 8.262 0.280 10.829 
220122111441 1.059 13.940 38.191 10.268 8.261 0.190 10.829 
220122112941 1.051 13.939 38.191 10.272 8.260 0.205 10.842 
220122114441 1.091 13.950 38.193 10.272 8.261 0.189 10.823 
220122115941 1.060 13.956 38.197 10.271 8.260 0.197 10.841 
220122121441 1.067 13.972 38.194 10.268 8.260 0.215 10.836 
220122122941 1.052 13.973 38.187 10.269 8.258 0.215 10.848 
220122124441 1.054 13.988 38.187 10.261 8.258 0.198 10.826 
220122125941 1.035 13.982 38.189 10.270 8.258 0.193 10.843 
220122131441 1.048 14.018 38.187 10.261 8.258 0.204 10.823 
220122132941 1.064 14.033 38.186 10.263 8.258 0.221 10.842 
220122134441 1.077 14.032 38.189 10.270 8.258 0.242 10.825 
220122135941 1.059 14.036 38.189 10.274 8.258 0.232 10.843 
220122141441 1.041 14.054 38.187 10.275 8.258 0.212 10.838 
220122142941 1.068 14.049 38.188 10.282 8.258 0.169 10.849 
220122144441 1.062 14.049 38.182 10.289 8.258 0.357 10.827 
220122145941 1.061 14.043 38.180 10.296 8.257 0.267 10.844 
220122151441 1.064 14.065 38.189 10.295 8.257 0.291 10.839 
220122152941 1.055 14.065 38.192 10.298 8.257 0.395 10.850 
220122154441 1.025 14.063 38.185 10.299 8.258 0.344 10.827 
220122155941 1.069 14.051 38.185 10.304 8.258 0.390 10.845 
220122161441 1.084 14.029 38.185 10.306 8.258 0.457 10.824 
220122162941 1.067 14.042 38.182 10.305 8.259 0.577 10.843 
220122164441 1.049 14.003 38.182 10.308 8.260 0.662 10.825 
220122165941 1.074 14.003 38.181 10.306 8.260 0.758 10.844 
220122171441 1.087 13.984 38.183 10.308 8.260 0.810 10.838 
220122172941 1.078 13.974 38.180 10.310 8.261 0.860 10.849 
220122174441 1.045 13.982 38.178 10.307 8.261 0.789 10.827 
220122175941 1.050 13.983 38.186 10.305 8.262 0.718 10.844 
220122181441 1.051 13.977 38.190 10.303 8.262 0.770 10.838 
220122182941 1.068 13.969 38.176 10.305 8.262 0.833 10.849 
220122184441 1.062 13.976 38.180 10.301 8.262 0.678 10.827 
220122185941 1.071 13.972 38.178 10.303 8.262 0.892 10.844 
220122191441 1.076 13.977 38.180 10.300 8.262 0.699 10.823 
220122192941 1.074 13.954 38.186 10.307 8.262 0.670 10.842 
220122194441 1.054 13.961 38.186 10.308 8.262 0.700 10.824 
220122195941 1.060 13.966 38.181 10.304 8.262 0.644 10.842 
220122201441 1.074 13.960 38.180 10.304 8.262 0.797 10.837 
220122202941 1.078 13.949 38.185 10.305 8.263 0.729 10.848 
220122204441 1.074 13.947 38.178 10.308 8.263 0.753 10.826 
220122205941 1.095 13.947 38.184 10.314 8.263 0.689 10.843 
220122211441 1.051 13.945 38.178 10.313 8.263 0.706 10.837 
220122212941 1.112 13.922 38.192 10.311 8.263 0.624 10.848 
220122214441 1.069 13.931 38.183 10.312 8.262 0.779 10.825 
220122215941 1.093 13.926 38.188 10.309 8.263 0.809 10.843 
220122221441 1.097 13.921 38.181 10.313 8.263 0.763 10.823 
220122222941 1.071 13.936 38.177 10.309 8.263 1.029 10.842 
220122224441 1.079 13.911 38.181 10.314 8.263 0.678 10.823 
220122225941 1.092 13.916 38.189 10.311 8.263 0.771 10.841 
220122231441 1.081 13.915 38.183 10.307 8.264 0.721 10.836 
220122232941 1.049 13.909 38.191 10.300 8.263 1.094 10.848 
220122234441 1.064 13.928 38.180 10.303 8.264 0.938 10.825 
220122235941 1.106 13.922 38.187 10.299 8.264 0.735 10.842 
230122001441 1.094 13.913 38.189 10.299 8.265 0.743 10.836 
230122002941 1.084 13.900 38.174 10.300 8.264 0.681 10.848 
230122004441 1.062 13.913 38.190 10.295 8.265 0.670 10.825 
230122005941 1.098 13.916 38.181 10.293 8.265 0.653 10.843 
230122011441 1.088 13.919 38.171 10.290 8.265 0.781 10.822 
230122012941 1.061 13.882 38.177 10.296 8.265 0.748 10.841 
230122014441 1.078 13.911 38.182 10.292 8.265 0.683 10.823 
230122015941 1.095 13.906 38.180 10.287 8.265 0.631 10.841 
230122021441 1.067 13.919 38.187 10.281 8.265 0.679 10.835 
230122022941 1.039 13.894 38.184 10.284 8.265 0.702 10.847 
230122024441 1.074 13.908 38.184 10.280 8.265 0.737 10.824 
230122025941 1.072 13.902 38.165 10.283 8.265 0.670 10.842 
230122031441 1.074 13.906 38.184 10.274 8.265 0.827 10.826 
230122032941 1.056 13.898 38.181 10.280 8.265 0.797 10.843 
230122034441 1.074 13.893 38.175 10.277 8.265 0.796 10.823 
230122035941 1.074 13.899 38.181 10.278 8.266 0.865 10.841 
230122041441 1.052 13.882 38.186 10.275 8.266 0.689 10.836 
230122042941 1.050 13.900 38.186 10.269 8.266 0.741 10.847 
230122044441 1.088 13.907 38.182 10.264 8.266 0.626 10.824 
230122045941 1.086 13.898 38.184 10.265 8.266 0.852 10.842 
230122051441 1.056 13.903 38.180 10.261 8.266 0.758 10.836 
230122052941 1.067 13.898 38.184 10.264 8.267 0.719 10.847 
230122054441 1.079 13.907 38.179 10.265 8.267 0.913 10.824 
230122055941 1.077 13.888 38.174 10.268 8.267 0.685 10.842 
230122061441 1.032 13.894 38.187 10.264 8.267 0.714 10.821 
230122062941 1.073 13.902 38.185 10.261 8.267 0.893 10.840 
230122064441 1.068 13.913 38.181 10.259 8.267 0.620 10.822 
230122065941 1.085 13.903 38.186 10.262 8.267 0.687 10.840 
230122071441 1.079 13.903 38.175 10.263 8.267 0.671 10.833 
230122072941 1.097 13.878 38.181 10.279 8.267 0.611 10.846 
230122074441 1.090 13.880 38.184 10.272 8.267 0.847 10.824 
230122075941 1.060 13.892 38.180 10.271 8.267 0.899 10.841 
230122081441 1.086 13.884 38.187 10.266 8.267 0.954 10.821 
230122082941 1.084 13.877 38.183 10.264 8.267 0.684 10.840 
230122084441 1.075 13.899 38.175 10.261 8.267 0.588 10.822 
230122085941 1.079 13.898 38.182 10.263 8.267 0.569 10.840 
230122091441 1.090 13.898 38.185 10.262 8.267 0.373 10.836 
230122092941 1.112 13.888 38.181 10.263 8.267 0.393 10.846 
230122094441 1.120 13.903 38.188 10.262 8.266 0.285 10.824 
230122095941 1.088 13.915 38.184 10.259 8.266 0.242 10.842 
230122101441 1.077 13.919 38.183 10.259 8.265 0.267 10.821 
230122101914 1.100 13.909 38.180 10.265 8.264 0.232 10.685 
230122103414 1.125 13.924 38.184 10.266 8.265 0.244 10.785 
230122104914 1.054 13.929 38.185 10.268 8.264 0.197 10.808 
230122110414 1.056 13.948 38.187 10.266 8.263 0.227 10.831 
230122111914 1.124 13.961 38.186 10.267 8.262 0.275 10.834 
230122113414 1.098 13.957 38.187 10.269 8.262 0.184 10.841 
230122114914 1.085 13.970 38.183 10.269 8.262 0.221 10.829 
230122120414 1.070 13.999 38.179 10.264 8.260 0.199 10.839 
230122121914 1.097 14.057 38.199 10.253 8.259 0.166 10.836 
230122123414 1.084 14.031 38.185 10.267 8.260 0.187 10.844 
230122124914 1.082 14.026 38.188 10.269 8.259 0.191 10.832 
230122130414 1.087 14.056 38.190 10.259 8.258 0.173 10.846 
230122131914 1.063 14.095 38.191 10.252 8.258 0.142 10.832 
230122133414 1.092 14.104 38.185 10.256 8.258 0.176 10.842 
230122134914 1.073 14.084 38.189 10.263 8.258 0.183 10.832 
230122140414 1.081 14.065 38.181 10.270 8.258 0.163 10.846 
230122141914 1.065 14.111 38.168 10.268 8.258 0.182 10.840 
230122143414 1.078 14.148 38.179 10.250 8.255 0.194 10.851 
230122144914 1.072 14.197 38.195 10.234 8.256 0.223 10.835 
230122150414 1.088 14.133 38.193 10.253 8.256 0.198 10.849 
230122151914 1.106 14.116 38.187 10.260 8.256 0.282 10.845 
230122153414 1.095 14.159 38.194 10.252 8.256 0.365 10.849 
230122154914 1.064 14.092 38.188 10.277 8.257 0.316 10.835 
230122160414 1.082 14.093 38.195 10.278 8.257 0.514 10.848 
230122161914 1.063 14.093 38.195 10.283 8.258 0.382 10.833 
230122163414 1.058 14.074 38.192 10.289 8.258 0.462 10.848 
230122164914 1.069 14.041 38.191 10.297 8.259 0.552 10.834 
230122170414 1.088 14.034 38.190 10.293 8.260 0.725 10.846 
230122171914 1.094 14.009 38.188 10.302 8.260 0.695 10.843 
230122173414 1.046 13.994 38.188 10.303 8.260 0.658 10.852 
230122174914 1.060 13.984 38.194 10.303 8.260 0.681 10.835 
230122180414 1.093 13.991 38.193 10.302 8.260 0.763 10.844 
230122181914 1.094 13.970 38.193 10.313 8.261 0.724 10.842 
230122183414 1.088 13.978 38.194 10.314 8.261 0.645 10.849 
230122184914 1.081 13.973 38.192 10.316 8.261 0.707 10.834 
230122190414 1.086 13.963 38.197 10.315 8.261 0.776 10.843 
230122191914 1.060 13.955 38.189 10.315 8.261 0.702 10.831 
230122193414 1.091 13.948 38.186 10.306 8.262 0.597 10.844 
230122194914 1.047 13.954 38.185 10.304 8.261 0.805 10.832 
230122200414 1.067 13.944 38.194 10.306 8.261 0.777 10.846 
230122201914 1.065 13.938 38.190 10.297 8.261 0.639 10.838 
230122203414 1.076 13.926 38.191 10.296 8.261 0.668 10.846 
230122204914 1.071 13.930 38.187 10.296 8.262 0.701 10.832 
230122210414 1.087 13.905 38.187 10.299 8.262 0.873 10.842 
230122211914 1.086 13.935 38.187 10.288 8.262 0.804 10.840 
230122213414 1.049 13.919 38.190 10.288 8.262 0.682 10.848 
230122214914 1.115 13.928 38.193 10.286 8.262 0.830 10.833 
230122220414 1.070 13.906 38.184 10.289 8.262 0.760 10.844 
230122221914 1.119 13.907 38.180 10.290 8.262 0.757 10.827 
230122223414 1.128 13.905 38.188 10.297 8.263 0.781 10.840 
230122224914 1.069 13.903 38.187 10.292 8.263 0.698 10.830 
230122230414 1.070 13.913 38.185 10.292 8.263 0.657 10.844 
230122231914 1.035 13.909 38.191 10.292 8.263 0.755 10.841 
230122233414 1.109 13.901 38.190 10.290 8.263 0.771 10.848 
230122234914 1.062 13.883 38.184 10.300 8.264 0.718 10.832 
240122000414 1.097 13.887 38.176 10.291 8.264 0.783 10.842 
240122001914 1.066 13.891 38.181 10.274 8.264 0.863 10.837 
240122003414 1.068 13.882 38.188 10.278 8.264 0.781 10.844 
240122004914 1.094 13.889 38.189 10.278 8.264 0.765 10.831 
240122010414 1.062 13.903 38.187 10.276 8.264 0.716 10.844 
240122011914 1.081 13.885 38.186 10.286 8.264 0.871 10.830 
240122013414 1.083 13.890 38.173 10.275 8.264 0.773 10.844 
240122014914 1.063 13.895 38.189 10.272 8.264 0.988 10.831 
240122020414 1.074 13.890 38.174 10.282 8.265 0.675 10.840 
240122021914 1.062 13.898 38.189 10.274 8.265 0.775 10.840 
240122023414 1.068 13.893 38.183 10.273 8.265 0.748 10.849 
240122024914 1.084 13.864 38.182 10.288 8.265 0.670 10.832 
240122030414 1.089 13.882 38.185 10.278 8.265 0.771 10.845 
240122031914 1.079 13.851 38.187 10.296 8.266 0.735 10.841 
240122033414 1.067 13.878 38.183 10.293 8.266 0.776 10.845 
240122034914 1.086 13.850 38.177 10.302 8.265 0.815 10.831 
240122040414 1.086 13.877 38.187 10.300 8.265 0.754 10.841 
240122041914 1.107 13.906 38.184 10.288 8.265 0.761 10.830 
240122043414 1.065 13.880 38.183 10.299 8.265 0.645 10.842 
240122044914 1.071 13.892 38.178 10.292 8.265 0.644 10.830 
240122050414 1.088 13.880 38.183 10.290 8.265 0.924 10.840 
240122051914 1.077 13.873 38.185 10.296 8.265 0.738 10.840 
240122053414 1.059 13.877 38.184 10.287 8.265 0.842 10.844 
240122054914 1.072 13.882 38.183 10.289 8.266 0.639 10.831 
240122060414 1.094 13.884 38.187 10.284 8.266 0.653 10.844 
240122061914 1.101 13.873 38.184 10.289 8.266 0.883 10.840 
240122063414 1.063 13.882 38.184 10.286 8.266 0.681 10.844 
240122064914 1.072 13.880 38.184 10.288 8.266 0.965 10.830 
240122070414 1.077 13.871 38.178 10.293 8.266 0.789 10.840 
240122071914 1.082 13.878 38.182 10.289 8.267 0.683 10.829 
240122073414 1.091 13.882 38.184 10.280 8.266 0.983 10.843 
240122074914 1.055 13.856 38.184 10.288 8.267 0.812 10.830 
240122080414 1.092 13.861 38.186 10.283 8.267 0.779 10.844 
240122081914 1.088 13.870 38.184 10.275 8.267 0.739 10.840 
240122083414 1.082 13.857 38.186 10.280 8.267 0.660 10.849 
240122084914 1.052 13.856 38.187 10.282 8.267 0.720 10.831 
240122090414 1.099 13.868 38.180 10.278 8.266 0.570 10.844 
240122091914 1.085 13.870 38.187 10.275 8.265 0.328 10.839 
240122093414 1.082 13.871 38.184 10.278 8.265 0.331 10.844 
240122094914 1.079 13.871 38.185 10.278 8.265 0.241 10.831 
240122100414 1.065 13.875 38.185 10.278 8.263 0.265 10.840 
240122101914 1.102 13.879 38.182 10.278 8.262 0.307 10.829 
240122102341 1.090 13.883 38.183 10.269 8.260 0.302 10.686 
240122103841 1.096 13.892 38.185 10.263 8.261 0.235 10.765 
240122105341 1.083 13.905 38.181 10.266 8.260 0.244 10.812 
240122110841 1.092 13.929 38.185 10.268 8.260 0.245 10.814 
240122112341 1.086 13.919 38.183 10.271 8.259 0.241 10.837 
240122113841 1.086 13.936 38.186 10.274 8.259 0.178 10.796 
240122115341 1.093 13.933 38.185 10.276 8.258 0.190 10.834 
240122120841 1.078 13.949 38.187 10.276 8.258 0.188 10.820 
240122122341 1.091 13.946 38.184 10.279 8.258 0.178 10.843 
240122123841 1.076 13.972 38.186 10.281 8.257 0.205 10.803 
240122125341 1.089 13.983 38.190 10.286 8.257 0.241 10.838 
240122130841 1.071 14.005 38.187 10.281 8.256 0.253 10.802 
240122132341 1.076 14.019 38.183 10.279 8.256 0.253 10.838 
240122133841 1.100 14.037 38.189 10.278 8.256 0.219 10.802 
240122135341 1.085 14.080 38.195 10.274 8.255 0.383 10.838 
240122140841 1.065 14.100 38.189 10.277 8.255 0.171 10.829 
240122142341 1.066 14.085 38.193 10.288 8.254 0.147 10.847 
240122143841 1.083 14.071 38.192 10.299 8.254 0.232 10.805 
240122145341 1.074 14.070 38.192 10.304 8.255 0.356 10.840 
240122150841 1.074 14.076 38.187 10.309 8.255 0.235 10.826 
240122152341 1.080 14.054 38.191 10.318 8.255 0.191 10.847 
240122153841 1.075 14.036 38.189 10.323 8.255 0.393 10.805 
240122155341 1.087 14.004 38.189 10.333 8.256 0.350 10.840 
240122160841 1.044 14.012 38.187 10.332 8.256 0.383 10.803 
240122162341 1.080 14.010 38.188 10.330 8.257 0.470 10.839 
240122163841 1.087 13.991 38.184 10.334 8.257 0.603 10.803 
240122165341 1.089 13.995 38.188 10.329 8.258 0.562 10.839 
240122170841 1.073 13.999 38.190 10.328 8.258 0.911 10.826 
240122172341 1.066 13.972 38.190 10.338 8.258 0.856 10.846 
240122173841 1.077 13.940 38.189 10.343 8.259 0.699 10.805 
240122175341 1.089 13.940 38.183 10.337 8.259 0.683 10.839 
240122180841 1.085 13.929 38.190 10.335 8.259 0.755 10.827 
240122182341 1.090 13.929 38.185 10.333 8.259 0.698 10.846 
240122183841 1.088 13.910 38.193 10.326 8.259 0.881 10.805 
240122185341 1.098 13.918 38.187 10.319 8.260 0.867 10.839 
240122190841 1.086 13.916 38.190 10.316 8.259 0.791 10.802 
240122192341 1.111 13.913 38.192 10.309 8.260 0.781 10.838 
240122193841 1.081 13.911 38.186 10.301 8.260 0.647 10.802 
240122195341 1.112 13.916 38.188 10.299 8.260 1.050 10.837 
240122200841 1.100 13.921 38.188 10.298 8.260 0.976 10.826 
240122202341 1.095 13.913 38.179 10.299 8.260 0.680 10.845 
240122203841 1.091 13.919 38.194 10.299 8.260 0.743 10.804 
240122205341 1.075 13.911 38.194 10.297 8.260 0.730 10.838 
240122210841 1.088 13.916 38.189 10.300 8.260 0.741 10.826 
240122212341 1.117 13.910 38.193 10.300 8.260 0.804 10.846 
240122213841 1.096 13.914 38.196 10.295 8.261 0.701 10.804 
240122215341 1.111 13.912 38.192 10.300 8.260 1.204 10.838 
240122220841 1.117 13.903 38.189 10.302 8.261 0.680 10.802 
240122222341 1.121 13.896 38.184 10.302 8.260 0.652 10.837 
240122223841 1.103 13.889 38.187 10.299 8.260 0.956 10.801 
240122225341 1.109 13.883 38.189 10.299 8.260 0.738 10.836 
240122230841 1.100 13.868 38.188 10.306 8.260 1.045 10.825 
240122232341 1.109 13.876 38.181 10.308 8.260 0.876 10.844 
240122233841 1.109 13.880 38.184 10.301 8.260 0.670 10.803 
240122235341 1.106 13.871 38.189 10.299 8.260 0.662 10.838 
250122000841 1.107 13.875 38.190 10.297 8.261 0.738 10.826 
250122002341 1.128 13.861 38.190 10.296 8.260 0.745 10.845 
250122003841 1.105 13.849 38.188 10.297 8.260 0.891 10.803 
250122005341 1.121 13.848 38.182 10.295 8.260 1.274 10.838 
250122010841 1.101 13.850 38.189 10.293 8.260 0.638 10.823 
250122012341 1.082 13.846 38.185 10.295 8.260 1.154 10.844 
250122013841 1.092 13.850 38.187 10.292 8.260 1.043 10.803 
250122015341 1.108 13.847 38.186 10.285 8.260 0.821 10.838 
250122020841 1.095 13.834 38.185 10.289 8.260 0.807 10.801 
250122022341 1.114 13.827 38.189 10.291 8.260 0.842 10.836 
250122023841 1.103 13.829 38.184 10.287 8.260 1.029 10.801 
250122025341 1.096 13.820 38.187 10.282 8.260 1.141 10.835 
250122030841 1.098 13.811 38.178 10.277 8.260 0.965 10.824 
250122032341 1.111 13.815 38.186 10.272 8.260 0.818 10.844 
250122033841 1.099 13.809 38.185 10.271 8.260 0.887 10.803 
250122035341 1.121 13.820 38.184 10.264 8.260 0.764 10.837 
250122040841 1.106 13.799 38.189 10.263 8.260 0.817 10.824 
250122042341 1.097 13.807 38.189 10.259 8.260 0.832 10.844 
250122043841 1.110 13.804 38.178 10.257 8.260 0.736 10.802 
250122045341 1.104 13.805 38.183 10.249 8.261 0.785 10.837 
250122050841 1.099 13.820 38.186 10.244 8.261 0.866 10.820 
250122052341 1.117 13.818 38.188 10.246 8.262 0.888 10.842 
250122053841 1.112 13.817 38.188 10.249 8.262 0.819 10.802 
250122055341 1.111 13.814 38.186 10.252 8.263 0.685 10.837 
250122060841 1.109 13.806 38.183 10.251 8.263 0.693 10.800 
250122062341 1.115 13.809 38.191 10.255 8.264 0.788 10.835 
250122063841 1.111 13.810 38.183 10.251 8.264 0.755 10.800 
250122065341 1.138 13.820 38.188 10.253 8.264 0.762 10.835 
250122070841 1.094 13.829 38.180 10.252 8.264 1.183 10.824 
250122072341 1.115 13.830 38.189 10.255 8.265 0.775 10.843 
250122073841 1.116 13.823 38.189 10.264 8.265 0.734 10.802 
250122075341 1.133 13.811 38.192 10.266 8.265 0.681 10.837 
250122080841 1.074 13.804 38.191 10.268 8.265 0.612 10.824 
250122082341 1.134 13.820 38.186 10.264 8.264 0.586 10.844 
250122083841 1.095 13.798 38.190 10.266 8.264 0.656 10.803 
250122085341 1.103 13.821 38.182 10.254 8.265 0.522 10.837 
250122090841 1.089 13.816 38.185 10.258 8.265 0.394 10.824 
250122092341 1.138 13.822 38.188 10.258 8.265 0.314 10.844 
250122093841 1.137 13.815 38.187 10.264 8.265 0.349 10.803 
250122095341 1.115 13.818 38.188 10.262 8.264 0.274 10.837 
250122100841 1.111 13.820 38.188 10.258 8.261 0.233 10.800 
250122102341 1.105 13.813 38.185 10.259 8.261 0.176 10.835 
250122102807 1.091 13.818 38.188 10.254 8.259 0.201 10.687 
250122104307 1.094 13.820 38.188 10.255 8.258 0.263 10.777 
250122105807 1.116 13.823 38.186 10.257 8.258 0.276 10.814 
250122111307 1.120 13.835 38.188 10.253 8.258 0.143 10.823 
250122112807 1.103 13.846 38.190 10.250 8.259 0.182 10.839 
250122114307 1.119 13.863 38.190 10.246 8.257 0.160 10.818 
250122115807 1.121 13.865 38.185 10.245 8.255 0.135 10.839 
250122121307 1.081 13.883 38.186 10.234 8.255 0.188 10.833 
250122122807 1.114 13.908 38.183 10.230 8.255 0.177 10.846 
250122124307 1.088 13.912 38.186 10.231 8.254 0.206 10.822 
250122125807 1.084 13.899 38.186 10.238 8.254 0.126 10.842 
250122131307 1.100 13.899 38.186 10.240 8.253 0.212 10.820 
250122132807 1.084 13.933 38.182 10.240 8.253 0.161 10.842 
250122134307 1.089 13.907 38.184 10.244 8.253 0.300 10.821 
250122135807 1.095 13.908 38.188 10.242 8.252 0.247 10.842 
250122141307 1.115 13.878 38.185 10.252 8.252 0.171 10.836 
250122142807 1.098 14.036 38.188 10.208 8.250 0.171 10.849 
250122144307 1.110 14.006 38.194 10.225 8.252 0.240 10.823 
250122145807 1.111 13.990 38.188 10.232 8.252 0.388 10.843 
250122151307 1.120 13.940 38.179 10.257 8.252 0.353 10.821 
250122152807 1.107 13.948 38.180 10.256 8.250 0.439 10.842 
250122154307 1.087 13.940 38.191 10.261 8.251 0.256 10.822 
250122155807 1.117 14.093 38.194 10.223 8.250 0.264 10.842 
250122161307 1.115 14.071 38.194 10.235 8.250 0.354 10.837 
250122162807 1.095 14.037 38.188 10.254 8.251 0.666 10.849 
250122164307 1.116 14.018 38.194 10.269 8.251 0.452 10.824 
250122165807 1.110 14.022 38.196 10.265 8.251 0.486 10.844 
250122171307 1.103 14.070 38.194 10.259 8.251 0.457 10.836 
250122172807 1.092 14.043 38.197 10.267 8.251 0.509 10.849 
250122174307 1.130 13.992 38.192 10.280 8.252 0.521 10.824 
250122175807 1.115 13.952 38.189 10.300 8.253 0.540 10.844 
250122181307 1.105 14.009 38.194 10.283 8.253 0.541 10.823 
250122182807 1.127 14.067 38.191 10.272 8.253 0.520 10.843 
250122184307 1.098 13.998 38.190 10.289 8.254 0.594 10.822 
250122185807 1.084 13.945 38.187 10.304 8.255 0.627 10.843 
250122191307 1.104 13.922 38.194 10.308 8.257 0.645 10.836 
250122192807 1.100 13.916 38.191 10.311 8.257 0.666 10.849 
250122194307 1.085 13.915 38.190 10.307 8.257 0.680 10.823 
250122195807 1.085 13.909 38.187 10.309 8.257 0.712 10.843 
250122201307 1.107 13.882 38.188 10.317 8.259 0.921 10.836 
250122202807 1.114 13.855 38.187 10.335 8.259 0.785 10.848 
250122204307 1.129 13.903 38.193 10.320 8.258 0.743 10.822 
250122205807 1.103 13.882 38.189 10.322 8.258 0.692 10.842 
250122211307 1.113 13.867 38.187 10.322 8.258 0.667 10.833 
250122212807 1.122 13.843 38.191 10.331 8.258 0.796 10.846 
250122214307 1.103 13.839 38.186 10.333 8.258 0.751 10.822 
250122215807 1.141 13.846 38.187 10.332 8.259 0.959 10.842 
250122221307 1.108 13.851 38.188 10.328 8.259 0.626 10.821 
250122222807 1.090 13.856 38.188 10.325 8.259 0.899 10.841 
250122224307 1.093 13.846 38.193 10.325 8.259 0.750 10.820 
250122225807 1.097 13.851 38.187 10.322 8.260 0.904 10.841 
250122231307 1.082 13.851 38.186 10.317 8.260 0.720 10.834 
250122232807 1.111 13.833 38.186 10.323 8.260 0.757 10.847 
250122234307 1.104 13.832 38.189 10.320 8.260 0.880 10.821 
250122235807 1.096 13.827 38.186 10.319 8.260 0.911 10.842 
260122001307 1.124 13.815 38.189 10.313 8.261 0.646 10.833 
260122002807 1.109 13.816 38.184 10.309 8.260 0.739 10.846 
260122004307 1.106 13.806 38.180 10.308 8.261 0.809 10.821 
260122005807 1.097 13.793 38.178 10.306 8.261 0.805 10.841 
260122011307 1.098 13.811 38.186 10.296 8.260 0.813 10.820 
260122012807 1.098 13.810 38.194 10.291 8.261 0.703 10.840 
260122014307 1.099 13.800 38.188 10.290 8.261 0.758 10.819 
260122015807 1.113 13.795 38.183 10.289 8.261 0.738 10.840 
260122021307 1.069 13.804 38.183 10.288 8.262 2.154 10.833 
260122022807 1.070 13.808 38.184 10.283 8.262 0.721 10.846 
260122024307 1.091 13.793 38.183 10.286 8.262 0.939 10.820 
260122025807 1.086 13.804 38.186 10.282 8.262 0.815 10.840 
260122031307 1.084 13.816 38.187 10.281 8.262 0.735 10.833 
260122032807 1.082 13.815 38.185 10.282 8.262 0.779 10.846 
260122034307 1.101 13.817 38.184 10.283 8.262 0.762 10.820 
260122035807 1.097 13.807 38.194 10.284 8.262 0.789 10.841 
260122041307 1.084 13.816 38.183 10.281 8.262 0.797 10.820 
260122042807 1.067 13.813 38.187 10.283 8.263 0.892 10.840 
260122044307 1.080 13.804 38.188 10.282 8.262 0.856 10.819 
260122045807 1.074 13.816 38.186 10.279 8.262 0.753 10.840 
260122051307 1.093 13.814 38.189 10.278 8.262 0.701 10.833 
260122052807 1.054 13.809 38.186 10.277 8.263 0.833 10.846 
260122054307 1.087 13.810 38.186 10.276 8.262 0.724 10.820 
260122055807 1.091 13.799 38.184 10.281 8.263 0.680 10.840 
260122061307 1.087 13.798 38.188 10.280 8.263 0.740 10.819 
260122062807 1.099 13.801 38.188 10.277 8.263 0.642 10.839 
260122064307 1.096 13.795 38.190 10.280 8.263 0.663 10.818 
260122065807 1.056 13.794 38.186 10.275 8.262 0.589 10.839 
260122071307 1.089 13.800 38.189 10.271 8.263 0.684 10.833 
260122072807 1.100 13.801 38.188 10.269 8.262 0.693 10.846 
260122074307 1.087 13.796 38.189 10.267 8.263 0.660 10.820 
260122075807 1.063 13.798 38.187 10.266 8.263 0.820 10.840 
260122081307 1.057 13.801 38.187 10.264 8.263 0.562 10.833 
260122082807 1.088 13.801 38.190 10.255 8.262 0.703 10.846 
260122084307 1.061 13.804 38.188 10.252 8.263 0.687 10.820 
260122085807 1.101 13.796 38.191 10.250 8.262 0.614 10.840 
260122091307 1.036 13.800 38.185 10.244 8.262 0.650 10.833 
260122092807 1.116 13.807 38.189 10.240 8.262 0.670 10.846 
260122094307 1.042 13.798 38.192 10.242 8.262 0.637 10.820 
260122095807 1.105 13.804 38.189 10.241 8.263 0.573 10.840 
260122101307 1.150 13.805 38.188 10.237 8.262 0.524 10.819 
260122102807 1.111 13.800 38.190 10.233 8.262 0.613 10.839 
260122103241 1.100 13.809 38.189 10.221 8.260 0.555 10.684 
260122104741 1.126 13.794 38.193 10.223 8.262 0.631 10.780 
260122110241 1.068 13.801 38.188 10.223 8.262 0.520 10.816 
260122111741 1.058 13.790 38.191 10.227 8.262 0.732 10.826 
260122113241 1.103 13.800 38.191 10.223 8.262 0.563 10.840 
260122114741 1.134 13.806 38.190 10.220 8.262 0.552 10.827 
260122120241 1.042 13.798 38.192 10.219 8.262 0.580 10.841 
260122121741 1.069 13.799 38.188 10.222 8.262 0.503 10.838 
260122123241 1.106 13.788 38.191 10.226 8.262 0.719 10.847 
260122124741 1.014 13.807 38.192 10.226 8.261 0.579 10.830 
260122130241 1.090 13.794 38.189 10.234 8.261 0.700 10.844 
260122131741 1.043 13.792 38.189 10.233 8.261 0.645 10.830 
260122133241 1.111 13.800 38.189 10.232 8.260 0.701 10.844 
260122134741 1.115 13.797 38.190 10.238 8.260 0.820 10.829 
260122140241 1.089 13.788 38.190 10.245 8.260 0.797 10.844 
260122141741 1.088 13.796 38.190 10.245 8.260 0.602 10.841 
260122143241 1.136 13.799 38.188 10.248 8.258 0.586 10.850 
260122144741 1.170 13.800 38.190 10.256 8.259 0.766 10.831 
260122150241 1.049 13.795 38.188 10.258 8.258 0.485 10.846 
260122151741 1.008 13.800 38.192 10.260 8.258 0.572 10.840 
260122153241 1.025 13.794 38.190 10.265 8.258 0.582 10.850 
260122154741 1.063 13.794 38.192 10.268 8.258 0.564 10.831 
260122160241 1.035 13.794 38.194 10.272 8.257 0.691 10.845 
260122161741 1.115 13.797 38.188 10.273 8.257 0.695 10.831 
260122163241 1.100 13.788 38.193 10.275 8.257 0.777 10.845 
260122164741 0.896 13.794 38.193 10.272 8.257 0.686 10.829 
260122170241 1.009 13.794 38.190 10.276 8.257 0.792 10.845 
260122171741 1.109 13.791 38.189 10.274 8.257 0.806 10.841 
260122173241 1.030 13.798 38.191 10.275 8.257 0.797 10.850 
260122174741 1.017 13.797 38.193 10.278 8.257 0.841 10.831 
260122180241 1.097 13.793 38.190 10.281 8.257 0.892 10.845 
260122181741 1.043 13.791 38.193 10.283 8.257 0.956 10.841 
260122183241 1.122 13.792 38.191 10.285 8.257 1.332 10.850 
260122184741 1.096 13.799 38.191 10.285 8.257 0.779 10.831 
260122190241 0.986 13.794 38.190 10.285 8.256 0.760 10.845 
260122191741 1.066 13.792 38.192 10.287 8.257 0.838 10.830 
260122193241 1.107 13.799 38.189 10.286 8.257 0.754 10.845 
260122194741 1.015 13.792 38.189 10.288 8.257 0.808 10.829 
260122200241 1.077 13.789 38.190 10.292 8.258 0.872 10.844 
260122201741 1.041 13.793 38.186 10.289 8.258 0.848 10.841 
260122203241 1.023 13.789 38.187 10.291 8.258 0.773 10.849 
260122204741 1.093 13.790 38.192 10.289 8.258 0.826 10.831 
260122210241 1.025 13.783 38.187 10.286 8.259 0.854 10.845 
260122211741 1.086 13.762 38.192 10.294 8.259 1.163 10.840 
260122213241 1.056 13.789 38.192 10.284 8.259 0.786 10.849 
260122214741 1.077 13.771 38.187 10.297 8.260 0.839 10.830 
260122220241 1.088 13.780 38.196 10.284 8.260 0.864 10.845 
260122221741 1.102 13.773 38.187 10.288 8.260 0.727 10.830 
260122223241 1.125 13.789 38.192 10.284 8.260 0.728 10.844 
260122224741 1.041 13.791 38.193 10.288 8.260 0.861 10.829 
260122230241 1.094 13.792 38.187 10.287 8.260 0.726 10.844 
260122231741 1.056 13.785 38.194 10.286 8.260 0.892 10.840 
260122233241 1.091 13.774 38.188 10.292 8.261 0.762 10.849 
260122234741 1.135 13.778 38.189 10.289 8.261 0.865 10.830 
270122000241 1.058 13.775 38.187 10.291 8.261 0.779 10.844 
270122001741 1.025 13.790 38.189 10.287 8.261 0.960 10.839 
270122003241 1.071 13.766 38.187 10.298 8.261 0.706 10.849 
270122004741 1.048 13.779 38.191 10.287 8.262 0.773 10.830 
270122010241 1.071 13.774 38.196 10.286 8.262 0.829 10.844 
270122011741 1.038 13.759 38.183 10.293 8.262 0.846 10.830 
270122013241 1.087 13.747 38.187 10.294 8.262 0.831 10.844 
270122014741 1.097 13.780 38.192 10.281 8.262 0.960 10.828 
270122020241 1.060 13.784 38.192 10.278 8.262 0.721 10.843 
270122021741 1.045 13.769 38.190 10.286 8.263 0.750 10.839 
270122023241 1.048 13.697 38.193 10.301 8.263 0.747 10.849 
270122024741 1.107 13.714 38.187 10.301 8.263 0.779 10.830 
270122030241 1.091 13.749 38.190 10.290 8.262 0.888 10.844 
270122031741 1.073 13.764 38.191 10.285 8.263 0.773 10.839 
270122033241 1.066 13.767 38.190 10.285 8.263 0.902 10.848 
270122034741 1.051 13.759 38.197 10.284 8.263 0.715 10.830 
270122040241 1.056 13.749 38.191 10.289 8.263 0.828 10.844 
270122041741 1.057 13.748 38.191 10.283 8.263 0.787 10.829 
270122043241 1.062 13.739 38.187 10.287 8.264 0.790 10.844 
270122044741 1.057 13.725 38.192 10.289 8.264 0.806 10.828 
270122050241 1.057 13.739 38.189 10.284 8.263 0.895 10.843 
270122051741 1.084 13.764 38.191 10.275 8.264 0.739 10.838 
270122053241 1.071 13.753 38.192 10.281 8.264 0.779 10.847 
270122054741 1.061 13.724 38.192 10.288 8.264 0.842 10.829 
270122060241 1.080 13.721 38.190 10.292 8.265 0.764 10.844 
270122061741 1.062 13.724 38.184 10.300 8.265 0.801 10.839 
270122063241 1.095 13.731 38.189 10.293 8.265 0.753 10.848 
270122064741 1.032 13.642 38.154 10.326 8.265 0.813 10.829 
270122070241 1.088 13.583 38.146 10.336 8.266 0.701 10.844 
270122071741 1.065 13.640 38.160 10.321 8.266 0.787 10.828 
270122073241 1.062 13.647 38.195 10.303 8.265 0.744 10.842 
270122074741 1.071 13.617 38.157 10.322 8.266 0.680 10.827 
270122080241 1.068 13.641 38.164 10.315 8.266 0.667 10.842 
270122081741 1.081 13.666 38.170 10.305 8.266 0.759 10.838 
270122083241 1.104 13.702 38.183 10.290 8.265 0.634 10.847 
270122084741 1.059 13.631 38.162 10.313 8.266 0.674 10.828 
270122090241 1.065 13.684 38.179 10.293 8.265 0.432 10.842 
270122091741 1.071 13.697 38.187 10.293 8.265 0.454 10.838 
270122093241 1.062 13.722 38.193 10.290 8.264 0.395 10.847 
270122094741 1.086 13.729 38.192 10.293 8.263 0.343 10.829 
270122100241 1.079 13.722 38.188 10.300 8.263 0.351 10.843 
270122101741 1.088 13.724 38.192 10.305 8.262 0.247 10.829 
270122103241 1.056 13.728 38.188 10.307 8.262 0.297 10.843 
270122103746 1.090 13.737 38.191 10.307 8.260 0.310 10.693 
270122105246 1.042 13.743 38.189 10.313 8.260 0.250 10.785 
270122110746 1.078 13.754 38.191 10.310 8.260 0.251 10.796 
270122112246 1.080 13.763 38.191 10.310 8.260 0.185 10.830 
270122113746 1.078 13.758 38.191 10.312 8.259 0.226 10.775 
270122115246 1.081 13.776 38.191 10.308 8.259 0.203 10.831 
270122120746 1.090 13.784 38.189 10.312 8.258 0.223 10.811 
270122122246 1.062 13.788 38.187 10.315 8.257 0.171 10.839 
270122123746 1.085 13.780 38.188 10.320 8.258 0.173 10.781 
270122125246 1.088 13.809 38.187 10.317 8.257 0.184 10.836 
270122130746 1.055 13.876 38.195 10.305 8.257 0.351 10.821 
270122132246 1.107 14.085 38.197 10.250 8.255 0.430 10.844 
270122133746 1.058 13.990 38.192 10.282 8.255 0.302 10.784 
270122135246 1.070 13.935 38.177 10.313 8.255 0.267 10.838 
270122140746 1.062 13.962 38.197 10.315 8.255 0.284 10.820 
270122142246 1.069 13.886 38.190 10.334 8.256 0.356 10.845 
270122143746 1.089 13.855 38.195 10.351 8.255 0.719 10.783 
270122145246 1.045 13.862 38.192 10.355 8.254 0.267 10.838 
270122150746 1.042 13.860 38.193 10.358 8.255 0.247 10.797 
270122152246 1.062 13.829 38.192 10.367 8.255 0.375 10.839 
270122153746 1.035 13.842 38.189 10.366 8.256 0.411 10.781 
270122155246 1.071 13.855 38.192 10.358 8.256 0.424 10.837 
270122160746 1.046 13.872 38.193 10.349 8.255 0.562 10.817 
270122162246 1.024 13.900 38.197 10.335 8.255 0.518 10.844 
270122163746 1.042 13.890 38.197 10.334 8.255 0.735 10.783 
270122165246 1.048 13.877 38.201 10.339 8.255 0.615 10.838 
270122170746 1.052 13.848 38.196 10.345 8.256 0.729 10.821 
270122172246 1.074 13.830 38.193 10.345 8.257 0.686 10.845 
270122173746 1.072 13.800 38.196 10.345 8.257 1.582 10.783 
270122175246 1.056 13.794 38.192 10.345 8.257 0.770 10.838 
270122180746 1.066 13.773 38.196 10.341 8.257 0.652 10.797 
270122182246 1.076 13.774 38.188 10.340 8.258 0.813 10.838 
270122183746 1.014 13.775 38.190 10.336 8.258 0.756 10.781 
270122185246 1.062 13.784 38.193 10.329 8.258 0.827 10.836 
270122190746 1.086 13.772 38.191 10.328 8.258 0.725 10.822 
270122192246 1.088 13.788 38.194 10.326 8.258 0.693 10.845 
270122193746 1.012 13.774 38.185 10.336 8.258 0.790 10.783 
270122195246 1.088 13.764 38.193 10.335 8.258 0.818 10.837 
270122200746 1.028 13.749 38.195 10.343 8.258 0.719 10.822 
270122202246 1.013 13.745 38.188 10.348 8.259 0.805 10.845 
270122203746 0.991 13.745 38.191 10.350 8.259 0.867 10.783 
270122205246 1.054 13.677 38.149 10.368 8.260 0.778 10.837 
270122210746 1.072 13.663 38.151 10.373 8.261 0.707 10.796 
270122212246 1.115 13.660 38.138 10.386 8.262 0.656 10.837 
270122213746 1.013 13.666 38.148 10.384 8.262 0.712 10.779 
270122215246 1.031 13.655 38.134 10.398 8.262 0.707 10.835 
270122220746 1.043 13.642 38.134 10.404 8.262 0.936 10.820 
270122222246 1.055 13.582 38.036 10.431 8.264 0.575 10.843 
270122223746 1.054 13.636 38.093 10.426 8.263 0.791 10.781 
270122225246 1.113 13.679 38.148 10.410 8.263 0.945 10.835 
270122230746 1.082 13.679 38.151 10.416 8.263 0.611 10.819 
270122232246 1.068 13.684 38.151 10.416 8.263 0.716 10.843 
270122233746 1.028 13.688 38.173 10.412 8.262 0.747 10.781 
270122235246 1.076 13.683 38.170 10.412 8.262 0.878 10.836 
280122000746 1.046 13.666 38.167 10.412 8.262 0.635 10.795 
280122002246 1.077 13.656 38.171 10.411 8.262 0.925 10.836 
280122003746 1.050 13.683 38.173 10.395 8.262 0.696 10.779 
280122005246 1.056 13.665 38.174 10.388 8.262 0.746 10.834 
280122010746 1.034 13.663 38.178 10.377 8.262 0.721 10.820 
280122012246 1.054 13.666 38.182 10.363 8.262 0.743 10.843 
280122013746 1.044 13.652 38.176 10.362 8.263 0.847 10.781 
280122015246 1.054 13.670 38.183 10.341 8.263 0.785 10.836 
280122020746 1.047 13.654 38.181 10.341 8.263 0.883 10.821 
280122022246 1.010 13.615 38.160 10.350 8.263 0.636 10.843 
280122023746 1.051 13.609 38.165 10.342 8.264 0.800 10.782 
280122025246 1.030 13.636 38.168 10.333 8.264 0.783 10.835 
280122030746 1.036 13.587 38.145 10.342 8.264 0.692 10.820 
280122032246 1.049 13.643 38.160 10.325 8.264 0.647 10.843 
280122033746 1.033 13.617 38.147 10.327 8.264 0.717 10.781 
280122035246 1.048 13.645 38.168 10.315 8.264 0.725 10.835 
280122040746 1.012 13.654 38.169 10.317 8.264 0.747 10.795 
280122042246 1.040 13.671 38.185 10.305 8.265 0.719 10.836 
280122043746 1.035 13.627 38.177 10.326 8.265 0.730 10.778 
280122045246 1.062 13.657 38.176 10.318 8.266 0.629 10.834 
280122050746 1.071 13.687 38.195 10.308 8.264 0.830 10.818 
280122052246 1.060 13.619 38.164 10.331 8.266 0.641 10.842 
280122053746 1.065 13.565 38.147 10.347 8.267 0.640 10.781 
280122055246 1.044 13.597 38.161 10.346 8.266 0.768 10.835 
280122060746 1.062 13.663 38.195 10.322 8.264 0.647 10.819 
280122062246 1.021 13.670 38.199 10.320 8.264 0.619 10.842 
280122063746 1.058 13.675 38.192 10.319 8.264 0.729 10.781 
280122065246 1.056 13.674 38.197 10.313 8.264 0.658 10.835 
280122070746 1.069 13.670 38.196 10.312 8.264 0.595 10.794 
280122072246 1.068 13.679 38.194 10.308 8.264 0.704 10.835 
280122073746 1.069 13.675 38.191 10.304 8.265 0.640 10.777 
280122075246 1.017 13.677 38.198 10.302 8.264 0.799 10.833 
280122080746 1.031 13.660 38.199 10.309 8.264 0.723 10.820 
280122082246 1.065 13.665 38.194 10.305 8.265 0.705 10.842 
280122083746 1.038 13.684 38.194 10.300 8.264 0.668 10.780 
280122085246 1.031 13.688 38.199 10.299 8.264 0.599 10.835 
280122090746 1.054 13.694 38.196 10.302 8.264 0.427 10.821 
280122092246 1.071 13.695 38.196 10.310 8.263 0.317 10.843 
280122093746 1.073 13.698 38.195 10.312 8.263 0.365 10.781 
280122095246 1.081 13.703 38.198 10.313 8.262 0.337 10.835 
280122100746 1.038 13.701 38.192 10.316 8.262 0.258 10.795 
280122102246 1.061 13.705 38.198 10.319 8.262 0.244 10.835 
280122103746 1.062 13.715 38.196 10.318 8.261 0.246 10.778 
280122104219 1.059 13.719 38.197 10.313 8.260 0.206 10.684 
280122110126 0.197 13.394 0.046 10.520 7.616 0.000 10.681 
280122111330 0.198 13.152 0.039 10.629 6.964 0.000 10.671 
280122112738 0.179 13.466 0.036 10.679 6.394 0.000 10.675 
280122113218 0.188 13.412 0.036 10.802 6.432 0.000 10.666 
280122114656 0.176 13.802 0.039 10.763 6.206 0.000 10.683 
280122120102 0.171 14.810 0.037 10.615 6.047 0.000 10.690 
280122130340 0.176 14.837 0.042 10.479 5.848 0.000 10.733 
280122131840 1.061 13.866 38.194 10.919 8.233 0.246 10.844 
280122133340 1.057 13.986 38.169 10.846 8.243 0.388 10.860 
280122134840 1.015 13.935 38.180 10.817 8.246 0.295 10.866 
280122140340 1.091 13.902 38.181 10.770 8.247 0.176 10.808 
280122141840 1.029 13.872 38.170 10.720 8.248 0.224 10.629 
280122143340 0.981 13.877 38.184 10.639 8.249 0.213 10.792 
280122144840 1.017 13.860 38.185 10.565 8.249 0.285 10.826 
280122150340 1.006 13.846 38.185 10.497 8.249 0.289 10.789 
280122151840 1.077 13.865 38.186 10.444 8.249 0.317 10.833 
280122153340 1.083 13.856 38.184 10.404 8.250 0.353 10.848 
280122154840 1.039 13.860 38.187 10.411 8.250 0.559 10.855 
280122160340 1.043 13.856 38.189 10.414 8.251 0.469 10.799 
280122161840 0.992 13.846 38.186 10.418 8.252 0.482 10.840 
280122163340 1.047 13.848 38.187 10.421 8.253 0.691 10.853 
280122164840 1.038 13.846 38.189 10.425 8.253 0.556 10.859 
280122170340 0.997 13.842 38.188 10.421 8.254 0.805 10.801 
280122171840 1.052 13.833 38.189 10.422 8.254 0.753 10.832 
280122173340 1.072 13.820 38.189 10.428 8.255 0.676 10.850 
280122174840 1.032 13.824 38.187 10.423 8.256 0.749 10.858 
280122180340 1.016 13.807 38.191 10.425 8.256 0.757 10.801 
280122181840 1.094 13.786 38.189 10.428 8.257 0.725 10.841 
280122183340 1.053 13.803 38.189 10.418 8.257 0.680 10.854 
280122184840 1.071 13.806 38.191 10.415 8.258 0.782 10.860 
280122190340 1.055 13.786 38.191 10.418 8.258 0.696 10.801 
280122191840 1.087 13.789 38.193 10.412 8.258 0.730 10.840 

