SAMBAT Sea Ti  C/T/D/Odo/Fluo/pH GPS : 50195 
V:0,Pression (0/50),m
V:1,Température (-5/35),°C
V:2,Salinité (2/42),g/l
V:3,Oxygène (0/20),mgl
V:4,PH (0/14),pH
V:5,Fluorescence (0/50),µgl
V:6,Tension batterie,V
011022151001 0.793 22.541 38.402 7.860 8.301 0.224 10.776 
011022152500 0.822 22.548 38.409 7.857 8.301 0.184 10.874 
011022154000 0.941 22.530 38.411 7.857 8.301 12.737 10.898 
011022155500 0.905 22.537 38.400 7.853 8.301 0.226 10.840 
011022161000 0.840 22.538 38.402 7.848 8.301 0.219 10.891 
011022162500 0.978 22.534 38.402 7.844 8.301 0.228 10.905 
011022164000 0.769 22.522 38.416 7.847 8.301 0.223 10.910 
011022165500 0.892 22.528 38.400 7.843 8.299 0.231 10.861 
011022171000 0.967 22.537 38.393 7.844 8.300 11.125 10.897 
011022172500 1.037 22.541 38.401 7.838 8.301 0.949 10.907 
011022174000 0.869 22.532 38.418 7.834 8.301 0.306 10.911 
011022175500 0.860 22.545 38.410 7.828 8.302 0.380 10.861 
011022181000 1.005 22.534 38.401 7.821 8.298 0.389 10.898 
011022182500 0.890 22.541 38.407 7.813 8.301 0.477 10.908 
011022184000 0.958 22.529 38.418 7.808 8.303 0.379 10.912 
011022185500 0.874 22.538 38.417 7.803 8.303 0.466 10.843 
011022191000 0.779 22.539 38.414 7.798 8.303 0.479 10.893 
011022192500 0.899 22.538 38.406 7.794 8.303 0.447 10.906 
011022194000 0.999 22.539 38.411 7.787 8.305 0.399 10.911 
011022195500 0.843 22.538 38.398 7.782 8.304 0.386 10.860 
011022201000 0.972 22.538 38.407 7.777 8.304 0.423 10.897 
011022202500 0.981 22.530 38.403 7.775 8.306 0.459 10.908 
011022204000 0.992 22.542 38.407 7.769 8.306 2.457 10.911 
011022205500 0.984 22.530 38.409 7.771 8.307 5.178 10.842 
011022211000 0.855 22.535 38.399 7.771 8.308 0.698 10.893 
011022212500 1.013 22.524 38.399 7.770 8.309 4.779 10.906 
011022214000 0.977 22.516 38.398 7.769 8.309 0.969 10.911 
011022215500 0.920 22.515 38.394 7.770 8.310 1.409 10.858 
011022221000 0.809 22.524 38.395 7.765 8.310 5.775 10.896 
011022222500 0.878 22.524 38.395 7.768 8.311 0.445 10.907 
011022224000 0.859 22.521 38.401 7.766 8.310 2.659 10.911 
011022225500 0.985 22.528 38.403 7.763 8.312 0.456 10.842 
011022231000 0.927 22.522 38.400 7.770 8.312 1.052 10.893 
011022232500 0.954 22.517 38.390 7.775 8.313 14.756 10.905 
011022234000 1.013 22.517 38.392 7.778 8.313 2.295 10.911 
011022235500 0.884 22.513 38.393 7.781 8.313 4.461 10.860 
021022001000 0.902 22.520 38.390 7.784 8.315 1.412 10.898 
021022002500 0.982 22.506 38.394 7.790 8.315 0.407 10.908 
021022004000 0.862 22.529 38.390 7.796 8.316 12.694 10.911 
021022005500 0.947 22.528 38.388 7.803 8.318 2.840 10.861 
021022011000 0.929 22.525 38.384 7.816 8.319 13.443 10.898 
021022012500 0.791 22.521 38.366 7.825 8.319 2.162 10.908 
021022014000 0.933 22.504 38.374 7.834 8.319 0.366 10.912 
021022015500 0.955 22.495 38.382 7.838 8.318 0.665 10.859 
021022021000 0.852 22.498 38.375 7.843 8.320 0.350 10.897 
021022022500 0.780 22.508 38.361 7.848 8.319 0.309 10.908 
021022024000 0.998 22.499 38.377 7.854 8.320 0.353 10.911 
021022025500 0.937 22.490 38.378 7.855 8.318 0.367 10.842 
021022031000 0.917 22.484 38.373 7.855 8.320 0.316 10.893 
021022032500 0.968 22.488 38.375 7.854 8.321 25.943 10.905 
021022034000 0.827 22.473 38.383 7.856 8.322 0.343 10.911 
021022035500 0.982 22.462 38.377 7.859 8.322 0.279 10.861 
021022041000 0.959 22.459 38.376 7.851 8.322 0.258 10.898 
021022042500 0.928 22.454 38.377 7.848 8.322 0.301 10.907 
021022044000 1.005 22.446 38.369 7.845 8.322 0.239 10.912 
021022045500 0.982 22.441 38.371 7.845 8.323 0.291 10.860 
021022051000 0.875 22.433 38.370 7.838 8.324 0.304 10.897 
021022052500 0.926 22.423 38.362 7.837 8.324 8.396 10.907 
021022054000 0.758 22.427 38.369 7.830 8.323 15.259 10.910 
021022055500 0.854 22.407 38.369 7.830 8.322 0.281 10.842 
021022061000 0.925 22.413 38.364 7.821 8.324 0.292 10.892 
021022062500 0.830 22.431 38.361 7.818 8.322 10.327 10.905 
021022064000 0.988 22.418 38.368 7.825 8.322 2.584 10.910 
021022065500 0.916 22.417 38.371 7.828 8.323 18.347 10.860 
021022071000 0.912 22.404 38.368 7.832 8.322 24.493 10.896 
021022072500 0.966 22.420 38.356 7.830 8.324 2.514 10.907 
021022074000 0.967 22.424 38.356 7.830 8.323 3.689 10.911 
021022075500 0.952 22.438 38.356 7.830 8.322 3.013 10.862 
021022081000 0.915 22.411 38.354 7.840 8.323 1.610 10.897 
021022082500 0.938 22.417 38.351 7.840 8.322 1.863 10.907 
021022084000 0.930 22.424 38.344 7.844 8.322 1.922 10.911 
021022085500 0.998 22.423 38.340 7.843 8.320 0.801 10.842 
021022091000 1.036 22.427 38.353 7.843 8.321 0.635 10.892 
021022092500 1.035 22.423 38.355 7.849 8.321 2.657 10.905 
021022094000 0.866 22.413 38.359 7.856 8.320 0.879 10.910 
021022095500 0.960 22.414 38.347 7.858 8.320 0.368 10.860 
021022101000 0.922 22.419 38.331 7.862 8.318 2.409 10.897 
021022102500 0.923 22.419 38.335 7.866 8.318 3.360 10.907 
021022104000 1.106 22.419 38.340 7.876 8.318 2.518 10.911 
021022105500 0.859 22.413 38.333 7.886 8.316 0.560 10.858 
021022111000 0.848 22.419 38.334 7.889 8.316 0.132 10.896 
021022112500 0.821 22.422 38.326 7.894 8.313 0.542 10.907 
021022114000 0.896 22.423 38.332 7.896 8.311 0.845 10.911 
021022115500 0.803 22.444 38.336 7.906 8.307 0.976 10.842 
021022121000 0.933 22.455 38.337 7.912 8.304 0.124 10.892 
021022122500 0.877 22.459 38.336 7.926 8.303 1.623 10.905 
021022124000 1.008 22.475 38.335 7.933 8.303 4.114 10.910 
021022125500 0.843 22.473 38.336 7.948 8.303 1.929 10.861 
021022131000 1.015 22.475 38.326 7.953 8.305 2.604 10.897 
021022132500 0.926 22.482 38.329 7.960 8.306 1.620 10.907 
021022134000 0.862 22.488 38.327 7.964 8.306 1.982 10.911 
021022135500 0.810 22.511 38.326 7.971 8.304 0.346 10.855 
021022141000 0.938 22.516 38.336 7.978 8.302 3.797 10.896 
021022142500 0.898 22.517 38.340 7.978 8.303 1.517 10.907 
021022144000 1.006 22.533 38.347 7.980 8.301 2.103 10.911 
021022145500 0.958 22.542 38.343 7.978 8.301 0.084 10.861 
021022151000 0.950 22.551 38.348 7.979 8.300 0.110 10.897 
