SAMBAT Sea Ti  C/T/D/Odo/Fluo/pH GPS : 50195 
V:0,Pression (0/50),dba
V:1,Température (-5/35),°C
V:2,Salinité (2/42),g/l
V:3,Oxygène (0/20),mgl
V:4,PH (0/14),pH
V:5,Fluorescence (0/500),ppb
V:6,Tension batterie,V
291223130503 1.004 15.464 38.594 9.356 8.255 2.672 10.744 
291223132002 1.011 15.469 38.600 9.356 8.255 2.740 10.788 
291223133502 0.987 15.472 38.597 9.356 8.255 2.771 10.838 
291223135002 0.987 15.472 38.595 9.357 8.254 3.295 10.855 
291223140502 0.993 15.474 38.602 9.357 8.254 3.325 10.863 
291223142002 0.987 15.475 38.595 9.359 8.255 2.976 10.810 
291223143502 1.006 15.468 38.598 9.362 8.255 3.826 10.850 
291223145002 0.982 15.470 38.594 9.362 8.256 3.454 10.862 
291223150502 0.977 15.468 38.599 9.364 8.255 3.705 10.867 
291223152002 0.973 15.468 38.600 9.364 8.255 3.431 10.811 
291223153502 0.987 15.467 38.602 9.364 8.254 3.484 10.851 
291223155002 0.989 15.468 38.603 9.363 8.253 3.211 10.863 
291223160502 1.013 15.460 38.599 9.367 8.255 3.773 10.868 
291223162002 0.991 15.458 38.602 9.366 8.255 4.297 10.804 
291223163502 1.017 15.463 38.605 9.365 8.255 4.479 10.848 
291223165002 1.021 15.451 38.603 9.367 8.255 5.443 10.861 
291223170502 0.987 15.451 38.602 9.367 8.255 4.995 10.867 
291223172002 0.981 15.454 38.603 9.367 8.256 3.780 10.811 
291223173502 0.993 15.451 38.605 9.367 8.253 5.815 10.852 
291223175002 1.002 15.448 38.606 9.369 8.256 4.623 10.863 
291223180502 0.981 15.448 38.606 9.369 8.256 8.047 10.868 
291223182002 1.003 15.431 38.606 9.373 8.256 5.215 10.812 
291223183502 1.001 15.433 38.605 9.374 8.256 4.464 10.852 
291223185002 0.937 15.438 38.603 9.371 8.256 4.084 10.864 
291223190502 1.011 15.437 38.607 9.370 8.256 5.094 10.868 
291223192002 1.039 15.439 38.603 9.370 8.257 5.003 10.805 
291223193502 1.013 15.435 38.607 9.370 8.256 5.048 10.848 
291223195002 0.999 15.422 38.601 9.373 8.258 5.018 10.862 
291223200502 1.032 15.425 38.601 9.376 8.255 4.866 10.867 
291223202002 0.998 15.426 38.597 9.374 8.256 4.783 10.811 
291223203502 0.999 15.430 38.598 9.373 8.256 4.904 10.852 
291223205002 1.009 15.430 38.598 9.376 8.255 4.319 10.863 
291223210502 1.025 15.413 38.599 9.376 8.256 4.175 10.868 
291223212002 1.027 15.420 38.604 9.375 8.255 4.919 10.811 
291223213502 1.030 15.420 38.599 9.374 8.258 5.018 10.852 
291223215002 0.965 15.409 38.611 9.376 8.257 4.836 10.863 
291223220502 1.021 15.428 38.603 9.374 8.257 4.547 10.868 
291223222002 0.988 15.427 38.605 9.372 8.257 3.826 10.811 
291223223502 0.959 15.422 38.609 9.374 8.257 4.046 10.851 
291223225002 1.039 15.432 38.599 9.370 8.256 3.811 10.863 
291223230502 0.995 15.406 38.612 9.379 8.256 4.206 10.868 
291223232002 1.005 15.425 38.607 9.368 8.256 4.092 10.804 
291223233502 0.995 15.411 38.607 9.369 8.256 4.828 10.848 
291223235002 1.000 15.423 38.607 9.369 8.255 4.638 10.861 
301223000502 1.009 15.405 38.609 9.378 8.255 4.008 10.867 
301223002002 1.007 15.415 38.610 9.372 8.256 4.798 10.810 
301223003502 0.979 15.418 38.613 9.373 8.257 3.720 10.851 
301223005002 0.974 15.417 38.610 9.375 8.257 3.955 10.863 
301223010502 0.980 15.417 38.605 9.376 8.256 4.228 10.868 
301223012002 0.949 15.407 38.609 9.384 8.256 3.667 10.811 
301223013502 1.004 15.412 38.604 9.378 8.256 4.168 10.852 
301223015002 0.966 15.414 38.607 9.380 8.256 4.479 10.863 
301223020502 0.982 15.417 38.612 9.379 8.257 4.775 10.868 
301223022002 0.951 15.419 38.605 9.380 8.258 4.904 10.812 
301223023502 0.994 15.412 38.607 9.381 8.257 5.481 10.852 
301223025002 0.983 15.408 38.604 9.387 8.257 4.957 10.863 
301223030502 0.976 15.417 38.604 9.379 8.257 4.395 10.868 
301223032002 0.964 15.402 38.605 9.388 8.257 5.337 10.805 
301223033502 0.976 15.408 38.596 9.387 8.255 3.826 10.848 
301223035002 0.973 15.398 38.596 9.389 8.257 4.600 10.862 
301223040502 0.977 15.396 38.608 9.390 8.255 4.752 10.867 
301223042002 0.956 15.391 38.601 9.392 8.255 4.783 10.811 
301223043502 0.950 15.380 38.607 9.396 8.256 4.783 10.851 
301223045002 0.983 15.378 38.596 9.396 8.256 4.874 10.863 
301223050502 0.981 15.371 38.600 9.399 8.256 4.411 10.867 
301223052002 0.981 15.360 38.608 9.403 8.257 4.600 10.811 
301223053502 0.993 15.362 38.607 9.402 8.258 4.319 10.851 
301223055002 0.972 15.364 38.608 9.401 8.258 4.236 10.862 
301223060502 0.983 15.368 38.608 9.398 8.258 4.509 10.868 
301223062002 0.977 15.361 38.608 9.399 8.258 4.464 10.804 
301223063502 0.953 15.365 38.603 9.396 8.257 3.834 10.847 
301223065002 0.977 15.361 38.601 9.395 8.256 5.466 10.860 
301223070502 0.972 15.368 38.590 9.390 8.257 4.623 10.866 
301223072002 0.990 15.418 38.604 9.373 8.260 3.462 10.810 
301223073502 0.982 15.420 38.597 9.373 8.258 5.496 10.851 
301223075002 0.977 15.424 38.603 9.371 8.257 4.745 10.862 
301223080502 1.009 15.421 38.607 9.371 8.257 3.818 10.867 
301223082002 0.987 15.412 38.611 9.372 8.257 4.175 10.804 
301223083502 0.953 15.412 38.613 9.370 8.256 4.578 10.848 
301223085002 0.965 15.411 38.612 9.372 8.256 3.659 10.861 
301223090502 0.998 15.401 38.609 9.376 8.257 2.763 10.866 
301223092002 1.008 15.419 38.604 9.369 8.257 2.133 10.810 
301223093502 0.986 15.427 38.607 9.369 8.257 1.845 10.851 
301223095002 0.955 15.428 38.602 9.371 8.257 1.708 10.863 
301223100502 0.981 15.433 38.606 9.371 8.256 1.738 10.868 
301223102002 0.987 15.434 38.606 9.372 8.257 2.399 10.812 
301223103502 1.018 15.431 38.601 9.374 8.255 2.338 10.851 
301223105002 0.980 15.448 38.606 9.372 8.256 1.959 10.863 
301223110502 0.954 15.448 38.610 9.375 8.256 0.903 10.868 
301223112002 1.013 15.468 38.606 9.373 8.257 1.898 10.804 
301223113502 1.007 15.469 38.607 9.373 8.258 2.892 10.848 
301223115002 1.001 15.510 38.611 9.370 8.256 1.245 10.861 
301223120502 0.982 15.510 38.625 9.365 8.257 1.928 10.866 
301223122002 0.983 15.493 38.616 9.379 8.256 0.919 10.811 
301223123502 0.976 15.489 38.614 9.383 8.255 1.146 10.851 
301223125002 0.992 15.488 38.602 9.387 8.253 1.442 10.863 
301223130502 0.969 15.544 38.615 9.372 8.258 2.452 10.868 
