SAMBAT Sea Ti  C/T/D/Odo/Fluo/pH GPS : 50195 
V:0,Pression (0/50),dba
V:1,Température (-5/35),°C
V:2,Salinité (2/42),g/l
V:3,Oxygène (0/20),mgl
V:4,PH (0/14),pH
V:5,Fluorescence (0/500),ppb
V:6,Tension batterie,V
051223113024 0.862 16.598 38.467 9.174 8.240 4.008 10.738 
051223114523 0.852 16.592 38.466 9.178 8.240 3.158 10.820 
051223120023 0.831 16.581 38.465 9.177 8.240 3.667 10.849 
051223121523 0.842 16.574 38.466 9.173 8.239 2.186 10.848 
051223123023 1.044 16.565 38.464 9.175 8.240 2.331 10.845 
051223124523 0.736 16.562 38.465 9.173 8.240 2.543 10.860 
051223130023 0.917 16.561 38.468 9.170 8.239 2.361 10.867 
051223131523 0.780 16.581 38.473 9.160 8.238 1.473 10.849 
051223133023 0.796 16.585 38.469 9.158 8.238 2.543 10.846 
051223134523 0.862 16.577 38.476 9.157 8.239 2.604 10.861 
051223140023 0.875 16.579 38.469 9.156 8.239 3.409 10.867 
051223141523 0.804 16.581 38.472 9.149 8.239 1.898 10.857 
051223143023 0.900 16.591 38.469 9.149 8.238 1.700 10.849 
051223144523 0.771 16.572 38.474 9.151 8.238 1.579 10.863 
051223150023 0.766 16.579 38.473 9.149 8.238 2.179 10.869 
051223151523 0.984 16.594 38.470 9.143 8.239 3.112 10.851 
051223153023 0.939 16.595 38.471 9.143 8.238 2.589 10.848 
051223154523 0.871 16.570 38.471 9.154 8.238 3.317 10.862 
051223160023 0.978 16.582 38.472 9.149 8.241 3.173 10.868 
051223161523 0.905 16.594 38.467 9.152 8.241 3.545 10.858 
051223163023 0.896 16.576 38.471 9.156 8.241 3.340 10.849 
051223164523 0.835 16.581 38.471 9.157 8.241 3.530 10.864 
051223170023 0.825 16.574 38.466 9.162 8.241 3.970 10.869 
051223171523 0.841 16.580 38.472 9.158 8.241 3.348 10.850 
051223173023 0.806 16.578 38.473 9.160 8.241 4.039 10.847 
051223174523 0.921 16.565 38.475 9.163 8.240 3.697 10.862 
051223180023 0.831 16.561 38.477 9.165 8.241 3.583 10.868 
051223181523 0.866 16.549 38.473 9.167 8.241 3.355 10.861 
051223183023 0.838 16.553 38.473 9.168 8.241 4.054 10.850 
051223184523 0.738 16.565 38.473 9.167 8.240 3.226 10.863 
051223190023 0.798 16.563 38.475 9.169 8.240 2.976 10.869 
051223191523 0.882 16.577 38.474 9.166 8.240 3.773 10.850 
051223193023 0.883 16.562 38.473 9.172 8.240 3.446 10.847 
051223194523 0.812 16.561 38.473 9.171 8.240 3.158 10.862 
051223200023 1.017 16.568 38.475 9.172 8.240 3.158 10.868 
051223201523 0.865 16.563 38.473 9.172 8.240 3.621 10.849 
051223203023 0.819 16.576 38.474 9.168 8.240 3.431 10.842 
051223204523 0.880 16.541 38.476 9.177 8.239 3.196 10.860 
051223210023 0.879 16.580 38.480 9.167 8.240 3.439 10.867 
051223211523 0.791 16.579 38.478 9.167 8.239 3.462 10.861 
051223213023 0.812 16.568 38.476 9.167 8.239 3.143 10.847 
051223214523 0.942 16.583 38.475 9.161 8.239 3.560 10.862 
051223220023 0.903 16.564 38.477 9.163 8.239 3.743 10.868 
051223221523 0.863 16.577 38.477 9.159 8.239 2.968 10.861 
051223223023 0.891 16.571 38.475 9.161 8.240 3.257 10.849 
051223224523 0.837 16.571 38.482 9.159 8.240 3.644 10.863 
051223230023 0.863 16.580 38.475 9.157 8.240 3.241 10.868 
051223231523 0.944 16.582 38.475 9.157 8.239 3.082 10.849 
051223233023 0.967 16.567 38.476 9.160 8.239 4.001 10.844 
051223234523 1.007 16.577 38.472 9.156 8.239 3.279 10.861 
061223000023 0.908 16.568 38.476 9.158 8.238 3.295 10.866 
061223001523 0.841 16.550 38.474 9.160 8.238 3.606 10.860 
061223003023 0.874 16.551 38.473 9.158 8.239 3.720 10.849 
061223004523 0.937 16.550 38.477 9.156 8.239 3.484 10.862 
061223010023 0.937 16.569 38.474 9.153 8.239 3.583 10.867 
061223011523 0.862 16.567 38.480 9.148 8.238 3.462 10.844 
061223013023 0.776 16.563 38.477 9.148 8.239 3.636 10.845 
061223014523 0.887 16.562 38.474 9.147 8.239 3.826 10.860 
061223020023 0.895 16.562 38.476 9.146 8.239 3.613 10.866 
061223021523 0.921 16.558 38.477 9.143 8.239 3.029 10.858 
061223023023 0.865 16.556 38.476 9.141 8.239 3.143 10.844 
061223024523 0.970 16.537 38.473 9.145 8.238 3.241 10.860 
061223030023 0.836 16.534 38.478 9.144 8.238 3.006 10.866 
061223031523 0.909 16.529 38.477 9.143 8.238 3.264 10.859 
061223033023 0.900 16.507 38.479 9.145 8.238 3.310 10.848 
061223034523 0.762 16.513 38.477 9.140 8.239 2.983 10.861 
061223040023 0.880 16.498 38.476 9.142 8.240 3.158 10.866 
061223041523 0.830 16.504 38.477 9.141 8.240 2.870 10.848 
061223043023 0.851 16.518 38.474 9.138 8.241 3.264 10.841 
061223044523 0.820 16.518 38.473 9.136 8.240 3.037 10.859 
061223050023 0.940 16.532 38.477 9.132 8.241 3.667 10.865 
061223051523 0.858 16.523 38.478 9.134 8.241 2.999 10.857 
061223053023 0.864 16.540 38.475 9.130 8.241 3.279 10.844 
061223054523 0.841 16.538 38.476 9.130 8.241 3.887 10.860 
061223060023 0.908 16.521 38.473 9.131 8.241 3.150 10.866 
061223061523 0.858 16.518 38.478 9.131 8.240 3.287 10.858 
061223063023 0.894 16.539 38.475 9.129 8.241 3.811 10.845 
061223064523 0.844 16.524 38.474 9.133 8.241 2.649 10.860 
061223070023 0.927 16.527 38.464 9.132 8.240 3.340 10.866 
061223071523 0.845 16.521 38.474 9.131 8.241 2.968 10.847 
061223073023 0.841 16.523 38.475 9.130 8.241 2.938 10.844 
061223074523 0.862 16.492 38.480 9.134 8.240 3.553 10.859 
061223080023 0.909 16.502 38.471 9.135 8.240 3.150 10.865 
061223081523 0.896 16.522 38.472 9.129 8.241 2.816 10.857 
061223083023 0.901 16.504 38.472 9.134 8.240 3.401 10.844 
061223084523 0.946 16.516 38.475 9.130 8.240 2.543 10.860 
061223090023 0.827 16.482 38.479 9.141 8.240 2.877 10.865 
061223091523 0.792 16.476 38.478 9.141 8.240 2.057 10.858 
061223093023 0.892 16.491 38.475 9.131 8.239 2.088 10.846 
061223094523 0.791 16.496 38.474 9.129 8.239 2.027 10.860 
061223100023 0.806 16.467 38.473 9.140 8.240 1.670 10.865 
061223101523 0.873 16.494 38.475 9.128 8.239 1.503 10.857 
061223103023 0.875 16.519 38.475 9.122 8.239 1.442 10.846 
061223104523 0.917 16.529 38.475 9.124 8.239 1.442 10.860 
061223110023 0.966 16.531 38.475 9.126 8.239 1.389 10.865 
061223111523 0.988 16.531 38.474 9.128 8.239 1.852 10.846 
061223113023 0.838 16.536 38.476 9.129 8.239 1.458 10.843 
