SAMBAT Sea Ti  C/T/D/Odo/Fluo/pH GPS : 50195 
V:0,Pression (0/50),m
V:1,Température (-5/35),°C
V:2,Salinité (2/42),g/l
V:3,Oxygène (0/20),mgl
V:4,PH (0/14),pH
V:5,Fluorescence (0/50),µgl
V:6,Tension batterie,V
170822071046 0.788 26.777 38.251 7.170 8.265 0.152 10.944 
170822072545 0.795 26.770 38.249 7.167 8.266 0.682 10.948 
170822074045 0.782 26.759 38.367 7.177 8.268 0.736 10.949 
170822075545 0.810 26.753 38.217 7.193 8.266 0.156 10.921 
170822081045 0.740 26.746 38.254 7.216 8.266 0.139 10.942 
170822082545 0.774 26.740 38.265 7.235 8.266 0.519 10.947 
170822084045 0.797 26.735 38.259 7.247 8.264 0.159 10.949 
170822085545 0.776 26.727 38.266 7.254 8.261 0.225 10.926 
170822091045 0.784 26.734 38.267 7.262 8.260 0.097 10.944 
170822092545 0.808 26.858 38.285 7.260 8.264 0.056 10.948 
170822094045 0.813 26.884 38.281 7.271 8.262 0.071 10.949 
170822095545 0.749 26.890 38.292 7.287 8.262 0.067 10.926 
170822101045 0.779 26.874 38.293 7.305 8.262 0.047 10.944 
170822102545 0.820 26.860 38.289 7.316 8.260 0.050 10.948 
170822104045 0.795 26.869 38.294 7.318 8.259 0.127 10.949 
170822105545 0.805 26.871 38.294 7.321 8.261 0.100 10.916 
170822111045 0.801 26.866 38.289 7.335 8.259 0.045 10.942 
170822112545 0.783 26.869 38.289 7.354 8.259 0.086 10.948 
170822114045 0.789 26.876 38.299 7.357 8.260 0.102 10.949 
170822115545 0.802 26.864 38.298 7.353 8.259 0.111 10.927 
170822121045 0.783 26.871 38.292 7.341 8.259 0.110 10.944 
170822122545 0.793 26.871 38.294 7.337 8.260 0.110 10.948 
170822124045 0.785 26.872 38.299 7.336 8.258 0.133 10.949 
170822124546 0.784 26.868 38.297 7.336 8.257 0.142 10.801 
170822130046 0.793 26.882 38.289 7.334 8.259 0.112 10.915 
170822131546 0.785 26.901 38.284 7.329 8.258 0.123 10.938 
170822133046 0.817 26.895 38.286 7.326 8.258 0.171 10.945 
170822134546 0.809 26.881 38.290 7.337 8.256 0.145 10.894 
170822140046 0.795 27.024 38.281 7.320 8.258 0.099 10.933 
170822141546 0.812 27.151 38.296 7.307 8.257 0.057 10.945 
170822143046 0.796 27.264 38.313 7.286 8.254 0.090 10.949 
170822144546 0.794 27.265 38.287 7.283 8.253 0.058 10.897 
170822150046 0.769 27.283 38.288 7.272 8.253 0.080 10.931 
170822151546 0.785 27.313 38.288 7.269 8.254 0.057 10.946 
170822153046 0.794 27.308 38.285 7.266 8.253 0.083 10.949 
170822154546 0.798 27.321 38.237 7.262 8.252 0.073 10.898 
170822160046 0.777 27.360 38.233 7.253 8.252 0.070 10.937 
170822161546 0.776 27.334 38.239 7.253 8.253 0.073 10.948 
170822163046 0.812 27.367 38.221 7.245 8.254 0.373 10.951 
170822164546 0.796 27.470 38.186 7.223 8.251 0.117 10.899 
170822170046 0.780 27.470 38.184 7.228 8.250 0.105 10.933 
170822171546 0.799 27.444 38.195 7.233 8.253 0.122 10.948 
170822173046 0.789 27.469 38.171 7.233 8.253 0.155 10.951 
170822174546 0.780 27.411 38.176 7.243 8.254 0.156 10.899 
170822180046 0.815 27.437 38.192 7.240 8.253 0.215 10.938 
170822181546 0.771 27.324 38.270 7.261 8.255 0.221 10.949 
170822183046 0.815 27.251 38.255 7.286 8.256 0.228 10.951 
170822184546 0.769 27.212 38.237 7.293 8.256 0.172 10.899 
170822190046 0.777 27.198 38.241 7.293 8.258 0.217 10.933 
170822191546 0.732 27.186 38.245 7.298 8.254 0.232 10.947 
170822193046 0.810 27.179 38.250 7.298 8.255 0.202 10.950 
170822194546 0.795 27.150 38.253 7.306 8.256 0.199 10.898 
170822200046 0.805 27.145 38.257 7.311 8.255 0.292 10.937 
170822201546 0.791 27.129 38.252 7.313 8.257 0.244 10.948 
170822203046 0.792 27.112 38.253 7.314 8.258 0.210 10.950 
170822204546 0.767 27.088 38.258 7.315 8.258 0.241 10.898 
170822210046 0.773 27.082 38.224 7.317 8.260 0.334 10.936 
170822211546 0.791 27.064 38.266 7.319 8.261 0.220 10.947 
170822213046 0.759 27.049 38.266 7.321 8.261 0.217 10.950 
170822214546 0.740 27.038 38.269 7.326 8.263 0.207 10.897 
170822220046 0.741 27.004 38.278 7.336 8.265 0.225 10.931 
170822221546 0.787 26.998 38.284 7.336 8.263 0.204 10.946 
170822223046 0.750 26.978 38.281 7.341 8.262 0.270 10.949 
170822224546 0.777 26.982 38.297 7.350 8.264 0.191 10.897 
170822230046 0.743 26.958 38.299 7.366 8.265 0.195 10.936 
170822231546 0.771 26.927 38.294 7.378 8.266 0.466 10.947 
170822233046 0.781 26.930 38.293 7.383 8.266 0.213 10.950 
170822234546 0.765 26.946 38.293 7.391 8.267 0.240 10.897 
180822000046 0.769 26.937 38.250 7.393 8.268 0.239 10.931 
180822001546 0.747 26.929 38.258 7.398 8.266 0.210 10.946 
180822003046 0.759 26.892 38.309 7.405 8.269 0.279 10.949 
180822004546 0.736 26.946 38.298 7.404 8.269 0.210 10.897 
180822010046 0.678 26.985 38.301 7.397 8.270 0.184 10.936 
180822011546 0.707 26.933 38.306 7.408 8.267 0.188 10.947 
180822013046 0.707 26.889 38.322 7.420 8.269 0.199 10.949 
180822014546 0.759 26.869 38.307 7.431 8.268 0.214 10.896 
180822020046 0.812 26.887 38.306 7.426 8.268 0.167 10.936 
180822021546 0.818 26.871 38.312 7.430 8.268 0.140 10.946 
180822023046 0.721 26.872 38.316 7.435 8.268 0.206 10.949 
180822024546 0.789 26.884 38.323 7.438 8.269 0.207 10.896 
180822030046 0.741 26.893 38.311 7.437 8.269 0.273 10.930 
180822031546 0.731 26.877 38.314 7.438 8.269 0.188 10.945 
180822033046 0.756 26.866 38.309 7.437 8.270 0.201 10.949 
180822034546 0.753 26.836 38.300 7.437 8.271 0.208 10.897 
180822040046 0.774 26.812 38.307 7.432 8.271 0.202 10.936 
180822041546 0.751 26.750 38.302 7.436 8.271 0.193 10.946 
180822043046 0.720 26.734 38.303 7.430 8.270 0.248 10.949 
180822044546 0.738 26.746 38.297 7.420 8.272 0.207 10.897 
180822050046 0.733 26.876 38.290 7.387 8.270 0.289 10.935 
180822051546 0.753 26.932 38.284 7.362 8.270 0.210 10.946 
180822053046 0.724 26.988 38.286 7.338 8.268 0.180 10.949 
180822054546 0.707 27.032 38.282 7.324 8.264 0.188 10.897 
180822060046 0.729 27.056 38.304 7.321 8.267 0.163 10.936 
180822061546 0.721 27.078 38.307 7.320 8.269 0.219 10.947 
180822063046 0.660 27.064 38.285 7.330 8.267 0.185 10.950 
180822064546 0.737 27.059 38.293 7.333 8.267 0.184 10.898 
180822070046 0.690 27.051 38.297 7.338 8.268 0.176 10.931 
180822071546 0.687 27.059 38.298 7.345 8.267 0.195 10.946 
180822073046 0.691 27.053 38.311 7.354 8.269 0.208 10.949 
180822074546 0.701 27.028 38.323 7.368 8.268 0.186 10.898 
180822080046 0.674 27.006 38.316 7.383 8.267 0.184 10.937 
180822081546 0.731 26.987 38.319 7.397 8.268 0.205 10.948 
180822083046 0.723 26.953 38.331 7.407 8.267 0.232 10.950 
180822084546 0.698 26.906 38.340 7.419 8.267 0.251 10.898 
180822090046 0.728 26.861 38.336 7.429 8.267 0.207 10.931 
180822091546 0.767 26.815 38.293 7.443 8.268 0.202 10.946 
180822093046 0.761 26.743 38.306 7.457 8.270 0.184 10.949 
180822094546 0.911 26.630 38.301 7.480 8.269 0.187 10.896 
180822100046 0.817 26.536 38.308 7.497 8.270 0.219 10.936 
180822101546 0.783 26.481 38.316 7.505 8.269 0.304 10.946 
180822103046 0.768 26.470 38.310 7.513 8.267 0.509 10.948 
180822104546 0.765 26.430 38.307 7.520 8.267 0.149 10.894 
180822110046 0.755 26.401 38.297 7.525 8.267 0.171 10.928 
180822111546 0.828 26.294 38.342 7.541 8.267 0.119 10.944 
180822113046 0.795 26.282 38.327 7.549 8.265 0.123 10.946 
180822114547 0.744 26.301 38.332 7.550 8.265 0.091 10.894 
180822120046 0.760 26.305 38.325 7.555 8.265 0.091 10.931 
180822121546 0.794 26.360 38.332 7.553 8.262 0.091 10.944 
180822123046 0.684 26.263 38.324 7.586 8.261 0.105 10.946 
180822124546 0.837 26.251 38.325 7.598 8.260 0.125 10.894 
180822125017 0.852 26.285 38.327 7.608 8.261 0.079 10.718 
180822130517 0.785 26.430 38.331 7.589 8.260 0.161 10.910 
180822132017 0.775 26.446 38.326 7.595 8.260 0.185 10.935 
180822133517 0.809 26.512 38.336 7.581 8.261 0.199 10.942 
180822135017 0.767 26.594 38.323 7.565 8.257 0.191 10.916 
180822140517 0.742 26.570 38.315 7.566 8.258 0.192 10.936 
180822142017 0.750 26.604 38.325 7.564 8.255 0.073 10.944 
180822143517 0.805 26.426 38.305 7.599 8.257 0.097 10.946 
180822145017 0.785 26.396 38.324 7.600 8.255 0.061 10.918 
180822150517 0.749 26.372 38.342 7.604 8.255 0.174 10.936 
180822152017 0.783 26.402 38.320 7.597 8.256 0.124 10.944 
180822153517 0.796 26.296 38.348 7.634 8.260 1.919 10.942 
180822155017 0.795 26.268 38.322 7.656 8.258 0.080 10.916 
180822160517 0.750 26.231 38.324 7.661 8.259 0.144 10.936 
180822162017 0.841 26.252 38.328 7.659 8.261 0.187 10.944 
180822163517 0.828 26.245 38.326 7.657 8.262 0.273 10.946 
180822165017 0.853 26.240 38.308 7.651 8.262 0.205 10.918 
180822170517 0.723 26.294 38.320 7.635 8.259 0.140 10.930 
180822172017 0.705 26.294 38.319 7.623 8.261 0.353 10.939 
180822173517 0.826 26.394 38.331 7.599 8.262 0.203 10.945 
180822175017 0.783 26.451 38.335 7.585 8.259 0.209 10.917 
180822180517 0.799 26.376 38.301 7.625 8.260 0.205 10.932 
180822182017 0.724 26.390 38.332 7.629 8.262 0.193 10.944 
180822183517 0.742 26.357 38.306 7.640 8.260 0.222 10.946 
180822185017 0.795 26.379 38.328 7.638 8.261 0.256 10.918 
180822190517 0.770 26.323 38.312 7.647 8.261 0.274 10.936 
180822192017 0.755 26.343 38.312 7.645 8.263 0.303 10.944 
180822193517 0.748 26.352 38.309 7.644 8.262 0.342 10.946 
180822195017 0.778 26.503 38.311 7.615 8.262 0.262 10.917 
180822200517 0.793 26.507 38.304 7.609 8.260 0.478 10.936 
180822202017 0.735 26.485 38.312 7.603 8.261 0.271 10.945 
180822203517 0.754 26.493 38.298 7.586 8.262 0.349 10.947 
180822205017 0.786 26.490 38.225 7.578 8.261 0.334 10.918 
180822210517 0.783 26.427 38.265 7.588 8.262 0.274 10.937 
180822212017 0.796 26.391 38.304 7.590 8.264 1.765 10.944 
180822213517 0.803 26.374 38.317 7.592 8.265 0.327 10.946 
180822215017 0.769 26.372 38.325 7.588 8.266 0.344 10.918 
180822220517 0.803 26.341 38.321 7.598 8.265 0.306 10.936 
180822222017 0.792 26.349 38.321 7.596 8.267 0.366 10.944 
180822223517 0.785 26.330 38.312 7.617 8.266 0.273 10.942 
180822225017 0.775 26.333 38.307 7.623 8.267 0.308 10.917 
180822230517 0.768 26.324 38.321 7.630 8.268 0.320 10.936 
180822232017 0.788 26.332 38.310 7.630 8.270 0.334 10.944 
180822233517 0.807 26.315 38.314 7.634 8.270 0.252 10.946 
180822235017 0.774 26.324 38.306 7.637 8.271 0.329 10.917 
190822000517 0.705 26.257 38.137 7.645 8.275 0.332 10.936 
190822002017 0.798 26.324 38.012 7.633 8.276 0.287 10.944 
190822003517 0.801 26.312 38.122 7.632 8.275 0.279 10.946 
190822005017 0.765 26.268 38.012 7.638 8.277 0.297 10.918 
190822010517 0.708 26.237 37.956 7.641 8.277 0.363 10.936 
190822012017 0.782 26.139 37.717 7.653 8.284 0.245 10.944 
190822013517 0.761 26.113 37.796 7.649 8.282 0.298 10.946 
190822015017 0.810 26.164 37.985 7.638 8.281 0.352 10.917 
190822020517 0.810 26.190 38.109 7.636 8.278 0.249 10.931 
190822022017 0.819 26.193 38.160 7.657 8.278 0.273 10.938 
190822023517 0.790 26.166 38.209 7.667 8.276 0.274 10.944 
190822025017 0.825 26.133 38.201 7.676 8.277 0.363 10.922 
190822030517 0.797 26.133 38.212 7.681 8.277 0.288 10.936 
190822032017 0.648 26.022 38.002 7.701 8.279 0.325 10.944 
190822033517 0.717 26.059 38.088 7.697 8.277 0.306 10.945 
190822035017 0.778 26.004 38.076 7.696 8.278 0.298 10.919 
190822040517 0.761 25.970 38.047 7.693 8.282 0.317 10.935 
190822042017 0.843 25.995 38.093 7.680 8.279 0.259 10.943 
190822043517 0.750 25.973 38.108 7.672 8.280 0.308 10.944 
190822045017 0.829 25.975 38.118 7.657 8.279 0.325 10.916 
190822050517 0.899 25.947 38.141 7.653 8.280 0.289 10.932 
190822052017 0.752 25.961 38.154 7.644 8.279 0.250 10.942 
190822053517 0.736 25.978 38.218 7.639 8.278 0.417 10.940 
190822055017 0.739 25.950 38.251 7.637 8.274 0.297 10.914 
190822060517 0.826 26.033 38.246 7.628 8.276 0.350 10.933 
190822062017 0.756 25.978 38.261 7.640 8.278 0.304 10.942 
190822063517 0.828 25.967 38.260 7.643 8.277 0.304 10.944 
190822065017 0.793 26.002 38.259 7.643 8.276 0.376 10.915 
190822070517 0.826 25.773 38.171 7.680 8.274 0.363 10.933 
190822072017 0.790 25.871 38.239 7.657 8.272 0.270 10.941 
190822073517 0.817 25.970 38.283 7.643 8.271 0.242 10.944 
190822075017 0.804 25.953 38.293 7.639 8.270 0.586 10.914 
190822080517 0.793 25.942 38.287 7.641 8.271 0.327 10.932 
190822082017 0.788 25.929 38.253 7.653 8.272 0.316 10.942 
190822083517 0.818 25.884 38.250 7.650 8.272 0.593 10.940 
190822085017 0.760 25.858 38.241 7.649 8.271 0.254 10.914 
190822090517 0.782 25.835 38.229 7.656 8.271 0.260 10.929 
190822092017 0.764 25.851 38.256 7.654 8.271 0.157 10.941 
190822093517 0.795 25.854 38.280 7.655 8.268 0.181 10.943 
190822095017 0.761 25.881 38.262 7.652 8.267 0.139 10.914 
190822100517 0.729 25.756 38.166 7.674 8.268 0.177 10.932 
190822102017 0.761 25.799 38.178 7.666 8.265 0.101 10.941 
190822103517 0.736 25.811 38.186 7.662 8.264 0.088 10.943 
190822105017 0.786 25.819 38.129 7.667 8.264 0.081 10.914 
190822110517 0.787 25.793 38.069 7.673 8.264 0.087 10.929 
190822112017 0.770 25.872 38.074 7.664 8.263 0.079 10.940 
190822113517 0.792 25.936 38.112 7.651 8.261 0.085 10.943 
190822115017 0.746 25.892 38.133 7.664 8.262 0.094 10.914 
190822120517 0.812 25.893 38.070 7.662 8.262 0.122 10.932 
190822122017 0.837 25.930 38.148 7.660 8.263 0.077 10.941 
190822123517 0.790 25.967 38.193 7.662 8.259 0.119 10.943 
190822125017 0.818 25.933 38.103 7.674 8.265 0.078 10.914 
190822125442 0.802 25.964 38.153 7.686 8.262 0.078 10.711 
190822130942 0.793 26.039 37.842 7.682 8.269 0.066 10.902 
190822132442 0.822 26.041 38.172 7.687 8.267 0.091 10.929 
190822133942 0.785 26.081 38.186 7.687 8.266 0.084 10.938 
190822135442 0.772 26.074 38.203 7.695 8.266 0.064 10.908 
190822140942 0.806 26.102 38.214 7.691 8.265 0.112 10.936 
190822142442 0.776 26.044 38.194 7.714 8.265 0.070 10.942 
190822143942 0.798 26.145 38.203 7.696 8.263 0.083 10.944 
190822145442 0.719 26.192 38.166 7.691 8.262 0.417 10.909 
190822150942 0.814 26.294 37.977 7.675 8.260 1.625 10.937 
190822152442 0.825 26.368 37.981 7.654 8.260 0.108 10.943 
190822153942 0.791 26.338 38.151 7.670 8.260 0.100 10.945 
190822155442 0.790 26.355 38.184 7.660 8.260 0.112 10.908 
190822160942 0.810 26.369 38.140 7.664 8.257 0.083 10.938 
190822162442 0.801 26.474 38.170 7.637 8.259 0.116 10.944 
190822163942 0.836 26.451 38.151 7.647 8.260 0.139 10.946 
190822165442 0.806 26.443 38.141 7.650 8.260 0.112 10.883 
190822170942 0.833 26.343 38.130 7.671 8.262 0.119 10.933 
190822172442 0.838 26.368 38.106 7.673 8.262 0.152 10.943 
190822173942 0.788 26.404 38.105 7.668 8.262 2.531 10.945 
190822175442 0.825 26.434 38.155 7.665 8.261 0.252 10.912 
190822180942 0.830 26.456 38.174 7.668 8.260 0.207 10.939 
190822182442 0.762 26.377 38.187 7.680 8.261 0.262 10.944 
190822183942 0.878 26.383 38.234 7.683 8.262 0.267 10.946 
190822185442 0.786 26.526 38.182 7.657 8.262 0.532 10.912 
190822190942 0.823 26.504 38.195 7.661 8.261 0.288 10.939 
190822192442 0.814 26.449 38.210 7.673 8.264 0.285 10.941 
190822193942 0.822 26.424 38.219 7.674 8.265 0.311 10.946 
190822195442 0.836 26.394 38.216 7.687 8.266 0.263 10.908 
190822200942 0.849 26.344 38.236 7.696 8.266 0.293 10.938 
190822202442 0.788 26.316 38.242 7.702 8.267 0.307 10.944 
190822203942 0.770 26.323 38.153 7.706 8.269 0.367 10.942 
190822205442 0.808 26.308 38.165 7.712 8.269 0.913 10.900 
190822210942 0.787 26.276 38.169 7.714 8.269 0.424 10.936 
190822212442 0.846 26.279 38.161 7.707 8.271 0.354 10.944 
190822213942 0.840 26.302 38.179 7.696 8.270 0.326 10.945 
190822215442 0.867 26.326 38.172 7.693 8.270 0.258 10.912 
190822220942 0.833 26.324 38.177 7.693 8.272 0.269 10.938 
190822222442 0.764 26.326 38.176 7.686 8.271 0.330 10.940 
190822223942 0.834 26.315 38.179 7.682 8.271 0.396 10.945 
190822225442 0.799 26.294 38.186 7.681 8.272 0.374 10.912 
190822230942 0.735 26.294 38.184 7.681 8.271 0.324 10.939 
190822232442 0.857 26.284 38.183 7.683 8.271 1.619 10.944 
190822233942 0.852 26.265 38.019 7.687 8.272 1.438 10.946 
190822235442 0.794 26.242 38.182 7.691 8.271 0.383 10.912 
200822000942 0.827 26.243 38.187 7.689 8.270 0.582 10.938 
200822002442 0.764 26.234 38.182 7.691 8.271 1.685 10.944 
200822003942 0.767 26.234 38.201 7.687 8.271 0.247 10.946 
200822005442 0.803 26.232 38.201 7.684 8.272 0.309 10.908 
200822010942 0.787 26.218 38.185 7.691 8.272 1.228 10.937 
200822012442 0.807 26.221 38.200 7.689 8.273 0.312 10.944 
200822013942 0.782 26.201 38.205 7.692 8.272 0.343 10.945 
200822015442 0.793 26.197 38.208 7.699 8.275 0.334 10.900 
200822020942 0.797 26.183 38.213 7.698 8.274 0.420 10.936 
200822022442 0.818 26.176 38.147 7.698 8.276 0.260 10.943 
200822023942 0.725 26.158 38.159 7.704 8.277 0.313 10.945 
200822025442 0.794 26.161 38.178 7.699 8.277 1.928 10.902 
200822030942 0.812 26.135 38.184 7.703 8.278 0.361 10.936 
200822032442 0.778 26.128 38.215 7.704 8.277 0.261 10.943 
200822033942 0.821 26.125 38.211 7.706 8.277 0.565 10.944 
200822035442 0.841 26.074 38.209 7.718 8.278 0.248 10.906 
200822040942 0.791 26.081 38.193 7.718 8.278 0.342 10.937 
200822042442 0.834 26.065 38.168 7.723 8.277 0.351 10.943 
200822043942 0.879 26.059 38.166 7.725 8.277 1.160 10.944 
200822045442 0.822 26.051 38.141 7.731 8.277 0.281 10.908 
200822050942 0.814 26.065 38.142 7.729 8.277 0.441 10.937 
200822052442 0.819 26.085 38.147 7.743 8.278 2.020 10.939 
200822053942 0.841 26.101 38.129 7.738 8.278 0.322 10.944 
200822055442 0.816 26.128 38.137 7.737 8.277 0.430 10.888 
200822060942 0.790 26.118 38.127 7.743 8.276 0.254 10.933 
200822062442 0.836 26.095 38.144 7.751 8.276 2.308 10.942 
200822063942 0.866 26.054 38.127 7.760 8.276 0.541 10.944 
200822065442 0.842 26.084 38.152 7.756 8.276 0.282 10.909 
200822070942 0.820 26.084 38.139 7.753 8.276 0.275 10.937 
200822072442 0.825 26.095 38.164 7.744 8.274 0.323 10.943 
200822073942 0.807 26.090 38.079 7.738 8.273 0.267 10.945 
200822075442 0.813 26.142 38.105 7.729 8.272 0.238 10.909 
200822080942 0.833 26.158 38.120 7.724 8.270 0.232 10.937 
200822082442 0.813 26.164 38.120 7.721 8.270 0.203 10.943 
200822083942 0.881 26.156 38.138 7.726 8.270 0.238 10.944 
200822085442 0.823 26.167 38.131 7.724 8.268 0.194 10.890 
200822090942 0.817 26.173 38.015 7.725 8.270 0.599 10.933 
200822092442 0.723 26.175 38.155 7.748 8.268 0.172 10.938 
200822093942 0.841 26.180 38.148 7.752 8.267 0.162 10.944 
200822095442 0.846 26.206 38.164 7.751 8.265 0.136 10.911 
200822100942 0.828 26.238 38.156 7.751 8.264 0.211 10.938 
200822102442 0.834 26.228 38.163 7.756 8.263 0.133 10.943 
200822103942 0.834 26.287 38.177 7.741 8.263 0.173 10.945 
200822105442 0.821 26.341 38.157 7.735 8.265 0.117 10.907 
200822110942 0.822 26.340 38.316 7.741 8.265 0.127 10.938 
200822112442 0.836 26.344 38.336 7.741 8.265 0.152 10.940 
200822113942 0.804 26.385 38.346 7.730 8.264 0.110 10.945 
200822115442 0.811 26.287 38.329 7.751 8.265 0.112 10.892 
200822120942 0.856 26.268 38.317 7.756 8.264 0.101 10.934 
200822122442 0.918 26.252 38.308 7.761 8.262 0.076 10.943 
200822123942 0.689 26.285 38.286 7.755 8.262 0.120 10.945 
200822125442 0.768 26.290 38.322 7.755 8.262 0.079 10.911 
200822125904 0.862 26.296 38.375 7.753 8.262 0.124 10.789 
200822131404 0.824 26.307 38.162 7.744 8.260 0.107 10.909 
200822132904 0.827 26.349 38.178 7.730 8.259 0.110 10.933 
200822134404 0.869 26.366 38.196 7.726 8.258 0.126 10.941 
200822135904 0.831 26.387 38.197 7.718 8.257 0.088 10.921 
200822141404 0.838 26.423 38.190 7.714 8.256 0.135 10.939 
200822142904 0.833 26.499 38.195 7.693 8.255 0.140 10.944 
200822144404 0.747 26.498 38.202 7.691 8.254 0.136 10.945 
200822145904 0.803 26.501 38.204 7.691 8.255 0.163 10.912 
200822151404 0.858 26.473 38.173 7.691 8.254 0.108 10.938 
200822152904 0.790 26.501 38.183 7.686 8.254 0.145 10.943 
200822154404 0.799 26.533 38.186 7.682 8.253 0.138 10.945 
200822155904 0.795 26.515 38.253 7.690 8.254 0.117 10.927 
200822161404 0.882 26.558 38.296 7.686 8.255 0.147 10.942 
200822162904 0.898 26.589 38.292 7.680 8.255 0.152 10.945 
200822164404 0.859 26.558 38.276 7.688 8.255 0.164 10.946 
200822165904 0.837 26.537 38.268 7.695 8.255 0.227 10.913 
200822171404 0.769 26.533 38.247 7.700 8.255 0.177 10.939 
200822172904 0.819 26.512 38.264 7.701 8.255 0.203 10.944 
200822174404 0.753 26.504 38.265 7.704 8.257 0.173 10.946 
200822175904 0.794 26.509 38.148 7.706 8.255 0.211 10.925 
200822181404 0.768 26.470 38.127 7.717 8.257 0.223 10.942 
200822182904 0.795 26.445 38.130 7.722 8.257 1.263 10.945 
200822184404 0.847 26.437 38.128 7.720 8.258 0.295 10.946 
200822185904 0.850 26.423 38.132 7.725 8.260 0.269 10.923 
200822191404 0.809 26.412 38.143 7.731 8.259 0.274 10.941 
200822192904 0.785 26.394 38.160 7.732 8.261 0.254 10.945 
200822194404 0.795 26.387 38.163 7.730 8.261 0.910 10.946 
200822195904 0.804 26.372 38.162 7.735 8.263 0.207 10.913 
200822201404 0.825 26.349 38.170 7.739 8.263 0.322 10.938 
200822202904 0.792 26.344 38.294 7.735 8.262 0.228 10.944 
200822204404 0.865 26.354 38.291 7.731 8.264 0.249 10.946 
200822205904 0.834 26.337 38.267 7.725 8.263 0.298 10.924 
200822211404 0.840 26.335 38.267 7.724 8.264 0.268 10.941 
200822212904 0.857 26.326 38.267 7.726 8.265 0.242 10.944 
200822214404 0.806 26.318 38.251 7.718 8.266 0.270 10.946 
200822215904 0.850 26.301 38.255 7.713 8.267 0.351 10.912 
200822221404 0.783 26.294 38.252 7.719 8.268 0.277 10.938 
200822222904 0.835 26.307 38.254 7.713 8.270 0.265 10.944 
200822224404 0.864 26.307 38.238 7.713 8.271 0.335 10.945 
200822225904 0.783 26.301 38.238 7.715 8.271 0.254 10.924 
200822231404 0.849 26.288 38.231 7.716 8.272 0.281 10.940 
200822232904 0.795 26.288 38.231 7.720 8.271 0.277 10.944 
200822234404 0.836 26.262 38.230 7.726 8.271 0.280 10.945 
200822235904 0.797 26.262 38.228 7.723 8.272 0.286 10.912 
210822001404 0.815 26.248 38.238 7.731 8.271 0.259 10.938 
210822002904 0.849 26.242 38.253 7.736 8.272 0.277 10.943 
210822004404 0.782 26.235 38.246 7.732 8.271 0.326 10.945 
210822005904 0.835 26.226 38.244 7.736 8.271 0.255 10.926 
210822011404 0.878 26.240 38.223 7.737 8.272 0.370 10.941 
210822012904 0.801 26.220 38.225 7.741 8.274 0.321 10.944 
210822014404 0.827 26.221 38.235 7.743 8.272 0.260 10.945 
210822015904 0.809 26.211 38.249 7.742 8.272 0.309 10.911 
210822021404 0.761 26.192 38.231 7.745 8.273 0.270 10.937 
210822022904 0.838 26.190 38.228 7.747 8.275 0.292 10.943 
210822024404 0.811 26.198 38.234 7.742 8.275 0.271 10.944 
210822025904 0.803 26.198 38.234 7.740 8.276 0.851 10.923 
210822031404 0.784 26.207 38.234 7.739 8.277 0.263 10.940 
210822032904 0.801 26.203 38.236 7.738 8.275 0.284 10.944 
210822034404 0.794 26.204 38.238 7.737 8.276 1.323 10.945 
210822035904 0.832 26.206 38.224 7.738 8.277 0.260 10.923 
210822041404 0.803 26.203 38.232 7.736 8.277 0.264 10.940 
210822042904 0.814 26.198 38.228 7.735 8.277 0.239 10.944 
210822044404 0.780 26.212 38.231 7.733 8.277 0.288 10.945 
210822045904 0.822 26.214 38.262 7.735 8.278 0.223 10.911 
210822051404 0.812 26.211 38.256 7.733 8.277 0.303 10.937 
210822052904 0.819 26.211 38.260 7.735 8.277 0.227 10.943 
210822054404 0.853 26.203 38.263 7.738 8.277 0.235 10.944 
210822055904 0.696 26.209 38.248 7.738 8.277 0.250 10.923 
210822061404 0.774 26.201 38.248 7.740 8.276 0.263 10.940 
210822062904 0.799 26.198 38.247 7.744 8.276 0.268 10.944 
210822064404 0.803 26.206 38.237 7.743 8.276 0.230 10.945 
210822065904 0.822 26.197 38.237 7.743 8.275 0.318 10.922 
210822071404 0.823 26.197 38.230 7.743 8.276 0.290 10.940 
210822072904 0.809 26.217 38.228 7.739 8.276 0.271 10.944 
210822074404 0.830 26.211 38.229 7.743 8.275 0.250 10.945 
210822075904 0.833 26.226 38.228 7.739 8.272 0.224 10.912 
210822081404 0.828 26.237 38.235 7.736 8.271 0.178 10.937 
210822082904 0.797 26.240 38.248 7.733 8.271 0.188 10.943 
210822084404 0.795 26.249 38.237 7.729 8.270 0.160 10.945 
210822085904 0.835 26.270 38.248 7.721 8.269 0.169 10.923 
210822091404 0.770 26.293 38.266 7.712 8.269 0.167 10.940 
210822092904 0.760 26.327 38.264 7.708 8.268 0.162 10.944 
210822094404 0.803 26.346 38.267 7.707 8.265 0.185 10.945 
210822095904 0.813 26.362 38.274 7.701 8.265 0.133 10.923 
210822101404 0.771 26.387 38.288 7.697 8.265 0.221 10.941 
210822102904 0.768 26.399 38.288 7.696 8.265 0.195 10.945 
210822104404 0.781 26.418 38.318 7.696 8.266 0.171 10.946 
210822105904 0.793 26.441 38.288 7.694 8.265 0.267 10.913 
210822111404 0.772 26.468 38.285 7.691 8.263 0.122 10.938 
210822112904 0.829 26.487 38.288 7.686 8.262 0.127 10.944 
210822114404 0.773 26.526 38.284 7.684 8.262 0.086 10.946 
210822115904 0.812 26.523 38.274 7.680 8.260 0.090 10.925 
210822121404 0.827 26.596 38.264 7.671 8.260 0.108 10.942 
210822122904 0.794 26.726 38.238 7.649 8.260 0.091 10.946 
210822124404 0.841 26.710 38.289 7.641 8.258 0.070 10.947 
210822125904 0.821 26.686 38.284 7.644 8.258 0.079 10.919 
210822130327 0.772 26.697 38.288 7.646 8.258 0.098 10.791 
210822131827 0.844 26.672 38.299 7.650 8.256 0.081 10.912 
210822133327 0.727 26.662 38.292 7.656 8.256 0.081 10.936 
210822134827 0.810 26.684 38.291 7.648 8.255 0.057 10.907 
210822140327 0.801 26.705 38.294 7.651 8.255 0.061 10.932 
210822141827 0.788 26.669 38.296 7.660 8.255 0.041 10.942 
210822143327 0.822 26.694 38.314 7.655 8.253 0.091 10.946 
210822144827 0.783 26.702 38.271 7.665 8.253 0.091 10.909 
210822150327 0.740 26.737 38.274 7.659 8.253 0.085 10.928 
210822151827 0.752 26.783 38.281 7.649 8.252 0.087 10.943 
210822153327 0.799 26.794 38.273 7.653 8.253 0.075 10.942 
210822154827 0.846 26.812 38.289 7.654 8.253 0.088 10.909 
210822160327 0.773 26.861 38.207 7.641 8.249 0.103 10.927 
210822161827 0.762 26.842 38.272 7.640 8.247 0.096 10.940 
210822163327 0.758 26.837 38.282 7.639 8.248 0.132 10.946 
210822164827 0.822 26.858 38.265 7.636 8.249 0.128 10.911 
210822170327 0.811 26.812 38.266 7.647 8.250 0.133 10.934 
210822171827 0.790 26.824 38.249 7.640 8.249 0.138 10.945 
210822173327 0.745 26.824 38.233 7.639 8.250 0.194 10.947 
210822174827 0.762 26.824 38.239 7.639 8.251 0.186 10.912 
210822180327 0.830 26.802 38.212 7.642 8.253 0.189 10.928 
210822181827 0.765 26.791 38.210 7.646 8.254 0.214 10.943 
210822183327 0.770 26.770 38.218 7.648 8.254 0.385 10.946 
210822184827 0.759 26.762 38.217 7.655 8.253 0.226 10.912 
210822190327 0.817 26.757 38.217 7.657 8.253 0.213 10.935 
210822191827 0.741 26.742 38.233 7.661 8.254 0.280 10.945 
210822193327 0.816 26.724 38.256 7.663 8.257 0.270 10.947 
210822194827 0.763 26.688 38.256 7.681 8.257 0.233 10.909 
210822200327 0.714 26.688 38.265 7.677 8.257 0.321 10.934 
210822201827 0.756 26.672 38.261 7.680 8.258 0.379 10.944 
210822203327 0.814 26.664 38.256 7.688 8.258 0.414 10.947 
210822204827 0.769 26.667 38.268 7.702 8.260 0.223 10.908 
210822210327 0.840 26.665 38.270 7.717 8.261 1.647 10.925 
210822211827 0.758 26.669 38.266 7.717 8.262 0.477 10.942 
210822213327 0.803 26.673 38.271 7.711 8.263 1.115 10.946 
210822214827 0.789 26.657 38.259 7.715 8.262 0.338 10.911 
210822220327 0.775 26.630 38.264 7.726 8.264 0.248 10.934 
210822221827 0.769 26.602 38.268 7.727 8.265 0.642 10.944 
210822223327 0.710 26.581 38.270 7.729 8.265 0.222 10.947 
210822224827 0.808 26.558 38.272 7.726 8.267 0.258 10.908 
210822230327 0.793 26.522 38.281 7.726 8.267 0.232 10.933 
210822231827 0.757 26.490 38.286 7.723 8.269 0.285 10.944 
210822233327 0.778 26.479 38.281 7.722 8.268 0.280 10.946 
210822234827 0.753 26.452 38.286 7.726 8.270 0.223 10.910 
220822000327 0.752 26.448 38.294 7.721 8.270 0.246 10.926 
220822001827 0.734 26.426 38.280 7.722 8.270 0.228 10.942 
220822003327 0.764 26.402 38.270 7.720 8.271 0.261 10.945 
220822004827 0.767 26.413 38.277 7.704 8.271 0.260 10.907 
220822010327 0.772 26.410 38.274 7.695 8.272 0.223 10.932 
220822011827 0.769 26.402 38.281 7.693 8.273 0.204 10.943 
220822013327 0.755 26.383 38.292 7.697 8.272 0.294 10.946 
220822014827 0.824 26.393 38.285 7.696 8.273 0.239 10.908 
220822020327 0.778 26.394 38.282 7.694 8.272 0.248 10.933 
220822021827 0.800 26.388 38.281 7.695 8.274 0.320 10.943 
220822023327 0.766 26.388 38.271 7.695 8.273 0.355 10.945 
220822024827 0.785 26.382 38.258 7.697 8.272 0.254 10.909 
220822030327 0.750 26.398 38.280 7.699 8.271 0.258 10.922 
220822031827 0.816 26.396 38.261 7.700 8.270 0.233 10.940 
220822033327 0.763 26.391 38.262 7.701 8.273 0.267 10.945 
220822034827 0.774 26.402 38.273 7.701 8.271 0.233 10.908 
220822040327 0.696 26.393 38.231 7.701 8.273 0.255 10.932 
220822041827 0.772 26.407 38.233 7.713 8.274 0.295 10.939 
220822043327 0.779 26.399 38.259 7.706 8.273 0.249 10.945 
220822044827 0.767 26.398 38.273 7.702 8.274 0.223 10.917 
220822050327 0.756 26.401 38.280 7.701 8.273 0.234 10.934 
220822051827 0.820 26.415 38.273 7.700 8.274 0.206 10.943 
220822053327 0.760 26.413 38.248 7.699 8.274 0.204 10.946 
220822054827 0.792 26.391 38.257 7.699 8.275 0.256 10.914 
220822060327 0.779 26.416 38.253 7.698 8.276 0.239 10.933 
220822061827 0.796 26.412 38.260 7.696 8.274 0.165 10.943 
220822063327 0.750 26.405 38.260 7.692 8.276 0.268 10.946 
220822064827 0.781 26.405 38.260 7.694 8.275 0.210 10.909 
220822070327 0.804 26.398 38.261 7.713 8.272 0.219 10.921 
220822071827 0.787 26.377 38.311 7.716 8.273 0.240 10.940 
220822073327 0.784 26.387 38.318 7.716 8.271 0.265 10.944 
220822074827 0.764 26.385 38.318 7.726 8.271 0.240 10.906 
220822080327 0.787 26.385 38.251 7.725 8.270 0.190 10.932 
220822081827 0.763 26.379 38.228 7.720 8.269 0.161 10.943 
220822083327 0.806 26.387 38.255 7.716 8.269 0.164 10.945 
220822084827 0.792 26.388 38.254 7.708 8.267 0.145 10.910 
220822090327 0.759 26.390 38.264 7.700 8.265 0.135 10.932 
220822091827 0.752 26.404 38.264 7.697 8.264 0.130 10.943 
220822093327 0.774 26.413 38.262 7.697 8.263 0.123 10.946 
220822094827 0.822 26.430 38.269 7.698 8.262 0.122 10.908 
220822100327 0.777 26.441 38.264 7.713 8.262 0.112 10.928 
220822101827 0.822 26.449 38.260 7.733 8.261 0.105 10.938 
220822103327 0.755 26.462 38.244 7.738 8.260 0.074 10.945 
220822104827 0.777 26.482 38.245 7.743 8.260 0.121 10.908 
220822110327 0.799 26.499 38.184 7.735 8.261 0.126 10.925 
220822111827 0.801 26.501 38.249 7.734 8.261 0.087 10.941 
220822113327 0.748 26.563 38.252 7.725 8.261 0.112 10.945 
220822114827 0.795 26.588 38.240 7.712 8.260 0.096 10.910 
220822120327 0.812 26.637 38.250 7.704 8.260 0.049 10.933 
220822121827 0.796 26.769 38.282 7.672 8.260 0.074 10.944 
220822123327 0.712 26.809 38.231 7.664 8.260 0.096 10.947 
220822124827 0.712 26.751 38.226 7.676 8.261 0.102 10.913 
220822130327 0.745 26.695 38.206 7.686 8.260 0.084 10.927 
