SAMBAT Sea Ti  C/T/D/Odo/Fluo/pH GPS : 50195 
V:0,Pression (0/50),dba
V:1,Température (-5/35),°C
V:2,Salinité (2/42),g/l
V:3,Oxygène (0/20),mgl
V:4,PH (0/14),pH
V:5,Fluorescence (0/500),ppb
V:6,Tension batterie,V
190523120516 0.836 17.878 37.889 9.966 8.275 0.714 10.769 
190523122015 0.828 17.886 37.939 9.964 8.275 1.283 10.857 
190523123515 0.836 17.858 37.885 9.971 8.274 0.850 10.884 
190523125015 0.848 17.862 37.899 9.972 8.274 0.827 10.873 
190523130515 0.849 17.895 37.706 9.964 8.276 1.609 10.890 
190523132015 0.761 17.921 37.717 9.951 8.276 0.972 10.895 
190523133515 0.826 17.921 37.719 9.955 8.275 1.078 10.898 
190523135015 0.819 17.934 37.696 9.954 8.274 0.858 10.878 
190523140515 0.851 17.948 37.717 9.950 8.275 1.025 10.892 
190523142015 0.837 18.006 37.740 9.929 8.274 0.896 10.897 
190523143515 0.831 18.024 37.732 9.938 8.273 0.744 10.899 
190523145015 0.846 18.078 37.750 9.922 8.274 1.442 10.879 
190523150515 0.825 18.066 37.751 9.929 8.274 1.435 10.894 
190523152015 0.806 18.067 37.757 9.933 8.274 1.716 10.898 
190523153515 0.819 18.016 37.772 9.948 8.273 1.640 10.900 
190523155015 0.786 18.012 37.781 9.951 8.273 1.199 10.880 
190523160515 0.825 17.955 37.798 9.967 8.273 1.761 10.894 
190523162015 0.827 17.943 37.818 9.969 8.272 2.179 10.899 
190523163515 0.831 17.921 37.814 9.976 8.272 1.936 10.900 
190523165015 0.824 17.910 37.831 9.982 8.272 2.232 10.879 
190523170515 0.783 17.896 37.818 9.986 8.273 1.678 10.894 
190523172015 0.811 17.887 37.815 9.990 8.272 1.989 10.897 
190523173515 0.822 17.882 37.833 9.993 8.272 1.754 10.900 
190523175015 0.805 17.872 37.830 9.995 8.272 1.685 10.878 
190523180515 0.818 17.855 37.826 9.998 8.272 1.928 10.893 
190523182015 0.832 17.849 37.831 9.998 8.272 2.270 10.898 
190523183515 0.837 17.835 37.831 10.001 8.272 1.981 10.899 
190523185015 0.812 17.828 37.831 10.001 8.272 1.943 10.878 
190523190515 0.841 17.819 37.856 10.004 8.272 1.488 10.892 
190523192015 0.772 17.817 37.835 10.003 8.272 2.437 10.897 
190523193515 0.792 17.818 37.919 10.000 8.272 1.822 10.899 
190523195015 0.779 17.820 37.834 9.998 8.272 2.437 10.877 
190523200515 0.760 17.817 38.024 9.997 8.272 1.845 10.892 
190523202015 0.809 17.862 38.056 9.989 8.271 1.830 10.897 
190523203515 0.820 17.859 37.972 9.987 8.271 3.454 10.899 
190523205015 0.822 17.876 37.949 9.981 8.272 1.632 10.877 
190523210515 0.812 17.872 38.048 9.977 8.272 1.981 10.892 
190523212015 0.836 17.868 38.044 9.977 8.272 1.875 10.897 
190523213515 0.759 17.869 38.041 9.975 8.273 2.156 10.899 
190523215015 0.818 17.861 38.047 9.975 8.274 1.700 10.873 
190523220515 0.833 17.855 37.931 9.973 8.274 2.186 10.890 
190523222015 0.836 17.861 37.917 9.970 8.276 1.837 10.896 
190523223515 0.831 17.853 37.926 9.968 8.276 1.769 10.898 
190523225015 0.822 17.851 37.933 9.967 8.276 1.875 10.879 
190523230515 0.810 17.833 37.929 9.967 8.276 2.156 10.892 
190523232015 0.841 17.830 37.935 9.966 8.276 1.776 10.896 
190523233515 0.803 17.816 37.933 9.968 8.276 2.012 10.898 
190523235015 0.812 17.794 37.926 9.974 8.276 1.989 10.877 
200523000515 0.815 17.784 38.308 9.977 8.275 1.617 10.892 
200523002015 0.825 17.773 37.713 9.976 8.275 1.883 10.896 
200523003515 0.829 17.755 37.511 9.978 8.275 1.997 10.898 
200523005015 0.831 17.745 37.454 9.977 8.275 2.232 10.876 
200523010515 0.809 17.730 37.193 9.975 8.275 2.285 10.891 
200523012015 0.805 17.723 37.312 9.976 8.275 1.989 10.896 
200523013515 0.848 17.714 37.283 9.982 8.275 1.556 10.897 
200523015015 0.823 17.702 37.605 9.981 8.275 2.004 10.876 
200523020515 0.813 17.678 37.530 9.984 8.275 1.799 10.890 
200523022015 0.783 17.677 37.504 9.980 8.276 2.133 10.895 
200523023515 0.835 17.663 37.505 9.977 8.276 1.845 10.897 
200523025015 0.807 17.635 37.527 9.979 8.276 1.807 10.875 
200523030515 0.775 17.650 38.037 9.972 8.276 1.913 10.890 
200523032015 0.788 17.641 38.030 9.969 8.276 1.495 10.894 
200523033515 0.789 17.648 38.033 9.964 8.276 1.814 10.896 
200523035015 0.809 17.640 38.041 9.960 8.277 1.746 10.874 
200523040515 0.815 17.647 38.068 9.955 8.277 1.260 10.890 
200523042015 0.781 17.642 38.080 9.952 8.277 1.579 10.894 
200523043515 0.784 17.614 37.824 9.953 8.277 1.435 10.896 
200523045015 0.780 17.614 37.653 9.950 8.277 1.700 10.874 
200523050515 0.777 17.607 37.744 9.946 8.277 2.277 10.889 
200523052015 0.815 17.609 37.679 9.943 8.278 1.723 10.894 
200523053515 0.787 17.602 37.744 9.937 8.278 1.890 10.895 
200523055015 0.849 17.597 37.721 9.940 8.277 1.890 10.874 
200523060515 0.808 17.594 37.724 9.937 8.277 2.368 10.889 
200523062015 0.788 17.595 37.720 9.930 8.277 2.004 10.894 
200523063515 0.833 17.581 37.741 9.933 8.278 1.890 10.895 
200523065015 0.766 17.552 37.711 9.939 8.278 2.657 10.874 
200523070515 0.848 17.567 37.717 9.932 8.279 2.270 10.888 
200523072015 0.756 17.589 37.730 9.923 8.278 1.867 10.893 
200523073515 0.779 17.586 37.726 9.920 8.279 1.640 10.895 
200523075015 0.819 17.580 37.700 9.918 8.279 1.814 10.874 
200523080515 0.782 17.603 37.716 9.906 8.279 2.027 10.888 
200523082015 0.804 17.592 37.782 9.913 8.279 1.928 10.893 
200523083515 0.859 17.601 37.811 9.904 8.277 1.146 10.895 
200523085015 0.797 17.588 37.772 9.910 8.277 1.313 10.873 
200523090515 0.814 17.621 37.772 9.898 8.276 0.881 10.888 
200523092015 0.787 17.675 37.782 9.887 8.276 1.518 10.893 
200523093515 0.779 17.697 37.765 9.881 8.275 0.888 10.895 
200523095015 0.716 17.682 37.856 9.887 8.275 1.609 10.873 
200523100515 0.795 17.674 37.864 9.890 8.275 1.549 10.888 
200523102015 0.782 17.682 37.873 9.888 8.275 1.404 10.893 
200523103515 0.771 17.678 37.817 9.890 8.275 1.480 10.895 
200523105015 0.830 17.671 37.872 9.892 8.276 1.579 10.870 
200523110515 0.803 17.680 37.866 9.892 8.276 1.518 10.887 
200523112015 0.815 17.674 37.864 9.895 8.276 1.397 10.893 
200523113515 0.791 17.667 37.827 9.897 8.276 1.556 10.895 
200523115015 0.815 17.661 37.837 9.903 8.276 1.723 10.875 
200523120515 0.825 17.664 37.862 9.906 8.275 1.526 10.889 
