SAMBAT Sea Ti  C/T/D/Odo/Fluo/pH GPS : 50195 
V:0,Pression (0/50),dba
V:1,Température (-5/35),°C
V:2,Salinité (2/42),g/l
V:3,Oxygène (0/20),mgl
V:4,PH (0/14),pH
V:5,Fluorescence (0/500),ppb
V:6,Tension batterie,V
061223113246 0.967 16.535 38.474 9.137 8.238 1.617 10.744 
061223114745 0.892 16.552 38.475 9.131 8.238 1.192 10.823 
061223120245 0.936 16.556 38.476 9.133 8.238 1.716 10.827 
061223121745 0.823 16.555 38.477 9.137 8.238 2.004 10.794 
061223123245 0.837 16.557 38.476 9.141 8.238 1.397 10.849 
061223124745 0.896 16.559 38.478 9.143 8.238 1.146 10.861 
061223130245 0.870 16.566 38.474 9.146 8.239 1.207 10.835 
061223131745 0.876 16.564 38.474 9.150 8.238 1.124 10.797 
061223133245 0.845 16.562 38.477 9.154 8.239 1.245 10.851 
061223134745 0.879 16.557 38.476 9.158 8.239 1.442 10.863 
061223140245 0.886 16.558 38.478 9.162 8.239 1.632 10.807 
061223141745 0.857 16.568 38.478 9.165 8.239 1.913 10.794 
061223143245 0.890 16.572 38.478 9.166 8.240 1.609 10.850 
061223144745 0.929 16.583 38.477 9.168 8.240 1.488 10.863 
061223150245 0.855 16.592 38.477 9.171 8.240 1.867 10.842 
061223151745 0.904 16.582 38.477 9.180 8.240 1.799 10.800 
061223153245 0.820 16.573 38.472 9.188 8.240 2.627 10.853 
061223154745 0.932 16.565 38.473 9.195 8.241 2.627 10.864 
061223160245 0.842 16.565 38.469 9.199 8.241 3.204 10.842 
061223161745 0.820 16.549 38.479 9.203 8.240 6.050 10.800 
061223163245 0.860 16.551 38.477 9.203 8.240 3.340 10.853 
061223164745 0.917 16.552 38.472 9.203 8.241 3.925 10.864 
061223170245 0.886 16.555 38.475 9.203 8.240 3.811 10.808 
061223171745 0.890 16.513 38.476 9.210 8.240 3.333 10.794 
061223173245 0.860 16.537 38.478 9.207 8.240 3.811 10.850 
061223174745 0.888 16.533 38.475 9.208 8.241 4.433 10.862 
061223180245 0.902 16.539 38.473 9.207 8.240 3.340 10.843 
061223181745 0.904 16.552 38.472 9.203 8.240 4.388 10.800 
061223183245 0.890 16.532 38.475 9.208 8.240 3.249 10.852 
061223184745 0.925 16.525 38.479 9.206 8.240 3.894 10.864 
061223190245 0.876 16.541 38.474 9.205 8.240 3.553 10.843 
061223191745 0.976 16.525 38.479 9.207 8.239 3.538 10.800 
061223193245 0.921 16.511 38.478 9.210 8.240 3.234 10.852 
061223194745 0.949 16.521 38.477 9.206 8.240 3.780 10.863 
061223200245 0.855 16.526 38.477 9.204 8.239 3.644 10.807 
061223201745 0.898 16.508 38.478 9.205 8.239 3.545 10.794 
061223203245 0.970 16.505 38.480 9.206 8.240 3.811 10.849 
061223204745 0.902 16.528 38.471 9.199 8.239 3.515 10.862 
061223210245 0.930 16.520 38.477 9.198 8.240 3.378 10.841 
061223211745 0.986 16.511 38.476 9.198 8.239 3.074 10.798 
061223213245 0.927 16.508 38.476 9.196 8.240 3.978 10.851 
061223214745 0.947 16.495 38.481 9.196 8.240 2.976 10.863 
061223220245 0.921 16.518 38.476 9.190 8.240 3.522 10.839 
061223221745 0.894 16.501 38.482 9.192 8.239 2.885 10.799 
061223223245 0.935 16.513 38.473 9.189 8.239 3.120 10.851 
061223224745 0.974 16.503 38.476 9.190 8.239 3.211 10.862 
061223230245 0.857 16.506 38.476 9.188 8.240 3.955 10.807 
061223231745 0.926 16.465 38.477 9.199 8.239 3.264 10.793 
061223233245 0.871 16.480 38.475 9.194 8.240 3.226 10.849 
061223234745 0.931 16.512 38.473 9.182 8.239 3.553 10.861 
071223000245 0.918 16.503 38.473 9.184 8.239 4.122 10.840 
071223001745 0.898 16.486 38.480 9.186 8.239 3.682 10.798 
071223003245 0.914 16.506 38.482 9.179 8.240 3.902 10.851 
071223004745 0.947 16.492 38.475 9.180 8.239 2.938 10.862 
071223010245 0.934 16.512 38.470 9.177 8.239 3.682 10.840 
071223011745 0.963 16.488 38.479 9.179 8.238 3.226 10.798 
071223013245 0.898 16.499 38.478 9.175 8.240 3.469 10.851 
071223014745 0.922 16.509 38.478 9.170 8.240 3.712 10.862 
071223020245 0.910 16.491 38.478 9.172 8.239 3.856 10.807 
071223021745 0.939 16.470 38.472 9.181 8.239 4.031 10.792 
071223023245 0.921 16.502 38.482 9.166 8.239 3.705 10.848 
071223024745 0.935 16.488 38.479 9.168 8.239 3.553 10.860 
071223030245 0.951 16.487 38.479 9.168 8.239 4.221 10.841 
071223031745 0.942 16.489 38.476 9.170 8.240 3.279 10.797 
071223033245 0.935 16.492 38.479 9.163 8.240 3.120 10.850 
071223034745 0.931 16.485 38.480 9.167 8.240 3.188 10.862 
071223040245 0.931 16.484 38.481 9.164 8.240 4.054 10.840 
071223041745 0.961 16.491 38.478 9.160 8.240 3.302 10.798 
071223043245 0.960 16.502 38.482 9.157 8.242 3.128 10.850 
071223044745 0.930 16.516 38.477 9.152 8.241 3.249 10.862 
071223050245 0.937 16.506 38.478 9.155 8.241 3.333 10.807 
071223051745 0.925 16.518 38.481 9.150 8.241 3.006 10.791 
071223053245 0.959 16.482 38.479 9.163 8.241 3.120 10.847 
071223054745 0.936 16.475 38.478 9.164 8.241 3.985 10.860 
071223060245 0.969 16.493 38.480 9.154 8.241 2.930 10.840 
071223061745 0.920 16.475 38.479 9.162 8.241 3.492 10.797 
071223063245 0.948 16.497 38.479 9.152 8.241 2.892 10.849 
071223064745 0.976 16.491 38.480 9.153 8.242 3.204 10.861 
071223070245 0.966 16.482 38.478 9.159 8.242 2.991 10.840 
071223071745 0.946 16.501 38.479 9.151 8.241 3.667 10.797 
071223073245 0.956 16.501 38.482 9.151 8.241 4.805 10.849 
071223074745 0.937 16.498 38.477 9.153 8.241 3.317 10.861 
071223080245 0.933 16.468 38.477 9.163 8.241 3.743 10.805 
071223081745 0.941 16.490 38.483 9.153 8.241 2.832 10.790 
071223083245 0.927 16.493 38.476 9.156 8.241 2.718 10.847 
071223084745 0.947 16.479 38.477 9.163 8.241 2.672 10.859 
071223090245 0.969 16.478 38.479 9.162 8.241 2.164 10.840 
071223091745 0.964 16.477 38.479 9.164 8.241 1.852 10.797 
071223093245 0.920 16.472 38.483 9.163 8.241 1.837 10.849 
071223094745 0.950 16.479 38.481 9.163 8.241 1.579 10.860 
071223100245 0.968 16.482 38.477 9.162 8.241 1.420 10.839 
071223101745 0.963 16.467 38.479 9.168 8.240 1.830 10.797 
071223103245 0.964 16.466 38.480 9.169 8.240 1.860 10.849 
071223104745 0.979 16.471 38.483 9.169 8.239 1.518 10.860 
071223110245 0.953 16.476 38.482 9.168 8.239 1.215 10.805 
071223111745 0.960 16.485 38.484 9.167 8.239 1.518 10.790 
071223113245 0.952 16.498 38.484 9.162 8.239 1.397 10.846 
