SAMBAT Sea Ti  C/T/D/Odo/Fluo/pH GPS : 50195 
V:0,Pression (0/50),dba
V:1,Température (-5/35),°C
V:2,Salinité (2/42),g/l
V:3,Oxygène (0/20),mgl
V:4,PH (0/14),pH
V:5,Fluorescence (0/500),ppb
V:6,Tension batterie,V
131223120832 0.759 16.487 38.458 9.286 8.249 1.822 10.640 
131223122331 0.860 16.498 38.458 9.282 8.248 1.374 10.805 
131223123831 0.723 16.500 38.458 9.283 8.248 0.858 10.843 
131223125331 0.757 16.498 38.460 9.284 8.248 1.268 10.859 
131223130831 0.844 16.492 38.460 9.286 8.247 1.511 10.843 
131223132331 0.846 16.490 38.459 9.287 8.248 1.716 10.834 
131223133831 0.894 16.487 38.462 9.291 8.248 1.556 10.858 
131223135331 0.933 16.484 38.460 9.293 8.248 1.640 10.867 
131223140831 0.925 16.485 38.460 9.294 8.248 1.389 10.847 
131223142331 0.654 16.487 38.461 9.292 8.248 1.792 10.835 
131223143831 0.781 16.483 38.459 9.295 8.248 1.989 10.860 
131223145331 0.778 16.476 38.459 9.296 8.248 2.118 10.868 
131223150831 0.766 16.480 38.461 9.295 8.248 3.750 10.814 
131223152331 0.809 16.479 38.459 9.294 8.247 1.822 10.830 
131223153831 0.858 16.473 38.460 9.295 8.248 2.247 10.857 
131223155331 0.819 16.470 38.460 9.297 8.248 2.748 10.867 
131223160831 0.770 16.468 38.459 9.298 8.248 2.892 10.847 
131223162331 0.814 16.462 38.462 9.299 8.248 2.968 10.836 
131223163831 0.749 16.455 38.461 9.299 8.248 2.968 10.860 
131223165331 0.858 16.445 38.460 9.302 8.248 2.976 10.868 
131223170831 0.828 16.452 38.461 9.300 8.248 3.226 10.795 
131223172331 0.829 16.450 38.460 9.301 8.248 3.059 10.827 
131223173831 0.809 16.457 38.462 9.299 8.248 3.021 10.856 
131223175331 0.882 16.454 38.463 9.301 8.248 2.771 10.866 
131223180831 0.763 16.452 38.463 9.300 8.248 2.816 10.847 
131223182331 0.752 16.452 38.462 9.299 8.248 2.832 10.835 
131223183831 0.873 16.455 38.456 9.300 8.248 3.044 10.860 
131223185331 0.714 16.443 38.462 9.302 8.248 3.970 10.868 
131223190831 0.837 16.458 38.462 9.300 8.248 2.703 10.844 
131223192331 0.704 16.462 38.462 9.299 8.248 3.014 10.836 
131223193831 0.927 16.460 38.459 9.298 8.248 4.046 10.860 
131223195331 0.812 16.460 38.462 9.300 8.248 2.748 10.869 
131223200831 0.782 16.465 38.460 9.300 8.248 3.014 10.816 
131223202331 0.738 16.455 38.461 9.302 8.248 3.135 10.830 
131223203831 0.755 16.457 38.460 9.302 8.248 2.900 10.857 
131223205331 0.868 16.453 38.462 9.302 8.248 3.287 10.867 
131223210831 0.849 16.451 38.458 9.302 8.248 3.522 10.846 
131223212331 0.867 16.461 38.461 9.299 8.249 3.310 10.835 
131223213831 0.934 16.460 38.464 9.298 8.248 3.188 10.860 
131223215331 0.767 16.463 38.463 9.296 8.248 2.945 10.868 
131223220831 0.934 16.454 38.460 9.298 8.248 2.854 10.815 
131223222331 0.912 16.436 38.463 9.301 8.248 3.310 10.830 
131223223831 0.808 16.459 38.460 9.295 8.248 2.740 10.857 
131223225331 0.768 16.447 38.462 9.297 8.248 3.325 10.867 
131223230831 0.895 16.442 38.460 9.297 8.248 2.945 10.847 
131223232331 0.864 16.457 38.460 9.292 8.248 3.006 10.835 
131223233831 0.823 16.441 38.461 9.295 8.248 3.037 10.860 
131223235331 0.735 16.449 38.462 9.292 8.248 2.930 10.868 
141223000831 0.815 16.456 38.461 9.290 8.248 3.211 10.845 
141223002331 0.874 16.438 38.461 9.294 8.248 3.963 10.835 
141223003831 0.746 16.431 38.462 9.294 8.247 2.642 10.860 
141223005331 0.878 16.434 38.465 9.290 8.247 2.877 10.868 
141223010831 0.904 16.433 38.463 9.290 8.247 2.763 10.816 
141223012331 0.687 16.420 38.466 9.290 8.248 3.059 10.830 
141223013831 0.990 16.424 38.463 9.286 8.247 2.520 10.857 
141223015331 0.880 16.411 38.461 9.287 8.247 2.422 10.866 
141223020831 1.038 16.396 38.466 9.289 8.247 2.414 10.845 
141223022331 0.864 16.398 38.466 9.286 8.246 2.794 10.834 
141223023831 0.896 16.390 38.467 9.285 8.247 2.384 10.859 
141223025331 0.779 16.393 38.465 9.283 8.247 3.158 10.867 
141223030831 0.846 16.384 38.467 9.281 8.248 2.771 10.843 
141223032331 0.919 16.391 38.463 9.280 8.248 2.611 10.834 
141223033831 0.691 16.377 38.463 9.287 8.248 2.634 10.859 
141223035331 0.862 16.388 38.465 9.279 8.248 3.204 10.867 
141223040831 0.731 16.394 38.465 9.278 8.248 3.128 10.815 
141223042331 0.797 16.397 38.461 9.276 8.248 2.611 10.829 
141223043831 0.817 16.393 38.470 9.274 8.248 2.733 10.856 
141223045331 0.841 16.390 38.468 9.274 8.249 2.832 10.866 
141223050831 0.849 16.390 38.464 9.272 8.249 3.219 10.845 
141223052331 0.830 16.405 38.467 9.269 8.249 3.188 10.834 
141223053831 0.679 16.402 38.467 9.269 8.249 2.854 10.858 
141223055331 0.809 16.404 38.465 9.268 8.249 3.583 10.867 
141223060831 0.751 16.397 38.466 9.268 8.249 3.052 10.844 
141223062331 0.795 16.407 38.465 9.264 8.249 2.748 10.834 
141223063831 0.851 16.398 38.466 9.264 8.249 3.302 10.858 
141223065331 0.824 16.404 38.459 9.262 8.249 3.765 10.867 
141223070831 0.854 16.403 38.465 9.260 8.249 2.558 10.814 
141223072331 0.799 16.394 38.468 9.259 8.250 3.166 10.829 
141223073831 0.886 16.382 38.468 9.259 8.249 3.591 10.855 
141223075331 0.842 16.406 38.464 9.256 8.249 4.638 10.865 
141223080831 0.874 16.387 38.460 9.262 8.250 2.801 10.845 
141223082331 0.814 16.401 38.470 9.255 8.249 2.566 10.834 
141223083831 0.756 16.382 38.467 9.261 8.249 2.832 10.858 
141223085331 0.735 16.387 38.466 9.256 8.248 1.921 10.866 
141223090831 0.855 16.379 38.464 9.255 8.248 1.754 10.846 
141223092331 0.798 16.384 38.467 9.256 8.248 1.883 10.834 
141223093831 0.871 16.388 38.465 9.254 8.249 1.738 10.858 
141223095331 0.849 16.406 38.467 9.247 8.248 1.867 10.866 
141223100831 0.857 16.402 38.466 9.248 8.248 1.480 10.843 
141223102331 0.765 16.402 38.464 9.247 8.248 1.184 10.833 
141223103831 0.982 16.401 38.468 9.247 8.248 1.480 10.858 
141223105331 0.806 16.409 38.469 9.245 8.248 1.048 10.867 
141223110831 0.852 16.405 38.468 9.246 8.249 1.951 10.814 
141223112331 0.838 16.398 38.468 9.248 8.249 1.769 10.826 
141223113831 0.784 16.395 38.467 9.249 8.249 1.655 10.854 
141223115331 0.748 16.400 38.468 9.247 8.249 1.253 10.865 
141223120831 0.779 16.406 38.465 9.245 8.249 1.974 10.844 
