SAMBAT Sea Ti  C/T/D/Odo/Fluo/pH GPS : 50195 
V:0,Pression (0/50),m
V:1,Température (-5/35),°C
V:2,Salinité (2/42),g/l
V:3,Oxygène (0/20),mgl
V:4,PH (0/14),pH
V:5,Fluorescence (0/50),µgl
V:6,Tension batterie,V
211222182559 0.940 16.460 35.340 8.978 8.340 0.580 10.729 
211222184058 0.943 16.448 35.315 8.983 8.341 0.560 10.818 
211222185558 0.958 16.452 35.327 8.981 8.341 0.574 10.782 
211222191058 0.948 16.379 35.303 9.003 8.343 0.404 10.836 
211222192558 0.959 16.410 35.308 8.993 8.342 0.590 10.850 
211222194058 0.962 16.372 35.300 9.007 8.343 0.541 10.857 
211222195558 0.945 16.379 35.291 9.010 8.343 0.494 10.789 
211222201058 0.975 16.377 35.294 9.017 8.342 0.656 10.840 
211222202558 0.930 16.370 35.310 9.021 8.343 0.553 10.853 
211222204058 0.951 16.382 35.277 9.011 8.342 0.543 10.858 
211222205558 0.948 16.379 35.626 9.010 8.342 0.638 10.692 
211222211058 0.950 16.377 35.316 9.010 8.342 0.518 10.832 
211222212558 0.933 16.381 35.319 9.006 8.343 0.475 10.849 
211222214058 0.963 16.372 35.321 9.009 8.343 0.510 10.857 
211222215558 0.929 16.369 35.292 9.006 8.343 0.526 10.792 
211222221058 0.981 16.362 35.736 9.009 8.344 0.533 10.840 
211222222558 0.951 16.374 35.308 9.008 8.344 0.351 10.853 
211222224058 0.920 16.357 35.313 9.018 8.344 0.506 10.859 
211222225558 0.979 16.362 35.300 9.019 8.344 0.550 10.792 
211222231058 0.941 16.368 35.298 9.024 8.344 0.445 10.840 
211222232558 0.957 16.379 35.306 9.024 8.343 0.401 10.853 
211222234058 0.938 16.374 35.242 9.024 8.344 0.444 10.859 
211222235558 0.962 16.349 35.312 9.029 8.344 0.547 10.690 
221222001058 0.943 16.368 35.310 9.029 8.344 0.523 10.832 
221222002558 0.940 16.368 35.309 9.031 8.344 0.492 10.849 
221222004058 0.955 16.363 35.299 9.026 8.344 0.526 10.857 
221222005558 0.926 16.364 35.292 9.023 8.344 0.511 10.793 
221222011058 0.953 16.361 35.290 9.017 8.344 0.473 10.840 
221222012558 0.944 16.363 35.634 9.012 8.344 0.523 10.853 
221222014058 0.946 16.365 35.332 9.010 8.344 0.623 10.859 
221222015558 0.996 16.357 35.304 9.011 8.345 0.529 10.790 
221222021058 0.918 16.346 35.329 9.013 8.345 0.591 10.840 
221222022558 0.939 16.353 35.314 9.012 8.345 0.451 10.853 
221222024058 0.985 16.353 35.298 9.012 8.345 0.549 10.859 
221222025558 0.977 16.357 35.303 9.011 8.345 0.432 10.690 
221222031058 0.960 16.352 35.660 9.016 8.345 0.428 10.832 
221222032558 0.956 16.349 35.308 9.017 8.345 0.439 10.850 
221222034058 0.944 16.351 35.303 9.015 8.345 0.536 10.857 
221222035558 0.942 16.347 35.300 9.021 8.346 0.455 10.792 
221222041058 0.921 16.342 35.290 9.022 8.346 0.547 10.840 
221222042558 1.008 16.351 35.292 9.017 8.345 0.500 10.853 
221222044058 0.908 16.356 35.297 9.015 8.346 0.417 10.858 
221222045558 0.923 16.354 35.294 9.014 8.345 0.466 10.790 
221222051058 0.918 16.349 35.293 9.015 8.345 0.487 10.840 
221222052558 0.958 16.348 35.293 9.022 8.346 0.473 10.853 
221222054058 0.918 16.349 35.295 9.019 8.346 0.469 10.859 
221222055558 1.036 16.346 35.295 9.021 8.346 0.431 10.789 
221222061058 0.911 16.349 35.283 9.026 8.346 0.460 10.840 
221222062558 0.947 16.342 35.715 9.031 8.346 0.479 10.853 
221222064058 0.980 16.337 35.356 9.034 8.346 0.388 10.859 
221222065558 0.921 16.337 35.301 9.035 8.346 0.379 10.689 
221222071058 0.968 16.340 35.276 9.039 8.347 0.507 10.832 
221222072558 0.869 16.338 35.300 9.044 8.347 0.473 10.850 
221222074058 0.929 16.337 35.285 9.044 8.347 0.404 10.857 
221222075558 0.986 16.316 35.284 9.043 8.347 0.499 10.791 
221222081058 0.934 16.314 35.812 9.042 8.346 0.400 10.840 
221222082558 0.979 16.309 35.729 9.043 8.347 0.413 10.853 
221222084058 1.010 16.310 35.366 9.040 8.347 0.475 10.858 
221222085558 0.938 16.292 35.350 9.042 8.347 0.379 10.789 
221222091058 0.988 16.289 35.324 9.046 8.348 0.376 10.840 
221222092558 0.950 16.298 35.335 9.045 8.348 0.370 10.853 
221222094058 0.900 16.294 35.510 9.042 8.348 0.377 10.858 
221222095558 0.955 16.293 35.337 9.040 8.348 0.275 10.687 
221222101058 0.948 16.309 35.344 9.038 8.346 0.192 10.832 
221222102558 0.932 16.305 35.340 9.040 8.347 0.195 10.849 
221222104058 0.919 16.312 35.367 9.041 8.346 0.284 10.856 
221222105558 0.927 16.318 35.342 9.042 8.346 0.165 10.790 
221222111058 0.980 16.312 35.328 9.047 8.346 0.253 10.840 
221222112558 0.993 16.306 35.313 9.049 8.346 0.247 10.852 
221222114058 0.948 16.318 35.318 9.043 8.346 0.150 10.858 
221222115558 0.911 16.327 35.344 9.044 8.345 0.153 10.790 
221222121058 0.976 16.337 35.339 9.047 8.345 0.140 10.840 
221222122558 0.899 16.338 35.328 9.049 8.345 0.130 10.853 
221222124058 0.918 16.345 35.244 9.051 8.344 0.155 10.859 
221222125558 0.962 16.349 35.720 9.054 8.344 0.105 10.690 
221222131058 0.988 16.355 35.325 9.061 8.343 0.132 10.831 
221222132558 0.967 16.357 35.348 9.063 8.342 0.132 10.849 
221222134058 0.964 16.361 35.348 9.064 8.343 0.099 10.857 
221222135558 0.947 16.364 35.354 9.070 8.342 0.111 10.791 
221222141058 0.971 16.364 35.355 9.077 8.342 0.084 10.840 
221222142558 0.919 16.362 35.323 9.082 8.342 0.160 10.853 
221222144058 0.848 16.356 35.319 9.089 8.341 0.123 10.858 
221222145558 0.795 16.352 35.311 9.092 8.340 0.111 10.791 
221222151058 1.014 16.345 35.299 9.101 8.340 0.109 10.840 
221222152558 0.909 16.343 35.283 9.102 8.340 0.171 10.853 
221222154058 0.970 16.350 35.272 9.099 8.339 0.247 10.859 
221222155558 0.899 16.350 35.696 9.100 8.339 0.229 10.690 
221222161058 1.009 16.342 35.571 9.101 8.339 0.276 10.832 
221222162558 0.946 16.338 35.326 9.103 8.339 0.364 10.850 
221222164058 1.009 16.341 35.311 9.102 8.339 0.367 10.857 
221222165558 0.874 16.323 35.297 9.102 8.339 0.411 10.789 
221222171058 0.866 16.336 35.799 9.097 8.339 0.380 10.840 
221222172558 0.993 16.328 35.827 9.101 8.339 0.485 10.853 
221222174058 0.945 16.333 35.807 9.093 8.339 0.434 10.858 
221222175558 0.888 16.329 35.330 9.095 8.338 0.577 10.790 
221222181058 0.854 16.329 35.333 9.094 8.338 0.397 10.840 
221222182558 0.941 16.335 35.679 9.091 8.337 0.600 10.853 
