SAMBAT Sea Ti  C/T/D/Odo/Fluo/pH GPS : 50195 
V:0,Pression (0/50),m
V:1,Température (-5/35),°C
V:2,Salinité (2/42),g/l
V:3,Oxygène (0/20),mgl
V:4,PH (0/14),pH
V:5,Fluorescence (0/50),µgl
V:6,Tension batterie,V
060123190517 1.017 15.816 37.462 9.315 8.348 0.479 10.720 
060123192016 1.042 15.835 37.476 9.314 8.350 0.406 10.809 
060123193516 1.022 15.831 37.478 9.317 8.351 0.421 10.835 
060123195016 1.033 15.825 37.474 9.314 8.350 0.435 10.846 
060123200516 1.024 15.827 37.466 9.311 8.349 0.450 10.811 
060123202016 1.017 15.832 37.475 9.311 8.349 0.659 10.837 
060123203516 1.016 15.829 37.460 9.315 8.349 0.515 10.847 
060123205016 1.031 15.829 37.464 9.310 8.349 0.390 10.852 
060123210516 1.035 15.829 37.460 9.307 8.349 0.507 10.820 
060123212016 1.057 15.828 37.462 9.308 8.349 0.514 10.842 
060123213516 1.031 15.792 37.464 9.317 8.349 0.411 10.850 
060123215016 1.037 15.780 37.471 9.316 8.349 0.337 10.854 
060123220516 1.019 15.779 37.444 9.312 8.350 0.414 10.820 
060123222016 1.034 15.808 37.471 9.306 8.350 0.427 10.842 
060123223516 1.043 15.799 37.465 9.306 8.350 0.442 10.850 
060123225016 1.010 15.807 37.490 9.301 8.349 0.541 10.854 
060123230516 1.022 15.836 37.576 9.295 8.349 0.526 10.824 
060123232016 1.031 15.829 37.471 9.295 8.350 0.510 10.843 
060123233516 1.025 15.835 37.500 9.294 8.349 0.420 10.851 
060123235016 1.031 15.828 37.500 9.295 8.351 0.441 10.855 
070123000516 1.038 15.835 37.478 9.294 8.351 0.444 10.821 
070123002016 1.051 15.834 37.484 9.292 8.350 0.481 10.843 
070123003516 1.024 15.831 37.481 9.293 8.351 0.563 10.851 
070123005016 1.005 15.816 37.493 9.298 8.350 0.427 10.855 
070123010516 1.024 15.806 37.494 9.301 8.351 0.476 10.821 
070123012016 1.008 15.817 37.487 9.297 8.350 0.487 10.842 
070123013516 1.016 15.815 37.479 9.297 8.351 0.510 10.851 
070123015016 1.032 15.812 37.492 9.300 8.351 0.601 10.854 
070123020516 1.000 15.803 37.453 9.301 8.351 0.513 10.821 
070123022016 1.004 15.805 37.482 9.298 8.351 0.493 10.842 
070123023516 0.999 15.800 37.489 9.299 8.351 0.479 10.851 
070123025016 0.987 15.809 37.492 9.294 8.351 0.418 10.854 
070123030516 1.006 15.804 37.492 9.298 8.351 0.572 10.821 
070123032016 1.014 15.802 37.485 9.297 8.352 0.530 10.842 
070123033516 1.025 15.799 37.493 9.296 8.352 0.487 10.851 
070123035016 1.019 15.802 37.485 9.293 8.352 0.481 10.855 
070123040516 1.016 15.794 37.487 9.293 8.352 0.509 10.821 
070123042016 1.015 15.793 37.480 9.289 8.352 0.468 10.842 
070123043516 1.015 15.758 37.465 9.294 8.352 0.382 10.851 
070123045016 1.004 15.781 37.478 9.284 8.352 0.618 10.854 
070123050516 0.991 15.783 37.488 9.278 8.353 0.503 10.813 
070123052016 0.986 15.777 37.475 9.279 8.353 0.558 10.839 
070123053516 0.961 15.785 37.502 9.272 8.353 0.573 10.849 
070123055016 1.011 15.768 37.481 9.274 8.353 0.440 10.853 
070123060516 1.020 15.673 37.431 9.291 8.353 0.338 10.821 
070123062016 0.997 15.716 37.448 9.275 8.354 0.457 10.842 
070123063516 0.992 15.666 37.483 9.276 8.353 0.417 10.850 
070123065016 1.000 15.649 37.450 9.277 8.354 0.418 10.854 
070123070516 1.016 15.681 37.445 9.269 8.354 0.363 10.820 
070123072016 1.010 15.717 37.462 9.257 8.353 0.394 10.841 
070123073516 1.001 15.705 37.467 9.255 8.353 0.395 10.850 
070123075016 1.027 15.686 37.468 9.255 8.353 0.449 10.853 
070123080516 1.004 15.694 37.464 9.250 8.353 0.366 10.812 
070123082016 0.988 15.707 37.466 9.249 8.353 0.332 10.838 
070123083516 1.019 15.687 37.442 9.257 8.354 0.445 10.848 
070123085016 1.028 15.703 37.496 9.254 8.353 0.420 10.853 
070123090516 1.000 15.698 37.503 9.256 8.353 0.333 10.820 
070123092016 1.007 15.687 37.488 9.259 8.353 0.355 10.841 
070123093516 0.991 15.660 37.478 9.263 8.352 0.448 10.850 
070123095016 0.947 15.737 37.472 9.251 8.353 0.391 10.853 
070123100516 1.017 15.773 37.523 9.238 8.352 0.296 10.820 
070123102016 1.054 15.751 37.509 9.246 8.353 0.284 10.841 
070123103516 0.994 15.734 37.518 9.257 8.352 0.241 10.850 
070123105016 1.031 15.752 37.489 9.248 8.352 0.205 10.853 
070123110516 1.017 15.744 37.528 9.246 8.351 0.143 10.821 
070123112016 1.032 15.819 37.546 9.237 8.352 0.170 10.842 
070123113516 1.022 15.828 37.505 9.247 8.351 0.125 10.850 
070123115016 1.014 15.843 37.567 9.256 8.351 0.149 10.854 
070123120516 1.040 15.852 37.527 9.263 8.351 0.207 10.820 
070123122016 0.970 15.850 37.540 9.273 8.351 0.089 10.842 
070123123516 1.032 15.864 37.545 9.282 8.350 0.140 10.850 
070123125016 1.005 15.863 37.508 9.289 8.351 0.164 10.854 
070123130516 1.001 15.869 37.543 9.293 8.350 0.116 10.821 
070123132016 1.017 15.873 37.570 9.298 8.350 0.133 10.842 
070123133516 1.003 15.882 37.545 9.307 8.349 0.234 10.851 
070123135016 1.003 15.896 37.446 9.308 8.349 0.236 10.854 
070123140516 1.027 15.896 37.468 9.311 8.349 0.349 10.821 
070123142016 0.970 15.893 37.540 9.310 8.349 0.305 10.842 
070123143516 0.973 15.884 37.515 9.308 8.349 0.477 10.851 
070123145016 0.998 15.876 37.642 9.311 8.349 0.355 10.855 
070123150516 0.996 15.880 37.513 9.307 8.349 0.361 10.821 
070123152016 1.012 15.870 37.523 9.311 8.349 0.462 10.843 
070123153516 0.974 15.862 37.481 9.317 8.349 0.411 10.851 
070123155016 1.046 15.870 37.510 9.314 8.349 0.445 10.855 
070123160516 0.989 15.874 37.548 9.315 8.349 0.380 10.821 
070123162016 0.956 15.863 37.541 9.323 8.349 0.398 10.843 
070123163516 1.078 15.853 37.494 9.328 8.349 0.429 10.851 
070123165016 0.986 15.851 37.484 9.328 8.349 0.390 10.854 
070123170516 1.014 15.850 37.486 9.330 8.349 0.469 10.821 
070123172016 1.027 15.854 37.523 9.331 8.349 0.485 10.842 
070123173516 1.030 15.835 37.714 9.342 8.349 0.565 10.851 
070123175016 1.001 15.845 37.518 9.342 8.349 0.654 10.854 
070123180516 1.011 15.849 37.557 9.336 8.349 0.538 10.821 
070123182016 0.992 15.841 37.433 9.338 8.349 0.572 10.842 
070123183516 0.995 15.833 37.530 9.340 8.349 0.554 10.851 
070123185016 0.996 15.843 37.542 9.332 8.349 0.507 10.854 
070123190516 0.977 15.849 37.541 9.328 8.349 0.526 10.820 
