SAMBAT Sea Ti  C/T/D/Odo/Fluo/pH GPS : 50195 
V:0,Pression (0/50),dba
V:1,Température (-5/35),°C
V:2,Salinité (2/42),g/l
V:3,Oxygène (0/20),mgl
V:4,PH (0/14),pH
V:5,Fluorescence (0/500),ppb
V:6,Tension batterie,V
040523112837 0.879 16.926 38.161 10.111 8.257 0.266 10.753 
040523114336 0.875 16.921 38.176 10.106 8.258 0.402 10.814 
040523115836 0.866 16.948 38.161 10.103 8.258 0.501 10.856 
040523121336 0.875 16.981 38.175 10.101 8.257 0.729 10.873 
040523122836 0.878 16.983 38.184 10.095 8.256 0.577 10.879 
040523124336 0.888 17.030 38.152 10.092 8.258 0.463 10.846 
040523125836 0.870 17.084 38.144 10.089 8.258 0.577 10.871 
040523131336 0.878 17.586 38.108 9.996 8.254 0.600 10.881 
040523132836 0.865 17.346 38.156 10.046 8.255 0.622 10.885 
040523134336 0.861 17.500 38.182 9.997 8.252 0.789 10.850 
040523135836 0.852 17.206 38.207 10.088 8.253 0.615 10.875 
040523141336 0.859 17.188 38.163 10.079 8.251 0.592 10.883 
040523142836 0.843 17.475 38.179 10.011 8.249 1.169 10.886 
040523144336 0.837 17.532 38.193 9.975 8.245 0.782 10.842 
040523145836 0.850 17.621 38.216 9.945 8.243 0.903 10.873 
040523151336 0.896 17.744 38.211 9.901 8.242 0.554 10.882 
040523152836 0.823 17.655 38.207 9.934 8.242 0.964 10.887 
040523154336 0.866 17.771 38.191 9.893 8.241 0.660 10.851 
040523155836 0.880 17.782 38.177 9.886 8.241 1.010 10.877 
040523161336 0.854 17.849 38.169 9.862 8.240 0.919 10.885 
040523162836 0.874 17.889 38.189 9.857 8.241 1.010 10.888 
040523164336 0.857 17.872 38.190 9.870 8.243 1.131 10.853 
040523165836 0.831 17.861 38.190 9.882 8.243 1.412 10.879 
040523171336 0.804 17.771 38.196 9.909 8.246 1.776 10.886 
040523172836 0.822 17.610 38.183 9.956 8.246 1.989 10.889 
040523174336 0.830 17.259 38.110 10.076 8.246 1.351 10.840 
040523175836 0.869 17.066 38.271 10.074 8.248 1.731 10.872 
040523181336 0.864 17.138 38.161 10.074 8.248 2.444 10.881 
040523182836 0.862 16.924 38.157 10.076 8.251 1.594 10.885 
040523184336 0.881 16.776 38.160 10.091 8.252 1.776 10.849 
040523185836 0.879 17.195 38.190 10.063 8.251 2.065 10.873 
040523191336 0.874 17.359 38.161 10.055 8.253 2.277 10.881 
040523192836 0.881 16.749 38.153 10.091 8.253 1.867 10.884 
040523194336 0.870 16.682 38.151 10.112 8.255 1.883 10.835 
040523195836 0.880 16.919 38.175 10.058 8.255 2.209 10.867 
040523201336 0.874 16.745 38.166 10.077 8.255 2.027 10.878 
040523202836 0.902 16.754 38.167 10.080 8.255 1.951 10.881 
040523204336 0.883 16.861 38.176 10.050 8.255 2.361 10.846 
040523205836 0.886 17.204 38.189 10.040 8.259 3.037 10.871 
040523211336 0.882 17.039 38.188 10.044 8.258 2.695 10.880 
040523212836 0.894 17.043 38.185 10.042 8.259 2.072 10.883 
040523214336 0.890 16.662 38.166 10.086 8.259 2.498 10.846 
040523215836 0.900 16.764 38.177 10.041 8.260 2.308 10.871 
040523221336 0.890 16.731 38.172 10.064 8.261 2.247 10.879 
040523222836 0.892 16.660 38.172 10.085 8.262 2.338 10.881 
040523224336 0.896 16.673 38.179 10.075 8.262 2.217 10.845 
040523225836 0.896 16.681 38.177 10.068 8.262 2.566 10.869 
040523231336 0.897 16.674 38.176 10.063 8.263 2.437 10.877 
040523232836 0.890 16.662 38.179 10.061 8.263 2.839 10.881 
040523234336 0.892 16.679 38.179 10.051 8.264 2.057 10.832 
040523235836 0.894 16.556 38.172 10.086 8.265 2.201 10.864 
050523001336 0.892 16.514 38.175 10.095 8.265 2.566 10.874 
050523002836 0.896 16.554 38.179 10.082 8.266 1.883 10.878 
050523004336 0.893 16.610 38.178 10.069 8.267 2.627 10.843 
050523005836 0.885 16.514 38.169 10.092 8.269 2.520 10.867 
050523011336 0.891 16.505 38.172 10.089 8.269 1.943 10.876 
050523012836 0.879 16.534 38.171 10.081 8.269 2.384 10.879 
050523014336 0.887 16.574 38.173 10.074 8.269 1.875 10.843 
050523015836 0.889 16.612 38.178 10.062 8.269 2.126 10.867 
050523021336 0.884 16.637 38.174 10.057 8.270 2.680 10.876 
050523022836 0.881 16.668 38.178 10.051 8.270 2.444 10.879 
050523024336 0.881 16.685 38.176 10.048 8.270 2.255 10.831 
050523025836 0.886 16.690 38.175 10.047 8.270 2.012 10.862 
050523031336 0.881 16.697 38.180 10.044 8.270 2.672 10.874 
050523032836 0.877 16.701 38.176 10.042 8.269 2.460 10.878 
050523034336 0.872 16.701 38.178 10.041 8.269 2.475 10.843 
050523035836 0.870 16.699 38.176 10.044 8.270 2.293 10.867 
050523041336 0.895 16.698 38.182 10.043 8.270 2.300 10.876 
050523042836 0.861 16.686 38.179 10.048 8.270 1.754 10.879 
050523044336 0.864 16.684 38.179 10.052 8.270 2.262 10.841 
050523045836 0.855 16.672 38.180 10.057 8.270 2.437 10.867 
050523051336 0.888 16.688 38.176 10.057 8.272 2.270 10.876 
050523052836 0.877 16.684 38.176 10.059 8.272 2.551 10.879 
050523054336 0.868 16.704 38.178 10.057 8.272 2.118 10.831 
050523055836 0.874 16.748 38.177 10.045 8.272 2.414 10.863 
050523061336 0.883 16.752 38.177 10.049 8.272 2.179 10.874 
050523062836 0.884 16.782 38.173 10.048 8.272 2.004 10.878 
050523064336 0.880 16.795 38.177 10.047 8.272 1.928 10.847 
050523065836 0.879 16.797 38.178 10.050 8.271 1.351 10.870 
050523071336 0.877 16.788 38.178 10.057 8.271 1.124 10.877 
050523072836 0.885 16.799 38.178 10.058 8.270 0.714 10.880 
050523074336 0.891 16.804 38.179 10.062 8.270 0.592 10.840 
050523075836 0.863 16.839 38.179 10.056 8.272 1.048 10.867 
050523081336 0.776 16.916 38.153 10.059 8.271 0.721 10.877 
050523082836 0.711 16.939 38.144 10.065 8.270 0.903 10.880 
050523084336 0.918 16.916 38.170 10.067 8.268 0.630 10.832 
050523085836 0.913 16.941 38.174 10.072 8.268 0.736 10.864 
050523091336 0.924 17.005 38.181 10.076 8.267 0.433 10.876 
050523092836 0.927 17.015 38.188 10.081 8.267 0.585 10.880 
050523094336 0.924 17.067 38.183 10.086 8.267 0.638 10.844 
050523095836 0.953 17.075 38.146 10.092 8.267 0.562 10.870 
050523101336 0.923 17.182 38.174 10.094 8.266 0.592 10.878 
050523102836 0.980 17.256 38.184 10.092 8.266 0.182 10.882 
050523104336 0.925 17.288 38.174 10.086 8.266 0.630 10.845 
050523105836 0.908 17.257 38.179 10.108 8.266 0.516 10.871 
050523111336 0.941 17.384 38.197 10.071 8.266 0.592 10.880 
050523112836 0.917 17.315 38.168 10.091 8.266 0.562 10.883 
