SAMBAT Sea Ti  C/T/D/Odo/Fluo/pH GPS : 50195 
V:0,Pression (0/50),dba
V:1,Température (-5/35),°C
V:2,Salinité (2/42),g/l
V:3,Oxygène (0/20),mgl
V:4,PH (0/14),pH
V:5,Fluorescence (0/500),ppb
V:6,Tension batterie,V
030523112611 0.835 16.831 37.783 10.257 8.261 0.653 10.742 
030523114110 0.889 16.983 37.789 10.246 8.259 0.865 10.812 
030523115610 0.854 17.059 37.770 10.248 8.259 0.843 10.854 
030523121110 0.794 17.108 37.726 10.249 8.259 0.691 10.870 
030523122610 0.865 17.034 37.751 10.253 8.260 0.600 10.878 
030523124110 0.847 17.032 37.767 10.258 8.251 0.972 10.838 
030523125610 0.872 17.028 37.749 10.261 8.256 0.752 10.868 
030523131110 0.901 17.019 37.812 10.264 8.255 1.032 10.878 
030523132610 0.853 17.146 37.809 10.263 8.254 0.182 10.882 
030523134110 0.786 17.183 37.791 10.263 8.254 1.101 10.838 
030523135610 0.859 17.291 37.783 10.243 8.256 1.108 10.870 
030523141110 0.900 17.296 37.821 10.230 8.255 0.334 10.880 
030523142610 0.868 17.380 37.789 10.216 8.254 0.714 10.884 
030523144110 0.799 17.314 37.790 10.251 8.254 1.002 10.840 
030523145610 0.831 17.398 37.785 10.233 8.253 1.321 10.871 
030523151110 0.786 17.659 37.844 10.128 8.251 1.010 10.881 
030523152610 0.906 17.423 37.789 10.219 8.251 1.253 10.885 
030523154110 0.838 17.275 37.833 10.255 8.252 1.063 10.834 
030523155610 0.856 17.455 37.813 10.221 8.251 1.344 10.870 
030523161110 0.809 17.272 37.781 10.269 8.252 1.146 10.881 
030523162610 0.757 17.439 37.830 10.225 8.250 0.501 10.885 
030523164110 0.800 17.634 37.763 10.189 8.249 1.746 10.841 
030523165610 0.863 17.777 37.866 10.106 8.247 2.148 10.873 
030523171110 0.887 17.866 37.818 10.098 8.246 2.634 10.883 
030523172610 0.803 17.782 37.805 10.146 8.247 2.733 10.887 
030523174110 0.822 17.554 37.798 10.186 8.248 2.627 10.843 
030523175610 0.836 17.651 37.810 10.158 8.247 3.522 10.873 
030523181110 0.780 17.716 37.816 10.129 8.248 3.166 10.883 
030523182610 0.828 17.773 37.814 10.120 8.248 3.697 10.887 
030523184110 0.774 17.723 37.807 10.133 8.248 3.758 10.842 
030523185610 0.871 17.696 37.790 10.153 8.246 4.084 10.874 
030523191110 0.857 17.689 37.816 10.129 8.240 4.342 10.883 
030523192610 0.824 17.667 37.839 10.137 8.248 5.261 10.887 
030523194110 0.874 17.635 37.785 10.157 8.252 4.373 10.843 
030523195610 0.837 17.510 37.785 10.184 8.256 4.373 10.874 
030523201110 0.850 17.592 37.783 10.172 8.254 3.955 10.883 
030523202610 0.894 17.533 37.787 10.184 8.255 3.978 10.886 
030523204110 0.821 17.552 37.768 10.183 8.256 4.373 10.842 
030523205610 0.851 17.557 37.756 10.187 8.255 4.001 10.873 
030523211110 0.808 17.446 37.778 10.216 8.256 3.651 10.882 
030523212610 0.886 17.406 37.775 10.226 8.257 4.464 10.886 
030523214110 0.876 17.441 37.783 10.221 8.258 3.955 10.835 
030523215610 0.876 17.417 37.779 10.233 8.258 4.069 10.870 
030523221110 0.840 17.314 37.784 10.258 8.258 3.902 10.880 
030523222610 0.867 17.256 37.789 10.288 8.256 3.697 10.884 
030523224110 0.874 17.185 37.767 10.289 8.258 4.168 10.833 
030523225610 0.860 17.044 37.800 10.290 8.257 3.530 10.868 
030523231110 0.866 17.101 37.798 10.290 8.258 3.219 10.878 
030523232610 0.852 17.013 37.781 10.291 8.259 3.796 10.882 
030523234110 0.891 17.103 37.796 10.291 8.260 2.983 10.831 
030523235610 0.877 17.163 37.797 10.292 8.262 3.765 10.866 
040523001110 0.835 17.122 37.806 10.293 8.262 4.107 10.877 
040523002610 0.865 17.037 37.799 10.296 8.264 4.198 10.881 
040523004110 0.889 16.996 37.790 10.297 8.265 3.196 10.830 
040523005610 0.882 16.920 37.785 10.299 8.264 3.477 10.865 
040523011110 0.880 16.866 37.772 10.299 8.263 3.257 10.876 
040523012610 0.850 16.799 37.775 10.310 8.265 3.234 10.880 
040523014110 0.877 16.761 37.784 10.316 8.265 3.120 10.836 
040523015610 0.868 16.692 37.785 10.331 8.265 2.536 10.866 
040523021110 0.867 16.689 37.798 10.328 8.264 3.507 10.876 
040523022610 0.877 16.670 37.788 10.322 8.264 2.809 10.879 
040523024110 0.868 16.661 37.788 10.319 8.263 2.794 10.828 
040523025610 0.870 16.644 37.784 10.315 8.265 2.642 10.863 
040523031110 0.908 16.629 37.790 10.313 8.268 2.733 10.874 
040523032610 0.900 16.626 37.792 10.307 8.268 2.528 10.878 
040523034110 0.852 16.622 37.805 10.301 8.268 2.399 10.834 
040523035610 0.840 16.618 37.794 10.296 8.269 2.558 10.864 
040523041110 0.883 16.609 37.800 10.289 8.269 2.194 10.874 
040523042610 0.891 16.588 37.795 10.295 8.268 2.164 10.878 
040523044110 0.886 16.599 37.799 10.287 8.265 2.308 10.833 
040523045610 0.878 16.586 37.799 10.284 8.267 2.444 10.864 
040523051110 0.886 16.560 37.804 10.285 8.264 2.945 10.874 
040523052610 0.878 16.567 37.800 10.282 8.266 2.315 10.877 
040523054110 0.834 16.590 37.813 10.270 8.265 2.991 10.832 
040523055610 0.901 16.606 37.798 10.257 8.262 3.302 10.863 
040523061110 0.873 16.601 37.811 10.255 8.260 3.302 10.873 
040523062610 0.877 16.581 37.813 10.254 8.260 2.376 10.877 
040523064110 0.905 16.593 37.804 10.246 8.258 2.293 10.832 
040523065610 0.877 16.639 37.807 10.225 8.258 1.647 10.863 
040523071110 0.872 16.638 37.809 10.219 8.259 1.086 10.873 
040523072610 0.882 16.659 37.812 10.213 8.261 1.450 10.877 
040523074110 0.886 16.678 37.819 10.207 8.261 1.389 10.813 
040523075610 0.881 16.688 37.807 10.202 8.258 1.139 10.855 
040523081110 0.891 16.685 37.818 10.186 8.257 1.260 10.870 
040523082610 0.904 16.726 37.824 10.167 8.259 1.086 10.876 
040523084110 0.895 16.786 37.821 10.157 8.260 0.691 10.832 
040523085610 0.892 16.703 37.824 10.185 8.261 1.048 10.863 
040523091110 0.874 16.802 37.829 10.160 8.260 0.562 10.873 
040523092610 0.893 16.723 37.827 10.179 8.261 0.486 10.877 
040523094110 0.901 16.747 37.825 10.174 8.261 0.835 10.827 
040523095610 0.894 16.782 37.821 10.168 8.261 0.433 10.862 
040523101110 0.884 16.790 37.815 10.168 8.261 0.812 10.873 
040523102610 0.876 16.808 37.820 10.159 8.260 0.638 10.878 
040523104110 0.064 25.916 0.085 8.994 7.422 0.000 10.833 
040523105610 0.874 16.834 38.154 10.141 8.252 0.615 10.868 
040523111110 0.889 16.815 38.186 10.134 8.255 0.592 10.877 
040523112610 0.887 16.819 38.188 10.125 8.257 0.812 10.881 
