SAMBAT Sea Ti  C/T/D/Odo/Fluo/pH GPS : 50195 
V:0,Pression (0/50),dba
V:1,Température (-5/35),°C
V:2,Salinité (2/42),g/l
V:3,Oxygène (0/20),mgl
V:4,PH (0/14),pH
V:5,Fluorescence (0/500),ppb
V:6,Tension batterie,V
230523121448 0.804 19.516 37.833 9.514 8.260 0.729 10.781 
230523122947 0.802 19.563 37.849 9.502 8.259 0.873 10.873 
230523124447 0.818 19.462 37.829 9.528 8.258 0.440 10.860 
230523125947 0.797 19.484 37.845 9.528 8.258 0.729 10.894 
230523131447 0.831 19.495 37.862 9.519 8.257 0.615 10.904 
230523132947 0.817 19.540 37.839 9.512 8.256 0.805 10.908 
230523134447 0.822 19.593 37.847 9.504 8.255 0.622 10.878 
230523135947 0.818 19.582 37.818 9.505 8.255 0.607 10.902 
230523141447 0.795 19.638 37.806 9.484 8.254 0.865 10.908 
230523142947 0.764 19.663 37.835 9.478 8.253 0.736 10.911 
230523144447 0.806 19.661 37.816 9.482 8.252 0.805 10.880 
230523145947 0.791 19.612 37.835 9.491 8.252 1.010 10.903 
230523151447 0.831 19.620 37.830 9.489 8.250 1.032 10.909 
230523152947 0.831 19.701 37.849 9.464 8.250 1.124 10.911 
230523154447 0.757 19.499 37.798 9.518 8.253 1.048 10.868 
230523155947 0.771 19.295 37.755 9.568 8.254 0.706 10.899 
230523161447 0.829 19.094 37.692 9.622 8.255 0.562 10.907 
230523162947 0.807 18.934 37.690 9.664 8.257 1.108 10.909 
230523164447 0.809 19.332 37.702 9.574 8.255 1.055 10.877 
230523165947 0.764 18.967 37.687 9.650 8.258 1.086 10.901 
230523171447 0.853 19.478 37.749 9.509 8.254 1.306 10.907 
230523172947 0.781 19.655 37.710 9.478 8.253 1.845 10.909 
230523174447 0.809 19.631 37.710 9.486 8.252 1.685 10.878 
230523175947 0.805 19.646 37.713 9.482 8.252 2.012 10.902 
230523181447 0.777 19.838 37.726 9.444 8.252 1.997 10.909 
230523182947 0.816 19.989 37.713 9.385 8.252 2.141 10.911 
230523184447 0.770 20.063 37.680 9.367 8.253 2.012 10.868 
230523185947 0.826 19.862 37.723 9.424 8.253 1.898 10.901 
230523191447 0.846 19.892 37.827 9.408 8.255 2.126 10.909 
230523192947 0.836 19.870 38.015 9.426 8.254 2.361 10.912 
230523194447 0.800 19.721 38.070 9.457 8.255 2.179 10.881 
230523195947 0.815 19.729 38.055 9.462 8.256 1.981 10.904 
230523201447 0.842 19.700 38.096 9.455 8.260 2.118 10.910 
230523202947 0.826 19.741 38.037 9.468 8.258 1.943 10.912 
230523204447 0.831 19.497 38.098 9.505 8.257 2.065 10.880 
230523205947 0.830 19.561 38.025 9.533 8.259 2.361 10.904 
230523211447 0.819 19.238 38.231 9.511 8.261 1.875 10.909 
230523212947 0.825 19.011 38.225 9.565 8.263 2.141 10.911 
230523214447 0.845 19.349 38.052 9.555 8.262 2.148 10.867 
230523215947 0.831 19.280 38.066 9.575 8.262 2.110 10.898 
230523221447 0.835 19.196 38.053 9.603 8.264 2.042 10.906 
230523222947 0.826 19.008 38.058 9.656 8.264 2.080 10.908 
230523224447 0.831 18.875 38.094 9.685 8.265 2.179 10.877 
230523225947 0.813 18.765 38.047 9.730 8.265 2.391 10.899 
230523231447 0.836 18.723 38.138 9.733 8.266 2.194 10.905 
230523232947 0.831 18.648 38.129 9.748 8.269 1.662 10.907 
230523234447 0.819 18.584 38.124 9.766 8.269 2.346 10.870 
230523235947 0.834 18.519 38.102 9.792 8.268 2.095 10.896 
240523001447 0.825 18.504 38.110 9.792 8.270 1.761 10.902 
240523002947 0.821 18.450 38.126 9.799 8.270 2.308 10.904 
240523004447 0.824 18.454 38.176 9.804 8.272 2.110 10.859 
240523005947 0.818 18.455 38.197 9.803 8.273 2.171 10.890 
240523011447 0.823 18.394 38.088 9.823 8.274 1.746 10.899 
240523012947 0.824 18.311 38.100 9.847 8.272 2.627 10.902 
240523014447 0.821 18.313 38.070 9.848 8.274 2.323 10.870 
240523015947 0.826 18.323 38.086 9.845 8.275 2.186 10.893 
240523021447 0.826 18.264 38.069 9.856 8.274 1.662 10.900 
240523022947 0.830 18.325 38.111 9.840 8.274 1.989 10.902 
240523024447 0.819 18.379 38.118 9.823 8.274 2.126 10.869 
240523025947 0.832 18.398 38.113 9.819 8.274 1.784 10.892 
240523031447 0.825 18.389 38.126 9.821 8.274 1.966 10.899 
240523032947 0.831 18.395 38.123 9.819 8.275 1.769 10.901 
240523034447 0.825 18.398 38.122 9.813 8.275 2.232 10.856 
240523035947 0.831 18.410 38.105 9.805 8.276 1.997 10.888 
240523041447 0.827 18.407 38.148 9.803 8.276 1.731 10.897 
240523042947 0.830 18.414 38.022 9.801 8.276 2.065 10.901 
240523044447 0.820 18.421 38.118 9.799 8.276 2.293 10.869 
240523045947 0.823 18.424 38.119 9.799 8.276 2.247 10.892 
240523051447 0.817 18.459 38.116 9.788 8.276 1.746 10.899 
240523052947 0.831 18.467 38.122 9.787 8.276 1.579 10.901 
240523054447 0.825 18.482 38.120 9.783 8.276 1.966 10.870 
240523055947 0.827 18.524 38.119 9.775 8.276 1.905 10.893 
240523061447 0.828 18.576 38.104 9.758 8.275 1.617 10.899 
240523062947 0.822 18.601 38.070 9.753 8.275 1.799 10.901 
240523064447 0.834 18.651 38.063 9.739 8.274 1.321 10.857 
240523065947 0.820 18.684 38.109 9.729 8.274 1.283 10.889 
240523071447 0.824 18.695 38.109 9.729 8.272 0.668 10.898 
240523072947 0.824 18.712 38.109 9.726 8.272 1.207 10.901 
240523074447 0.826 18.719 38.105 9.724 8.271 1.161 10.870 
240523075947 0.835 18.692 38.104 9.731 8.271 1.108 10.894 
240523081447 0.824 18.723 38.112 9.729 8.271 0.835 10.901 
240523082947 0.825 18.691 38.100 9.730 8.270 0.843 10.903 
240523084447 0.830 18.772 38.105 9.710 8.270 0.539 10.871 
240523085947 0.831 18.782 38.123 9.705 8.270 0.607 10.894 
240523091447 0.831 18.814 38.106 9.705 8.270 0.433 10.901 
240523092947 0.825 18.850 38.115 9.698 8.270 0.615 10.903 
240523094447 0.828 18.912 38.237 9.684 8.269 0.843 10.859 
240523095947 0.830 18.918 38.120 9.684 8.269 0.698 10.891 
240523101447 0.832 18.993 38.085 9.670 8.268 0.418 10.900 
240523102947 0.823 18.982 38.128 9.671 8.267 0.698 10.904 
240523104447 0.825 18.995 38.125 9.669 8.267 0.402 10.872 
240523105947 0.816 19.069 38.117 9.650 8.266 0.630 10.896 
240523111447 0.830 19.215 38.128 9.618 8.265 0.676 10.903 
240523112947 0.826 19.175 38.140 9.632 8.264 0.349 10.906 
240523114447 0.826 19.312 38.144 9.592 8.263 0.706 10.874 
240523115947 0.815 19.203 38.121 9.628 8.264 0.539 10.898 
240523121447 0.819 19.492 38.241 9.521 8.262 0.615 10.905 
