SAMBAT Sea Ti  C/T/D/Odo/Fluo/pH GPS : 50195 
V:0,Pression (0/50),m
V:1,Température (-5/35),°C
V:2,Salinité (2/42),g/l
V:3,Oxygène (0/20),mgl
V:4,PH (0/14),pH
V:5,Fluorescence (0/50),µgl
V:6,Tension batterie,V
120922142355 0.769 26.629 38.434 7.525 8.278 0.067 10.815 
120922143854 0.857 26.648 38.434 7.527 8.278 0.079 10.920 
120922145354 0.842 26.664 38.429 7.527 8.277 0.097 10.869 
120922150854 0.872 26.665 38.434 7.528 8.277 0.062 10.931 
120922152354 0.807 26.680 38.439 7.532 8.277 0.075 10.943 
120922153854 0.829 26.705 38.434 7.530 8.277 0.083 10.946 
120922155354 0.845 26.692 38.432 7.534 8.277 0.105 10.901 
120922160854 0.885 26.680 38.444 7.542 8.277 0.102 10.938 
120922162354 0.821 26.695 38.421 7.540 8.277 0.096 10.945 
120922163854 0.813 26.699 38.415 7.540 8.277 0.107 10.948 
120922165354 0.857 26.697 38.411 7.538 8.277 0.127 10.899 
120922170854 0.809 26.710 38.418 7.535 8.277 0.141 10.938 
120922172354 0.822 26.680 38.405 7.544 8.278 0.133 10.946 
120922173854 0.815 26.669 38.418 7.548 8.278 0.129 10.948 
120922175354 0.838 26.661 38.417 7.550 8.279 0.167 10.888 
120922180854 0.792 26.669 38.423 7.549 8.279 0.161 10.936 
120922182354 0.820 26.665 38.427 7.550 8.280 0.189 10.945 
120922183854 0.830 26.661 38.419 7.551 8.280 0.122 10.947 
120922185354 0.832 26.657 38.423 7.554 8.282 0.226 10.874 
120922190854 0.822 26.637 38.428 7.562 8.282 0.145 10.933 
120922192354 0.850 26.604 38.423 7.570 8.283 0.161 10.944 
120922193854 0.848 26.596 38.424 7.573 8.284 0.166 10.947 
120922195354 0.856 26.600 38.419 7.570 8.284 0.159 10.901 
120922200854 0.834 26.604 38.437 7.566 8.284 0.192 10.938 
120922202354 0.839 26.578 38.432 7.567 8.284 0.199 10.946 
120922203854 0.837 26.553 38.435 7.569 8.285 0.184 10.948 
120922205354 0.808 26.509 38.438 7.572 8.286 0.179 10.900 
120922210854 0.813 26.498 38.429 7.572 8.287 0.181 10.938 
120922212354 0.862 26.481 38.419 7.565 8.286 0.203 10.945 
120922213854 0.822 26.479 38.413 7.562 8.287 0.217 10.947 
120922215354 0.823 26.490 38.406 7.553 8.286 0.197 10.899 
120922220854 0.816 26.509 38.395 7.543 8.286 0.157 10.937 
120922222354 0.834 26.496 38.406 7.538 8.286 0.229 10.945 
120922223854 0.830 26.493 38.395 7.533 8.287 0.176 10.947 
120922225354 0.834 26.492 38.395 7.532 8.288 0.193 10.873 
120922230854 0.836 26.492 38.394 7.528 8.288 0.182 10.933 
120922232354 0.823 26.498 38.405 7.525 8.287 0.172 10.944 
120922233854 0.836 26.517 38.403 7.520 8.288 0.200 10.947 
120922235354 0.834 26.515 38.440 7.519 8.287 0.244 10.899 
130922000854 0.837 26.518 38.431 7.514 8.289 0.226 10.938 
130922002354 0.855 26.515 38.443 7.512 8.288 0.202 10.945 
130922003854 0.851 26.488 38.487 7.513 8.289 0.183 10.947 
130922005354 0.846 26.493 38.489 7.508 8.289 0.171 10.901 
130922010854 0.839 26.493 38.487 7.504 8.288 0.197 10.938 
130922012354 0.838 26.474 38.455 7.501 8.288 0.226 10.945 
130922013854 0.828 26.476 38.447 7.495 8.289 0.198 10.947 
130922015354 0.824 26.441 38.447 7.503 8.289 0.214 10.899 
130922020854 0.834 26.435 38.498 7.499 8.289 0.198 10.937 
130922022354 0.850 26.387 38.484 7.508 8.291 0.210 10.945 
130922023854 0.838 26.387 38.444 7.504 8.291 0.172 10.947 
130922025354 0.839 26.388 38.445 7.498 8.290 0.199 10.873 
130922030854 0.816 26.380 38.420 7.494 8.289 0.194 10.932 
130922032354 0.840 26.388 38.419 7.493 8.290 0.188 10.943 
130922033854 0.845 26.372 38.417 7.494 8.290 0.191 10.946 
130922035354 0.835 26.379 38.421 7.489 8.290 0.202 10.900 
130922040854 0.847 26.358 38.413 7.494 8.291 0.213 10.937 
130922042354 0.853 26.355 38.417 7.493 8.292 0.184 10.944 
130922043854 0.855 26.326 38.417 7.495 8.291 0.172 10.946 
130922045354 0.816 26.307 38.428 7.493 8.293 0.165 10.898 
130922050854 0.836 26.310 38.432 7.489 8.292 0.148 10.936 
130922052354 0.832 26.302 38.441 7.492 8.293 0.182 10.944 
130922053854 0.827 26.279 38.441 7.498 8.294 0.168 10.946 
130922055354 0.852 26.296 38.448 7.495 8.293 0.150 10.870 
130922060854 0.821 26.294 38.447 7.497 8.293 0.184 10.931 
130922062354 0.821 26.288 38.449 7.498 8.293 0.160 10.942 
130922063854 0.834 26.279 38.458 7.501 8.294 0.182 10.946 
130922065354 0.849 26.274 38.455 7.500 8.293 0.133 10.899 
130922070854 0.824 26.271 38.454 7.500 8.293 0.172 10.936 
130922072354 0.821 26.273 38.453 7.502 8.294 0.187 10.944 
130922073854 0.815 26.279 38.456 7.503 8.292 0.151 10.946 
130922075354 0.816 26.266 38.473 7.508 8.293 0.163 10.899 
130922080854 0.827 26.257 38.466 7.504 8.292 0.157 10.936 
130922082354 0.836 26.260 38.459 7.500 8.292 0.141 10.944 
130922083854 0.837 26.270 38.449 7.500 8.291 0.123 10.946 
130922085354 0.822 26.266 38.455 7.498 8.291 0.155 10.871 
130922090854 0.823 26.290 38.460 7.490 8.290 0.117 10.931 
130922092354 0.836 26.299 38.467 7.492 8.287 0.102 10.942 
130922093854 0.820 26.307 38.457 7.496 8.288 0.092 10.946 
130922095354 0.829 26.321 38.461 7.494 8.287 0.078 10.898 
130922100854 0.845 26.327 38.446 7.492 8.286 0.105 10.936 
130922102354 0.834 26.360 38.445 7.484 8.283 0.118 10.944 
130922103854 0.805 26.380 38.447 7.480 8.281 0.118 10.946 
130922105354 0.827 26.424 38.454 7.473 8.278 0.099 10.898 
130922110854 0.835 26.457 38.457 7.460 8.274 0.108 10.937 
130922112354 0.837 26.479 38.460 7.447 8.274 0.094 10.944 
130922113854 0.841 26.485 38.453 7.440 8.273 0.108 10.946 
130922115354 0.831 26.525 38.458 7.423 8.272 0.064 10.898 
130922120854 0.839 26.529 38.455 7.411 8.272 0.076 10.937 
130922122354 0.829 26.566 38.463 7.394 8.270 0.123 10.945 
130922123854 0.817 26.586 38.470 7.382 8.270 0.111 10.947 
130922125354 0.846 26.618 38.471 7.372 8.271 0.106 10.873 
130922130854 0.844 26.605 38.479 7.364 8.270 0.115 10.933 
130922132354 0.826 26.638 38.452 7.359 8.269 0.119 10.944 
130922133854 0.804 26.665 38.467 7.354 8.269 0.094 10.947 
130922135354 0.822 26.645 38.468 7.360 8.268 0.153 10.900 
130922140854 0.812 26.675 38.459 7.357 8.268 0.155 10.938 
130922142354 0.851 26.694 38.474 7.357 8.268 0.137 10.946 
