SAMBAT Sea Ti  C/T/D/Odo/Fluo/pH GPS : 50195 
V:0,Pression (0/50),dba
V:1,Température (-5/35),°C
V:2,Salinité (2/42),g/l
V:3,Oxygène (0/20),mgl
V:4,PH (0/14),pH
V:5,Fluorescence (0/500),ppb
V:6,Tension batterie,V
260523122154 0.847 19.259 38.153 9.750 8.255 0.554 10.784 
260523123653 0.889 18.952 38.098 9.825 8.257 0.440 10.824 
260523125153 0.842 18.973 38.211 9.802 8.257 0.463 10.876 
260523130653 0.892 18.608 38.150 9.905 8.258 0.084 10.898 
260523132153 0.847 18.592 38.169 9.901 8.259 0.425 10.904 
260523133653 0.864 18.572 38.147 9.892 8.259 0.213 10.845 
260523135153 0.843 18.462 37.998 9.925 8.260 0.220 10.890 
260523140653 0.868 18.523 38.180 9.905 8.261 0.190 10.902 
260523142153 0.924 18.595 38.103 9.877 8.261 0.433 10.906 
260523143653 0.869 18.601 38.118 9.861 8.260 0.433 10.844 
260523145153 0.847 18.462 38.112 9.881 8.261 0.273 10.890 
260523150653 0.917 18.497 38.114 9.845 8.260 0.258 10.901 
260523152153 0.876 18.753 38.106 9.774 8.261 0.159 10.903 
260523153653 0.851 18.508 38.181 9.816 8.261 0.752 10.844 
260523155153 0.877 18.372 38.134 9.846 8.263 0.607 10.884 
260523160653 0.911 18.816 38.292 9.724 8.262 0.334 10.900 
260523162153 0.865 18.570 38.114 9.798 8.262 0.152 10.905 
260523163653 0.867 18.576 38.156 9.776 8.262 0.592 10.844 
260523165153 0.835 18.476 38.135 9.800 8.262 0.547 10.889 
260523170653 0.873 18.849 38.129 9.714 8.261 0.364 10.902 
260523172153 0.830 18.804 38.090 9.729 8.262 0.767 10.905 
260523173653 0.863 18.664 38.079 9.761 8.261 0.471 10.844 
260523175153 0.869 18.713 38.074 9.752 8.261 0.881 10.890 
260523180653 0.863 18.590 38.090 9.781 8.262 0.896 10.898 
260523182153 0.833 18.763 38.065 9.760 8.262 1.298 10.905 
260523183653 0.863 18.533 38.129 9.810 8.262 0.957 10.843 
260523185153 0.853 18.540 38.094 9.816 8.262 1.716 10.884 
260523190653 0.853 18.369 38.104 9.866 8.263 0.759 10.895 
260523192153 0.910 18.376 38.155 9.869 8.263 1.108 10.903 
260523193653 0.857 18.588 38.084 9.824 8.263 0.987 10.843 
260523195153 0.848 18.664 38.120 9.814 8.263 1.002 10.889 
260523200653 0.874 18.545 38.097 9.848 8.263 1.032 10.901 
260523202153 0.858 18.439 37.955 9.889 8.264 0.934 10.905 
260523203653 0.828 18.524 38.098 9.855 8.263 0.789 10.843 
260523205153 0.880 18.395 38.111 9.886 8.264 1.002 10.889 
260523210653 0.869 18.770 38.253 9.812 8.263 1.063 10.900 
260523212153 0.874 19.260 38.152 9.656 8.262 1.541 10.905 
260523213653 0.874 18.957 38.218 9.742 8.261 1.450 10.844 
260523215153 0.844 19.022 38.122 9.727 8.261 1.131 10.883 
260523220653 0.893 19.126 38.127 9.702 8.260 1.321 10.900 
260523222153 0.866 18.980 38.100 9.737 8.261 1.336 10.905 
260523223653 0.862 18.966 38.135 9.741 8.261 1.161 10.845 
260523225153 0.848 18.497 37.977 9.873 8.263 1.192 10.890 
260523230653 0.862 18.690 38.122 9.807 8.263 0.843 10.902 
260523232153 0.874 18.730 38.116 9.797 8.264 0.896 10.905 
260523233653 0.871 18.610 38.115 9.814 8.264 0.994 10.843 
260523235153 0.853 18.658 38.127 9.802 8.264 1.177 10.889 
270523000653 0.867 18.623 38.117 9.808 8.264 1.131 10.901 
270523002153 0.885 18.537 38.112 9.828 8.265 0.926 10.904 
270523003653 0.863 18.591 38.122 9.809 8.265 1.070 10.842 
270523005153 0.865 18.454 38.113 9.842 8.265 1.237 10.881 
270523010653 0.874 18.423 38.108 9.852 8.266 1.184 10.897 
270523012153 0.887 18.611 38.185 9.780 8.266 1.070 10.902 
270523013653 0.887 18.936 38.135 9.708 8.265 1.420 10.841 
270523015153 0.876 19.028 38.117 9.682 8.265 1.207 10.887 
270523020653 0.893 18.850 38.075 9.708 8.265 1.268 10.900 
270523022153 0.871 18.957 38.139 9.685 8.265 1.032 10.904 
270523023653 0.869 18.500 38.091 9.819 8.266 0.994 10.843 
270523025153 0.864 18.366 38.108 9.845 8.267 1.154 10.882 
270523030653 0.874 18.464 38.112 9.813 8.268 0.964 10.894 
270523032153 0.873 18.461 38.115 9.815 8.268 0.782 10.901 
270523033653 0.862 18.468 38.105 9.810 8.269 1.025 10.840 
270523035153 0.860 18.517 38.092 9.803 8.269 1.055 10.886 
270523040653 0.863 18.661 38.128 9.753 8.268 1.040 10.899 
270523042153 0.887 18.649 37.688 9.752 8.268 1.283 10.903 
270523043653 0.872 18.714 37.967 9.741 8.268 1.215 10.840 
270523045153 0.864 18.776 38.127 9.727 8.268 1.116 10.887 
270523050653 0.860 18.819 38.132 9.710 8.267 1.465 10.899 
270523052153 0.856 18.867 38.136 9.695 8.267 1.450 10.903 
270523053653 0.862 18.857 38.139 9.696 8.267 1.139 10.842 
270523055153 0.868 18.895 38.137 9.689 8.267 0.888 10.881 
270523060653 0.861 18.927 38.134 9.684 8.267 1.070 10.898 
270523062153 0.872 18.843 38.138 9.706 8.266 0.987 10.903 
270523063653 0.868 18.850 38.126 9.707 8.265 0.873 10.843 
270523065153 0.860 18.801 38.135 9.716 8.265 1.025 10.888 
270523070653 0.866 18.863 38.137 9.696 8.265 1.199 10.900 
270523072153 0.866 18.874 38.137 9.694 8.265 0.622 10.904 
270523073653 0.853 18.890 38.126 9.691 8.265 0.759 10.842 
270523075153 0.858 18.917 38.136 9.688 8.264 0.850 10.888 
270523080653 0.866 18.857 38.127 9.696 8.264 0.744 10.901 
270523082153 0.876 18.928 38.142 9.685 8.263 0.197 10.904 
270523083653 0.864 18.964 38.144 9.672 8.262 0.091 10.843 
270523085153 0.861 18.943 38.148 9.687 8.262 0.334 10.888 
270523090653 0.876 19.313 38.143 9.589 8.261 0.638 10.901 
270523092153 0.862 19.405 38.167 9.553 8.260 0.759 10.905 
270523093653 0.859 19.366 38.141 9.567 8.259 0.114 10.845 
270523095153 0.846 19.427 38.139 9.551 8.258 0.372 10.886 
270523100653 0.868 19.545 38.151 9.516 8.258 0.205 10.902 
270523102153 0.850 19.620 38.145 9.493 8.257 0.539 10.907 
270523103653 0.843 19.618 38.162 9.490 8.257 0.288 10.847 
270523105153 0.790 19.680 38.182 9.468 8.256 0.524 10.893 
270523110653 0.842 19.651 38.140 9.488 8.255 0.744 10.905 
270523112153 0.891 19.805 38.171 9.458 8.255 0.342 10.909 
270523113653 0.833 19.446 38.123 9.534 8.254 0.114 10.849 
270523115153 0.841 19.416 38.093 9.545 8.255 0.197 10.894 
270523120653 0.859 19.317 38.119 9.570 8.254 0.000 10.905 
270523122153 0.860 19.248 38.102 9.596 8.255 0.228 10.905 
