SAMBAT Sea Ti  C/T/D/Odo/Fluo/pH GPS : 50195 
V:0,Pression (0/50),m
V:1,Température (-5/35),°C
V:2,Salinité (2/42),g/l
V:3,Oxygène (0/20),mgl
V:4,PH (0/14),pH
V:5,Fluorescence (0/50),µgl
V:6,Tension batterie,V
160123193005 0.804 15.420 36.680 9.429 8.341 0.355 10.707 
160123194504 0.896 15.416 36.623 9.432 8.342 0.418 10.800 
160123200004 0.793 15.408 36.613 9.430 8.342 0.478 10.774 
160123201504 0.555 15.393 36.624 9.431 8.342 0.439 10.820 
160123203004 0.650 15.382 36.678 9.429 8.343 0.449 10.836 
160123204504 0.790 15.348 36.652 9.434 8.342 0.427 10.843 
160123210004 0.758 15.372 36.654 9.423 8.343 0.366 10.798 
160123211504 0.543 15.382 36.630 9.412 8.343 0.368 10.831 
160123213004 0.841 15.378 36.698 9.410 8.343 0.347 10.842 
160123214504 0.695 15.392 36.630 9.401 8.343 0.339 10.848 
160123220004 0.674 15.378 36.655 9.402 8.343 0.356 10.780 
160123221504 0.881 15.388 36.678 9.401 8.344 0.513 10.826 
160123223004 0.623 15.379 36.742 9.398 8.344 0.414 10.841 
160123224504 0.800 15.379 36.742 9.399 8.344 0.405 10.847 
160123230004 0.811 15.387 36.644 9.396 8.344 0.493 10.799 
160123231504 0.626 15.391 36.703 9.398 8.344 0.373 10.832 
160123233004 0.858 15.392 36.633 9.398 8.344 0.475 10.844 
160123234504 0.928 15.391 36.684 9.400 8.345 0.373 10.849 
170123000004 0.922 15.396 36.806 9.397 8.345 0.434 10.800 
170123001504 0.533 15.388 36.662 9.402 8.346 0.414 10.833 
170123003004 0.683 15.397 36.685 9.401 8.345 0.392 10.844 
170123004504 0.814 15.383 36.748 9.398 8.346 0.387 10.849 
170123010004 0.704 15.368 36.702 9.404 8.346 0.429 10.786 
170123011504 0.722 15.361 36.653 9.402 8.346 0.385 10.828 
170123013004 0.647 15.358 36.625 9.398 8.346 0.451 10.842 
170123014504 0.853 15.356 36.623 9.395 8.346 0.481 10.848 
170123020004 0.802 15.366 36.643 9.390 8.346 0.497 10.800 
170123021504 0.795 15.342 36.586 9.394 8.346 0.487 10.833 
170123023004 0.611 15.348 36.608 9.395 8.347 0.469 10.844 
170123024504 0.711 15.350 36.732 9.388 8.347 0.502 10.849 
170123030004 0.735 15.344 36.638 9.384 8.347 0.428 10.799 
170123031504 0.714 15.348 36.757 9.384 8.348 0.354 10.832 
170123033004 0.754 15.353 36.621 9.382 8.347 0.517 10.843 
170123034504 0.765 15.341 36.610 9.380 8.348 0.477 10.849 
170123040004 0.812 15.339 36.587 9.385 8.348 0.475 10.781 
170123041504 0.695 15.351 36.712 9.383 8.348 0.401 10.826 
170123043004 0.673 15.345 36.712 9.381 8.349 0.361 10.841 
170123044504 0.694 15.334 36.655 9.383 8.349 0.413 10.847 
170123050004 0.765 15.319 36.663 9.383 8.349 0.420 10.800 
170123051504 0.708 15.328 36.675 9.382 8.349 0.455 10.832 
170123053004 0.694 15.303 36.634 9.389 8.349 0.478 10.843 
170123054504 0.701 15.303 36.611 9.382 8.349 0.433 10.849 
170123060004 0.719 15.313 36.616 9.378 8.350 0.457 10.799 
170123061504 0.689 15.275 36.583 9.392 8.350 0.470 10.832 
170123063004 0.671 15.263 36.640 9.390 8.351 0.400 10.843 
170123064504 0.676 15.275 36.617 9.383 8.351 0.663 10.848 
170123070004 0.676 15.275 36.633 9.381 8.351 0.474 10.781 
170123071504 0.661 15.271 36.663 9.377 8.351 0.465 10.826 
170123073004 0.697 15.249 36.687 9.381 8.351 0.517 10.840 
170123074504 0.636 15.257 36.631 9.376 8.351 0.493 10.846 
170123080004 0.666 15.238 36.632 9.376 8.351 0.450 10.799 
170123081504 0.658 15.210 36.620 9.381 8.352 0.497 10.831 
170123083004 0.715 15.228 36.634 9.366 8.352 0.519 10.842 
170123084504 0.643 15.226 36.557 9.363 8.352 0.508 10.848 
170123090004 0.667 15.228 36.644 9.352 8.352 0.438 10.798 
170123091504 0.587 15.283 36.665 9.341 8.351 0.624 10.831 
170123093004 0.659 15.278 36.655 9.341 8.351 0.520 10.843 
170123094504 0.689 15.287 36.676 9.336 8.351 0.398 10.848 
170123100004 0.641 15.292 36.613 9.333 8.351 0.844 10.779 
170123101504 0.639 15.286 36.626 9.334 8.351 0.471 10.825 
170123103004 0.752 15.281 36.612 9.336 8.351 0.401 10.840 
170123104504 0.783 15.295 37.018 9.333 8.350 0.423 10.846 
170123110004 0.636 15.294 36.634 9.340 8.350 0.446 10.797 
170123111504 0.655 15.303 36.695 9.344 8.350 0.414 10.831 
170123113004 0.341 15.307 36.694 9.347 8.350 0.420 10.843 
170123114504 0.769 15.312 36.609 9.346 8.350 0.379 10.848 
170123120004 0.578 15.307 36.631 9.349 8.350 0.390 10.780 
170123121504 0.654 15.307 36.634 9.349 8.350 0.366 10.826 
170123123004 0.656 15.310 36.632 9.349 8.350 0.429 10.840 
170123124504 0.695 15.311 36.650 9.349 8.349 0.345 10.846 
170123130004 0.663 15.312 36.626 9.354 8.349 0.297 10.797 
170123131504 0.678 15.313 36.640 9.354 8.349 0.249 10.831 
170123133004 0.689 15.318 36.641 9.357 8.349 0.214 10.843 
170123134504 0.699 15.326 36.715 9.359 8.347 0.193 10.848 
170123140004 0.769 15.331 36.646 9.363 8.346 0.184 10.799 
170123141504 0.662 15.325 36.736 9.363 8.347 0.288 10.832 
170123143004 0.642 15.329 36.680 9.360 8.346 0.215 10.843 
170123144504 0.694 15.321 36.684 9.368 8.347 0.332 10.848 
170123150004 0.707 15.314 36.660 9.371 8.346 0.212 10.780 
170123151504 0.444 15.328 36.705 9.371 8.345 0.174 10.826 
170123153004 0.652 15.319 36.693 9.373 8.344 0.199 10.840 
170123154504 0.655 15.317 36.704 9.381 8.345 0.212 10.846 
170123160004 0.562 15.304 36.720 9.389 8.345 0.276 10.798 
170123161504 0.716 15.307 36.678 9.388 8.344 0.295 10.831 
170123163004 0.719 15.307 36.685 9.387 8.344 0.390 10.843 
170123164504 0.756 15.301 36.668 9.391 8.344 0.483 10.848 
170123170004 0.703 15.305 36.712 9.392 8.344 0.469 10.797 
170123171504 0.731 15.303 36.711 9.392 8.344 0.616 10.831 
170123173004 0.262 15.299 36.671 9.395 8.344 0.538 10.843 
170123174504 0.607 15.292 36.707 9.398 8.344 0.480 10.848 
170123180004 0.718 15.284 36.616 9.397 8.344 0.492 10.781 
170123181504 0.571 15.258 36.729 9.395 8.344 0.553 10.826 
170123183004 0.716 15.284 36.665 9.387 8.344 0.686 10.840 
170123184504 0.692 15.279 36.632 9.385 8.344 0.403 10.846 
170123190004 0.677 15.267 36.707 9.383 8.344 0.466 10.798 
170123191504 0.657 15.263 36.673 9.383 8.344 0.479 10.831 
170123193004 0.632 15.288 36.633 9.378 8.344 0.518 10.842 
