SAMBAT Sea Ti  C/T/D/Odo/Fluo/pH GPS : 50195 
V:0,Pression (0/50),m
V:1,Température (-5/35),°C
V:2,Salinité (2/42),g/l
V:3,Oxygène (0/20),mgl
V:4,PH (0/14),pH
V:5,Fluorescence (0/50),µgl
V:6,Tension batterie,V
241222183258 0.933 16.230 35.300 9.187 8.336 0.386 10.729 
241222184757 0.954 16.217 35.293 9.184 8.337 0.432 10.812 
241222190257 0.984 16.210 35.844 9.194 8.337 0.428 10.810 
241222191757 0.972 16.205 35.358 9.194 8.337 0.423 10.840 
241222193257 0.888 16.206 35.378 9.191 8.337 0.415 10.850 
241222194757 0.955 16.204 35.354 9.190 8.337 0.417 10.856 
241222200257 0.917 16.191 35.352 9.190 8.337 0.353 10.823 
241222201757 0.983 16.185 35.377 9.186 8.337 0.374 10.845 
241222203257 0.926 16.188 35.325 9.182 8.337 0.409 10.854 
241222204757 0.922 16.182 35.316 9.177 8.337 0.452 10.858 
241222210257 0.979 16.195 35.344 9.165 8.337 0.375 10.822 
241222211757 0.999 16.193 35.319 9.153 8.337 0.466 10.845 
241222213257 0.921 16.195 35.310 9.143 8.337 0.415 10.854 
241222214757 0.960 16.199 35.302 9.137 8.337 0.370 10.858 
241222220257 0.950 16.214 35.291 9.129 8.337 0.431 10.823 
241222221757 1.006 16.209 35.291 9.126 8.337 0.474 10.846 
241222223257 0.893 16.205 35.786 9.124 8.337 0.405 10.855 
241222224757 0.909 16.207 35.320 9.123 8.338 0.481 10.859 
241222230257 0.994 16.195 35.329 9.121 8.338 0.412 10.823 
241222231757 1.039 16.206 35.687 9.117 8.338 0.405 10.846 
241222233257 0.982 16.194 35.357 9.117 8.338 0.441 10.854 
241222234757 1.012 16.192 35.337 9.116 8.339 0.482 10.859 
251222000257 0.853 16.200 35.335 9.110 8.339 0.458 10.822 
251222001757 0.973 16.194 35.332 9.109 8.338 0.519 10.846 
251222003257 1.008 16.199 35.286 9.110 8.339 0.438 10.854 
251222004757 0.953 16.206 35.331 9.107 8.339 0.479 10.858 
251222010257 0.980 16.198 35.584 9.109 8.339 0.435 10.823 
251222011757 0.927 16.201 35.756 9.106 8.339 0.494 10.846 
251222013257 0.954 16.187 35.602 9.106 8.339 0.366 10.855 
251222014757 0.911 16.200 35.800 9.104 8.339 0.397 10.859 
251222020257 1.021 16.191 35.670 9.110 8.339 0.486 10.822 
251222021757 0.951 16.187 35.369 9.107 8.340 0.359 10.845 
251222023257 0.984 16.194 35.374 9.105 8.340 0.475 10.854 
251222024757 1.003 16.165 35.352 9.114 8.341 0.460 10.858 
251222030257 0.992 16.165 35.364 9.112 8.341 0.469 10.823 
251222031757 0.957 16.184 35.350 9.105 8.340 0.530 10.846 
251222033257 0.972 16.182 35.737 9.102 8.340 0.510 10.854 
251222034757 1.008 16.181 35.321 9.098 8.340 0.509 10.858 
251222040257 0.995 16.186 35.333 9.098 8.340 0.498 10.822 
251222041757 1.026 16.207 35.373 9.093 8.340 0.470 10.846 
251222043257 0.955 16.201 35.368 9.090 8.341 0.414 10.854 
251222044757 0.983 16.196 35.369 9.093 8.341 0.418 10.858 
251222050257 0.982 16.191 35.375 9.098 8.341 0.446 10.819 
251222051757 1.008 16.188 35.353 9.095 8.341 0.351 10.845 
251222053257 0.982 16.181 35.347 9.100 8.341 0.590 10.854 
251222054757 0.976 16.180 35.365 9.099 8.342 0.426 10.858 
251222060257 0.995 16.194 35.353 9.103 8.341 0.437 10.820 
251222061757 0.929 16.172 35.336 9.115 8.341 0.437 10.845 
251222063257 1.042 16.202 35.260 9.105 8.342 0.486 10.854 
251222064757 1.004 16.183 35.336 9.109 8.342 0.519 10.858 
251222070257 1.003 16.196 35.345 9.106 8.341 0.380 10.821 
251222071757 1.015 16.193 35.345 9.102 8.342 0.436 10.845 
251222073257 0.981 16.202 35.344 9.102 8.342 0.451 10.854 
251222074757 0.974 16.191 35.334 9.105 8.342 0.528 10.858 
251222080257 0.968 16.196 35.353 9.102 8.342 0.438 10.822 
251222081757 0.975 16.180 35.367 9.103 8.342 0.588 10.845 
251222083257 0.988 16.200 35.374 9.096 8.342 0.521 10.854 
251222084757 0.964 16.187 35.363 9.098 8.342 0.462 10.858 
251222090257 0.994 16.197 35.362 9.096 8.341 0.326 10.822 
251222091757 0.996 16.198 35.367 9.098 8.342 0.369 10.845 
251222093257 1.022 16.193 35.371 9.100 8.342 0.454 10.854 
251222094757 1.001 16.186 35.373 9.098 8.341 0.372 10.858 
251222100257 0.965 16.206 35.448 9.093 8.340 0.280 10.822 
251222101757 0.999 16.205 35.373 9.092 8.340 0.240 10.845 
251222103257 1.000 16.205 35.393 9.090 8.339 0.230 10.854 
251222104757 0.995 16.209 35.385 9.093 8.339 0.233 10.858 
251222110257 1.037 16.214 35.393 9.092 8.339 0.191 10.823 
251222111757 1.014 16.216 35.823 9.091 8.338 0.205 10.846 
251222113257 1.020 16.225 35.383 9.093 8.337 0.149 10.855 
251222114757 1.031 16.235 35.730 9.094 8.337 0.213 10.858 
251222120257 1.006 16.242 35.837 9.093 8.337 0.142 10.823 
251222121757 1.014 16.253 35.394 9.093 8.336 0.148 10.846 
251222123257 0.988 16.260 35.384 9.096 8.336 0.128 10.854 
251222124757 1.018 16.273 35.372 9.100 8.335 0.096 10.859 
251222130257 1.025 16.288 35.372 9.098 8.334 0.110 10.821 
251222131757 0.963 16.286 35.373 9.112 8.335 0.124 10.845 
251222133257 0.987 16.282 35.702 9.116 8.335 0.111 10.854 
251222134757 1.026 16.274 35.369 9.121 8.335 0.106 10.858 
251222140257 1.000 16.304 35.358 9.119 8.334 0.104 10.822 
251222141757 1.036 16.301 35.362 9.129 8.334 0.126 10.846 
251222143257 0.978 16.308 35.367 9.127 8.334 0.136 10.855 
251222144757 0.980 16.310 35.365 9.134 8.334 0.107 10.859 
251222150257 1.011 16.332 35.361 9.142 8.333 0.095 10.815 
251222151757 0.979 16.337 35.375 9.142 8.332 0.132 10.843 
251222153257 0.998 16.337 35.399 9.137 8.332 0.144 10.853 
251222154757 0.966 16.333 35.389 9.137 8.332 0.214 10.858 
251222160257 1.021 16.338 35.390 9.138 8.332 0.191 10.823 
251222161757 1.006 16.334 35.670 9.139 8.333 0.254 10.846 
251222163257 0.971 16.315 35.813 9.136 8.332 0.288 10.855 
251222164757 1.008 16.300 35.878 9.138 8.332 0.411 10.859 
251222170257 1.024 16.291 35.653 9.133 8.332 0.411 10.817 
251222171757 1.015 16.282 35.860 9.131 8.332 0.487 10.844 
251222173257 1.022 16.273 35.772 9.124 8.332 0.522 10.854 
251222174757 1.012 16.268 35.883 9.117 8.332 0.563 10.858 
251222180257 1.008 16.268 35.488 9.117 8.332 0.573 10.817 
251222181757 1.013 16.254 35.894 9.122 8.332 0.498 10.844 
251222183257 1.001 16.250 35.374 9.118 8.332 0.428 10.854 
