SAMBAT Sea Ti  C/T/D/Odo/Fluo/pH GPS : 50195 
V:0,Pression (0/50),dba
V:1,Température (-5/35),°C
V:2,Salinité (2/42),g/l
V:3,Oxygène (0/20),mgl
V:4,PH (0/14),pH
V:5,Fluorescence (0/500),ppb
V:6,Tension batterie,V
301223130725 1.022 15.537 38.619 9.380 8.260 1.450 10.655 
301223132224 0.975 15.552 38.614 9.382 8.256 2.050 10.801 
301223133724 0.954 15.551 38.620 9.387 8.257 3.644 10.840 
301223135224 0.995 15.538 38.623 9.395 8.257 1.404 10.857 
301223140724 0.985 15.521 38.615 9.402 8.256 1.571 10.831 
301223142224 0.975 15.492 38.623 9.419 8.255 2.832 10.823 
301223143724 0.978 15.501 38.621 9.421 8.256 2.771 10.853 
301223145224 0.968 15.489 38.637 9.429 8.257 4.411 10.863 
301223150724 0.982 15.489 38.625 9.432 8.255 2.945 10.830 
301223152224 0.993 15.507 38.621 9.429 8.256 3.272 10.824 
301223153724 0.972 15.511 38.599 9.431 8.256 3.128 10.854 
301223155224 0.975 15.505 38.628 9.434 8.256 3.659 10.864 
301223160724 0.970 15.491 38.621 9.440 8.257 3.925 10.724 
301223162224 0.979 15.499 38.622 9.440 8.256 3.568 10.818 
301223163724 0.984 15.497 38.621 9.442 8.256 3.598 10.851 
301223165224 0.966 15.493 38.618 9.442 8.256 3.841 10.863 
301223170724 0.936 15.483 38.625 9.445 8.255 4.737 10.838 
301223172224 0.961 15.479 38.619 9.447 8.255 4.304 10.825 
301223173724 0.982 15.475 38.619 9.449 8.255 4.114 10.855 
301223175224 1.031 15.469 38.617 9.451 8.257 4.175 10.865 
301223180724 0.993 15.455 38.627 9.453 8.255 3.910 10.837 
301223182224 0.950 15.451 38.615 9.453 8.254 3.788 10.825 
301223183724 0.995 15.437 38.626 9.454 8.253 4.441 10.855 
301223185224 0.986 15.428 38.620 9.455 8.252 4.282 10.865 
301223190724 0.991 15.420 38.626 9.453 8.253 4.578 10.722 
301223192224 0.996 15.413 38.630 9.454 8.253 3.553 10.818 
301223193724 0.986 15.409 38.621 9.452 8.252 4.373 10.851 
301223195224 0.982 15.413 38.624 9.444 8.253 4.122 10.862 
301223200724 0.965 15.422 38.626 9.437 8.253 10.059 10.834 
301223202224 0.969 15.416 38.620 9.436 8.253 4.282 10.825 
301223203724 0.956 15.418 38.622 9.432 8.254 5.261 10.854 
301223205224 0.961 15.424 38.614 9.429 8.254 4.236 10.864 
301223210724 0.978 15.427 38.616 9.425 8.254 5.344 10.829 
301223212224 0.970 15.417 38.623 9.421 8.254 4.745 10.824 
301223213724 0.982 15.418 38.627 9.419 8.253 4.464 10.854 
301223215224 0.994 15.408 38.626 9.422 8.253 4.282 10.864 
301223220724 0.960 15.417 38.617 9.413 8.253 4.274 10.833 
301223222224 0.987 15.404 38.621 9.418 8.253 4.016 10.824 
301223223724 0.982 15.417 38.629 9.408 8.253 4.342 10.854 
301223225224 0.935 15.418 38.621 9.407 8.252 4.638 10.864 
301223230724 0.977 15.415 38.621 9.405 8.255 4.001 10.723 
301223232224 0.963 15.414 38.628 9.403 8.253 5.898 10.817 
301223233724 0.967 15.417 38.618 9.397 8.253 4.585 10.850 
301223235224 0.986 15.420 38.621 9.394 8.254 4.684 10.862 
311223000724 0.985 15.406 38.624 9.399 8.253 4.691 10.834 
311223002224 0.954 15.413 38.633 9.391 8.253 4.160 10.824 
311223003724 0.949 15.416 38.624 9.388 8.253 4.282 10.854 
311223005224 0.971 15.419 38.629 9.387 8.253 4.502 10.864 
311223010724 0.948 15.416 38.625 9.387 8.253 4.373 10.835 
311223012224 0.957 15.407 38.624 9.392 8.256 3.978 10.824 
311223013724 0.965 15.419 38.625 9.385 8.254 4.828 10.854 
311223015224 0.958 15.416 38.631 9.385 8.255 3.834 10.864 
311223020724 0.973 15.419 38.629 9.391 8.255 3.727 10.834 
311223022224 0.958 15.423 38.625 9.385 8.255 4.350 10.824 
311223023724 0.991 15.418 38.630 9.386 8.256 3.606 10.854 
311223025224 0.945 15.429 38.629 9.383 8.257 4.365 10.864 
311223030724 0.983 15.429 38.633 9.383 8.257 4.820 10.727 
311223032224 0.947 15.426 38.632 9.384 8.255 4.001 10.818 
311223033724 0.928 15.424 38.626 9.386 8.255 5.337 10.850 
311223035224 0.967 15.429 38.604 9.383 8.253 4.479 10.863 
311223040724 0.956 15.433 38.605 9.381 8.253 3.743 10.835 
311223042224 0.952 15.422 38.622 9.383 8.253 4.023 10.825 
311223043724 0.967 15.423 38.625 9.383 8.253 4.775 10.854 
311223045224 0.945 15.431 38.630 9.380 8.255 4.160 10.864 
311223050724 0.954 15.430 38.629 9.380 8.254 4.980 10.833 
311223052224 0.948 15.434 38.629 9.378 8.253 4.745 10.824 
311223053724 0.959 15.428 38.625 9.379 8.253 4.395 10.854 
311223055224 0.953 15.427 38.624 9.379 8.250 5.117 10.864 
311223060724 0.950 15.433 38.629 9.376 8.251 4.585 10.833 
311223062224 0.944 15.419 38.630 9.379 8.250 4.456 10.824 
311223063724 0.954 15.425 38.624 9.377 8.255 4.054 10.854 
311223065224 0.955 15.419 38.627 9.379 8.255 4.130 10.864 
311223070724 0.952 15.429 38.627 9.376 8.256 5.906 10.710 
311223072224 0.935 15.428 38.604 9.375 8.252 3.856 10.817 
311223073724 0.949 15.430 38.603 9.375 8.255 5.185 10.850 
311223075224 0.936 15.420 38.609 9.373 8.256 4.289 10.862 
311223080724 0.940 15.432 38.598 9.371 8.255 4.190 10.837 
311223082224 0.943 15.428 38.629 9.371 8.256 5.071 10.824 
311223083724 0.944 15.436 38.629 9.369 8.255 4.623 10.853 
311223085224 0.939 15.442 38.628 9.367 8.254 3.530 10.864 
311223090724 0.922 15.435 38.630 9.368 8.256 2.923 10.836 
311223092224 0.937 15.436 38.630 9.367 8.255 2.816 10.824 
311223093724 0.956 15.448 38.633 9.364 8.255 2.338 10.854 
311223095224 0.933 15.453 38.632 9.363 8.254 1.693 10.864 
311223100724 0.962 15.457 38.634 9.362 8.253 2.573 10.836 
311223102224 0.942 15.458 38.632 9.361 8.255 1.943 10.824 
311223103724 0.952 15.462 38.652 9.360 8.249 2.103 10.854 
311223105224 0.944 15.471 38.632 9.358 8.250 1.708 10.865 
311223110724 0.944 15.482 38.636 9.357 8.254 1.306 10.722 
311223112224 0.934 15.491 38.628 9.355 8.249 1.678 10.817 
311223113724 0.931 15.500 38.635 9.354 8.250 1.845 10.850 
311223115224 0.933 15.509 38.631 9.353 8.253 1.966 10.863 
311223120724 0.917 15.507 38.630 9.356 8.252 2.194 10.836 
311223122224 0.920 15.519 38.631 9.353 8.255 1.867 10.825 
311223123724 0.914 15.517 38.634 9.356 8.255 0.949 10.854 
311223125224 0.917 15.505 38.629 9.362 8.253 1.328 10.865 
311223130724 0.904 15.489 38.633 9.368 8.253 1.966 10.836 
