SAMBAT Sea Ti  C/T/D/Odo/Fluo/pH GPS : 50195 
V:0,Pression (0/50),dba
V:1,Température (-5/35),°C
V:2,Salinité (2/42),g/l
V:3,Oxygène (0/20),mgl
V:4,PH (0/14),pH
V:5,Fluorescence (0/500),ppb
V:6,Tension batterie,V
091223113952 0.939 16.386 38.493 9.201 8.242 2.293 10.744 
091223115451 0.941 16.396 38.492 9.201 8.242 1.845 10.824 
091223120951 0.946 16.391 38.495 9.203 8.242 2.467 10.839 
091223122451 0.946 16.407 38.496 9.200 8.242 2.945 10.831 
091223123951 0.938 16.390 38.494 9.207 8.243 3.295 10.854 
091223125451 0.957 16.393 38.494 9.207 8.243 2.338 10.862 
091223130951 0.914 16.390 38.493 9.209 8.243 2.740 10.838 
091223132451 0.981 16.394 38.491 9.211 8.243 9.428 10.833 
091223133951 0.913 16.379 38.492 9.217 8.243 2.611 10.855 
091223135451 0.937 16.376 38.492 9.220 8.243 2.437 10.864 
091223140951 0.943 16.380 38.494 9.219 8.243 3.226 10.853 
091223142451 0.941 16.366 38.491 9.225 8.243 4.418 10.836 
091223143951 0.929 16.367 38.487 9.226 8.242 3.393 10.857 
091223145451 0.949 16.363 38.494 9.228 8.243 3.522 10.865 
091223150951 0.922 16.352 38.496 9.232 8.243 3.507 10.854 
091223152451 0.911 16.355 38.495 9.232 8.243 4.213 10.836 
091223153951 0.917 16.361 38.495 9.231 8.243 5.815 10.857 
091223155451 0.908 16.362 38.495 9.231 8.243 3.682 10.865 
091223160951 0.934 16.350 38.487 9.236 8.243 4.145 10.839 
091223162451 0.934 16.351 38.491 9.236 8.243 3.803 10.833 
091223163951 0.929 16.345 38.494 9.237 8.243 3.598 10.855 
091223165451 0.949 16.329 38.497 9.240 8.243 3.674 10.864 
091223170951 0.962 16.341 38.491 9.238 8.243 4.213 10.853 
091223172451 0.928 16.353 38.493 9.235 8.243 4.282 10.836 
091223173951 0.961 16.352 38.491 9.235 8.243 4.623 10.857 
091223175451 0.916 16.349 38.493 9.236 8.243 4.502 10.865 
091223180951 0.898 16.353 38.488 9.235 8.243 3.545 10.854 
091223182451 0.926 16.349 38.493 9.233 8.243 3.932 10.837 
091223183951 0.943 16.351 38.490 9.232 8.243 3.583 10.857 
091223185451 0.921 16.353 38.488 9.232 8.243 4.168 10.865 
091223190951 0.968 16.356 38.492 9.231 8.243 3.689 10.838 
091223192451 0.925 16.341 38.493 9.233 8.243 3.621 10.833 
091223193951 0.857 16.348 38.493 9.232 8.243 3.295 10.855 
091223195451 0.932 16.351 38.493 9.231 8.243 3.196 10.864 
091223200951 0.846 16.345 38.492 9.232 8.243 3.910 10.853 
091223202451 1.017 16.342 38.491 9.234 8.243 3.241 10.836 
091223203951 0.931 16.319 38.495 9.238 8.243 3.150 10.857 
091223205451 1.011 16.331 38.490 9.237 8.243 3.530 10.864 
091223210951 0.967 16.324 38.498 9.235 8.243 4.327 10.838 
091223212451 0.937 16.336 38.493 9.232 8.243 3.272 10.833 
091223213951 0.956 16.329 38.494 9.233 8.243 3.598 10.855 
091223215451 0.991 16.334 38.492 9.230 8.243 3.234 10.863 
091223220951 0.929 16.348 38.488 9.227 8.243 3.325 10.853 
091223222451 0.954 16.335 38.495 9.226 8.243 3.674 10.836 
091223223951 0.892 16.314 38.493 9.232 8.243 2.877 10.856 
091223225451 0.820 16.310 38.498 9.231 8.243 3.325 10.864 
091223230951 0.934 16.304 38.497 9.232 8.243 3.241 10.853 
091223232451 0.833 16.307 38.490 9.230 8.243 3.340 10.836 
091223233951 0.917 16.314 38.487 9.229 8.243 3.811 10.856 
091223235451 0.959 16.298 38.494 9.229 8.243 3.241 10.864 
101223000951 0.784 16.298 38.500 9.226 8.243 3.355 10.851 
101223002451 0.994 16.305 38.491 9.226 8.243 3.333 10.835 
101223003951 0.910 16.309 38.487 9.225 8.243 3.257 10.856 
101223005451 0.940 16.322 38.491 9.222 8.243 3.386 10.864 
101223010951 0.819 16.323 38.490 9.220 8.243 3.750 10.838 
101223012451 0.914 16.315 38.490 9.220 8.243 3.295 10.832 
101223013951 0.969 16.321 38.493 9.218 8.243 3.818 10.854 
101223015451 0.817 16.321 38.492 9.216 8.243 2.862 10.863 
101223020951 0.737 16.318 38.492 9.216 8.243 3.538 10.852 
101223022451 0.786 16.315 38.493 9.215 8.243 3.059 10.835 
101223023951 0.910 16.314 38.490 9.214 8.243 2.915 10.856 
101223025451 0.896 16.310 38.491 9.213 8.243 3.204 10.864 
101223030951 0.685 16.308 38.490 9.211 8.243 4.130 10.853 
101223032451 0.804 16.306 38.490 9.211 8.243 3.317 10.835 
101223033951 0.904 16.304 38.489 9.210 8.243 2.892 10.855 
101223035451 1.093 16.302 38.490 9.210 8.243 3.401 10.864 
101223040951 0.698 16.300 38.491 9.210 8.243 2.900 10.852 
101223042451 0.840 16.294 38.492 9.211 8.243 3.591 10.835 
101223043951 0.831 16.296 38.491 9.210 8.243 3.037 10.856 
101223045451 0.874 16.298 38.492 9.207 8.243 3.348 10.863 
101223050951 0.953 16.300 38.490 9.205 8.243 3.697 10.838 
101223052451 0.849 16.292 38.492 9.207 8.243 3.219 10.831 
101223053951 1.067 16.289 38.492 9.207 8.243 3.416 10.854 
101223055451 0.852 16.287 38.492 9.206 8.243 3.097 10.862 
101223060951 0.896 16.284 38.490 9.206 8.243 2.756 10.852 
101223062451 0.819 16.278 38.495 9.205 8.243 3.378 10.834 
101223063951 1.008 16.282 38.491 9.206 8.243 3.158 10.855 
101223065451 0.951 16.272 38.491 9.210 8.242 2.786 10.863 
101223070951 0.982 16.252 38.491 9.215 8.241 2.718 10.851 
101223072451 0.769 16.206 38.489 9.220 8.241 3.477 10.834 
101223073951 0.868 16.201 38.491 9.217 8.242 3.416 10.855 
101223075451 0.987 16.200 38.494 9.213 8.241 3.325 10.862 
101223080951 0.939 16.201 38.491 9.211 8.242 2.832 10.836 
101223082451 0.827 16.194 38.498 9.208 8.241 2.778 10.830 
101223083951 0.794 16.171 38.489 9.211 8.238 2.854 10.852 
101223085451 0.862 16.125 38.485 9.222 8.236 2.308 10.861 
101223090951 0.852 16.193 38.491 9.196 8.241 1.981 10.850 
101223092451 0.827 16.196 38.494 9.193 8.242 1.921 10.833 
101223093951 0.958 16.209 38.493 9.188 8.242 1.875 10.854 
101223095451 0.911 16.223 38.493 9.184 8.242 1.655 10.862 
101223100951 0.990 16.236 38.496 9.179 8.242 2.164 10.842 
101223102451 0.892 16.250 38.492 9.175 8.242 1.435 10.831 
101223103951 0.951 16.253 38.491 9.173 8.242 1.435 10.853 
101223105451 0.814 16.252 38.492 9.172 8.241 1.602 10.861 
101223110951 0.935 16.242 38.492 9.174 8.241 1.328 10.852 
101223112451 1.004 16.214 38.491 9.179 8.240 1.420 10.833 
101223113951 1.009 16.247 38.486 9.170 8.243 1.890 10.854 
