SAMBAT Sea Ti  C/T/D/Odo/Fluo/pH GPS : 50195 
V:0,Pression (0/50),dba
V:1,Température (-5/35),°C
V:2,Salinité (2/42),g/l
V:3,Oxygène (0/20),mgl
V:4,PH (0/14),pH
V:5,Fluorescence (0/500),ppb
V:6,Tension batterie,V
240723145131 0.700 28.236 39.303 7.771 8.257 1.435 10.860 
240723150630 0.644 28.245 39.276 7.768 8.256 1.541 10.958 
240723152130 0.664 28.218 39.312 7.775 8.255 1.199 10.965 
240723153630 0.664 28.161 39.233 7.786 8.250 1.124 10.966 
240723155130 0.702 28.182 39.285 7.783 8.254 1.404 10.960 
240723160630 0.709 28.141 39.283 7.792 8.253 1.442 10.966 
240723162130 0.670 27.951 39.295 7.829 8.246 1.609 10.967 
240723163630 0.649 27.921 39.277 7.842 8.248 1.556 10.966 
240723165130 0.679 28.044 39.308 7.816 8.261 1.116 10.955 
240723170630 0.691 28.149 39.302 7.797 8.264 1.746 10.965 
240723172130 0.726 28.105 39.221 7.806 8.258 1.442 10.966 
240723173630 0.712 27.990 39.233 7.825 8.250 1.594 10.967 
240723175130 0.720 27.956 39.220 7.831 8.250 1.708 10.959 
240723180630 0.723 27.963 39.237 7.829 8.252 1.913 10.966 
240723182130 0.715 27.938 39.217 7.836 8.254 1.845 10.966 
240723183630 0.682 27.987 39.208 7.825 8.259 2.209 10.966 
240723185130 0.694 28.019 39.206 7.816 8.260 1.890 10.955 
240723190630 0.743 27.997 39.219 7.820 8.256 1.951 10.965 
240723192130 0.728 27.958 39.211 7.827 8.255 1.685 10.966 
240723193630 0.652 27.951 39.285 7.830 8.254 1.579 10.966 
240723195130 0.679 27.923 39.280 7.838 8.253 2.224 10.959 
240723200630 0.726 27.907 39.276 7.842 8.252 1.822 10.965 
240723202130 0.673 27.834 39.285 7.848 8.252 2.050 10.966 
240723203630 0.660 27.785 39.275 7.849 8.250 1.845 10.966 
240723205130 0.658 27.730 39.278 7.850 8.249 1.640 10.958 
240723210630 0.723 27.637 39.278 7.850 8.247 1.989 10.965 
240723212130 0.682 27.577 39.288 7.851 8.246 1.647 10.965 
240723213630 0.693 27.658 39.289 7.850 8.258 1.503 10.965 
240723215130 0.640 27.648 39.281 7.850 8.258 2.126 10.953 
240723220630 0.723 27.577 39.272 7.851 8.256 2.019 10.964 
240723222130 0.639 27.517 39.272 7.860 8.256 1.708 10.964 
240723223630 0.699 27.544 39.275 7.857 8.261 1.799 10.964 
240723225130 0.667 27.498 39.283 7.866 8.259 2.088 10.957 
240723230630 0.742 27.506 39.278 7.866 8.260 1.776 10.964 
240723232130 0.694 27.501 39.275 7.866 8.263 1.890 10.964 
240723233630 0.707 27.458 39.301 7.872 8.260 1.867 10.964 
240723235130 0.575 27.445 39.300 7.876 8.262 1.905 10.955 
250723000630 0.688 27.427 39.279 7.876 8.261 1.761 10.963 
250723002130 0.616 27.471 39.277 7.865 8.267 2.012 10.964 
250723003630 0.818 27.414 39.279 7.875 8.262 2.027 10.964 
250723005130 0.755 27.312 39.266 7.891 8.255 1.670 10.956 
250723010630 0.653 27.327 39.260 7.885 8.261 1.852 10.963 
250723012130 0.689 27.307 39.264 7.887 8.264 1.852 10.963 
250723013630 0.573 27.292 39.256 7.885 8.262 1.700 10.963 
250723015130 0.616 27.265 39.258 7.887 8.262 1.860 10.951 
250723020630 0.647 27.255 32.015 7.886 8.263 2.148 10.962 
250723022130 0.678 27.250 39.262 7.884 8.262 1.579 10.963 
250723023630 0.651 27.243 39.263 7.883 8.262 1.754 10.963 
250723025130 0.658 27.260 39.267 7.878 8.265 1.898 10.954 
250723030630 0.737 27.300 39.268 7.869 8.267 1.609 10.962 
250723032130 0.707 27.320 39.241 7.864 8.268 2.088 10.962 
250723033630 0.665 27.363 39.275 7.854 8.270 1.678 10.963 
250723035130 0.620 27.387 39.270 7.849 8.270 1.807 10.951 
250723040630 0.719 27.405 39.273 7.846 8.268 1.685 10.961 
250723042130 0.633 27.381 39.211 7.851 8.266 1.776 10.962 
250723043630 0.697 27.353 39.254 7.857 8.265 1.822 10.963 
250723045130 0.649 27.323 39.259 7.860 8.265 1.738 10.954 
250723050630 0.705 27.284 39.268 7.863 8.264 2.171 10.962 
250723052130 0.686 27.206 39.266 7.876 8.260 1.898 10.962 
250723053630 0.685 27.181 39.265 7.877 8.262 1.959 10.962 
250723055130 0.659 27.194 39.357 7.850 8.271 1.883 10.954 
250723060630 0.636 27.374 39.265 7.836 8.272 1.898 10.962 
250723062130 0.719 27.177 39.254 7.873 8.255 1.807 10.962 
250723063630 0.688 27.199 39.263 7.866 8.262 2.293 10.962 
250723065130 0.643 27.203 39.277 7.864 8.264 1.837 10.953 
250723070630 0.645 27.198 39.260 7.864 8.265 2.072 10.961 
250723072130 0.620 27.418 39.276 7.821 8.277 1.207 10.961 
250723073630 0.592 27.455 39.206 7.814 8.275 1.602 10.962 
250723075130 0.615 27.471 39.220 7.812 8.271 1.328 10.950 
250723080630 0.644 27.493 39.267 7.810 8.270 1.442 10.961 
250723082130 0.633 27.514 39.276 7.808 8.270 1.571 10.962 
250723083630 0.676 27.536 39.276 7.806 8.270 1.101 10.963 
250723085130 0.780 27.565 39.267 7.801 8.270 1.002 10.954 
250723090630 0.693 27.597 39.269 7.800 8.270 1.032 10.962 
250723092130 0.619 27.587 39.290 7.801 8.268 0.850 10.963 
250723093630 0.650 27.579 39.258 7.802 8.266 1.427 10.963 
250723095130 0.688 27.564 39.264 7.802 8.265 0.941 10.955 
250723100630 0.716 27.514 39.275 7.811 8.263 1.237 10.962 
250723102130 0.503 27.489 39.260 7.815 8.262 1.124 10.963 
250723103630 0.797 27.446 39.220 7.824 8.262 0.949 10.963 
250723105130 0.507 27.341 39.278 7.844 8.258 0.919 10.955 
250723110630 0.753 27.269 39.242 7.855 8.258 1.070 10.962 
250723112130 0.703 27.242 39.269 7.862 8.260 0.896 10.962 
250723113630 0.814 27.234 39.269 7.864 8.262 1.427 10.962 
250723115130 0.685 27.204 39.264 7.868 8.262 0.934 10.949 
250723120630 0.803 27.157 39.265 7.876 8.263 0.888 10.960 
250723122130 0.673 27.089 39.230 7.886 8.262 1.260 10.961 
250723123630 0.660 27.024 39.249 7.898 8.261 0.736 10.961 
250723125130 0.765 27.005 39.207 7.900 8.262 1.078 10.953 
250723130630 0.732 26.979 39.278 7.900 8.265 0.486 10.960 
250723132130 0.754 26.963 39.241 7.902 8.265 0.729 10.960 
250723133630 0.687 26.938 39.268 7.904 8.265 0.759 10.961 
250723135130 0.800 26.936 39.261 7.900 8.267 1.215 10.952 
250723140630 0.530 26.928 39.254 7.896 8.266 0.873 10.959 
250723142130 0.800 26.902 39.261 7.897 8.267 0.843 10.960 
250723143630 0.609 26.875 39.260 7.897 8.267 0.957 10.960 
250723145130 0.712 26.851 39.258 7.899 8.267 1.192 10.947 
