SAMBAT Sea Ti  C/T/D/Odo/Fluo/pH GPS : 50195 
V:0,Pression (0/50),m
V:1,Température (-5/35),°C
V:2,Salinité (2/42),g/l
V:3,Oxygène (0/20),mgl
V:4,PH (0/14),pH
V:5,Fluorescence (0/50),µgl
V:6,Tension batterie,V
201122171047 0.851 20.319 36.759 8.115 8.317 0.245 10.762 
201122172546 0.840 20.332 36.756 8.120 8.318 0.305 10.856 
201122174046 0.824 20.324 36.743 8.120 8.318 0.355 10.881 
201122175546 0.885 20.303 36.746 8.127 8.318 0.477 10.829 
201122181046 0.815 20.319 36.742 8.127 8.318 0.333 10.877 
201122182546 0.807 20.309 36.728 8.135 8.318 0.305 10.889 
201122184046 0.842 20.319 36.755 8.133 8.318 0.393 10.895 
201122185546 0.890 20.314 36.739 8.128 8.318 0.281 10.832 
201122191046 0.823 20.309 36.739 8.123 8.319 0.290 10.878 
201122192546 0.915 20.309 36.740 8.126 8.319 0.291 10.891 
201122194046 0.893 20.301 36.738 8.130 8.320 0.341 10.896 
201122195546 0.904 20.298 36.742 8.134 8.319 0.298 10.807 
201122201046 0.865 20.303 36.728 8.142 8.319 0.326 10.874 
201122202546 0.881 20.304 36.738 8.144 8.320 0.286 10.889 
201122204046 0.815 20.303 36.733 8.154 8.321 0.308 10.895 
201122205546 0.808 20.317 36.743 8.149 8.322 0.221 10.834 
201122211046 0.906 20.312 36.755 8.153 8.322 0.281 10.879 
201122212546 0.855 20.301 36.737 8.169 8.324 0.271 10.891 
201122214046 0.898 20.312 36.746 8.169 8.323 0.263 10.896 
201122215546 0.868 20.317 36.738 8.171 8.322 0.273 10.807 
201122221046 0.839 20.305 36.722 8.179 8.324 0.301 10.874 
201122222546 0.872 20.316 36.712 8.172 8.323 0.290 10.889 
201122224046 0.804 20.329 36.716 8.175 8.322 0.285 10.895 
201122225546 0.886 20.327 36.721 8.174 8.323 0.297 10.834 
201122231046 0.802 20.327 36.709 8.171 8.324 0.348 10.879 
201122232546 0.847 20.315 36.710 8.175 8.325 0.351 10.891 
201122234046 0.805 20.331 36.719 8.169 8.324 0.232 10.896 
201122235546 0.866 20.319 36.717 8.167 8.323 0.416 10.807 
211122001046 0.832 20.326 36.700 8.166 8.325 0.220 10.874 
211122002546 0.927 20.308 36.706 8.167 8.323 0.260 10.889 
211122004046 0.784 20.326 36.713 8.156 8.323 0.308 10.895 
211122005546 0.890 20.312 36.706 8.161 8.325 0.276 10.835 
211122011046 0.810 20.321 36.701 8.163 8.325 0.249 10.879 
211122012546 0.841 20.287 36.712 8.170 8.325 0.253 10.891 
211122014046 0.880 20.271 36.705 8.174 8.326 0.297 10.896 
211122015546 0.793 20.293 36.697 8.168 8.327 0.235 10.807 
211122021046 0.863 20.314 36.714 8.165 8.326 0.265 10.874 
211122022546 0.871 20.289 36.699 8.174 8.326 0.310 10.889 
211122024046 0.856 20.268 36.711 8.173 8.327 0.253 10.895 
211122025546 0.926 20.247 36.704 8.181 8.327 0.269 10.832 
211122031046 0.849 20.245 36.698 8.192 8.328 0.329 10.879 
211122032546 0.846 20.275 36.722 8.182 8.327 0.260 10.891 
211122034046 0.869 20.271 36.701 8.176 8.328 0.279 10.896 
211122035546 0.814 20.275 36.682 8.176 8.329 0.274 10.808 
211122041046 0.842 20.269 36.666 8.173 8.328 0.267 10.874 
211122042546 0.921 20.280 36.687 8.173 8.327 0.283 10.889 
211122044046 0.892 20.271 36.681 8.175 8.329 0.300 10.895 
211122045546 0.922 20.252 36.700 8.176 8.329 0.256 10.834 
211122051046 0.964 20.266 36.683 8.174 8.328 0.250 10.879 
211122052546 0.889 20.252 36.688 8.173 8.328 0.283 10.891 
211122054046 0.874 20.260 36.685 8.169 8.327 0.337 10.896 
211122055546 0.829 20.274 36.684 8.171 8.327 0.266 10.833 
211122061046 1.048 20.272 36.674 8.177 8.329 0.250 10.879 
211122062546 0.725 20.269 36.622 8.185 8.329 0.252 10.891 
211122064046 0.775 20.261 36.656 8.193 8.330 0.243 10.896 
211122065546 0.863 20.264 36.651 8.192 8.328 0.291 10.731 
211122071046 0.837 20.261 36.618 8.197 8.330 0.241 10.868 
211122072546 0.832 20.251 36.607 8.201 8.330 0.398 10.886 
211122074046 0.822 20.258 36.589 8.202 8.330 0.292 10.893 
211122075546 0.885 20.242 36.608 8.204 8.330 0.236 10.836 
211122081046 0.825 20.242 36.660 8.204 8.331 0.247 10.879 
211122082546 0.795 20.256 36.641 8.196 8.330 0.667 10.891 
211122084046 0.791 20.258 36.655 8.191 8.331 0.293 10.896 
211122085546 0.887 20.271 36.628 8.186 8.330 0.281 10.830 
211122091046 0.946 20.238 36.643 8.189 8.330 0.235 10.878 
211122092546 0.780 20.257 36.637 8.185 8.330 0.171 10.891 
211122094046 0.837 20.265 36.650 8.180 8.330 0.166 10.895 
211122095546 0.757 20.258 36.619 8.182 8.328 0.148 10.835 
211122101046 0.953 20.259 36.601 8.185 8.328 0.126 10.879 
211122102546 0.807 20.273 36.655 8.184 8.328 0.149 10.891 
211122104046 0.897 20.283 36.655 8.187 8.329 0.151 10.896 
211122105546 0.775 20.271 36.660 8.193 8.326 0.142 10.807 
211122111046 0.964 20.266 36.646 8.200 8.327 0.112 10.874 
211122112546 0.803 20.276 36.653 8.200 8.327 0.105 10.889 
211122114046 0.859 20.273 36.641 8.202 8.326 0.130 10.895 
211122115546 0.863 20.276 36.654 8.203 8.325 0.152 10.833 
211122121046 0.969 20.273 36.652 8.207 8.324 0.098 10.879 
211122122546 0.892 20.282 36.645 8.203 8.322 0.084 10.891 
211122124046 0.826 20.278 36.654 8.198 8.308 0.103 10.896 
211122125546 0.779 20.276 36.660 8.202 8.324 0.121 10.809 
211122131046 0.843 20.276 36.650 8.201 8.324 0.129 10.874 
211122132546 0.900 20.282 36.648 8.200 8.323 0.090 10.889 
211122134046 0.861 20.276 36.645 8.201 8.323 0.112 10.895 
211122135546 0.883 20.284 36.656 8.202 8.322 0.107 10.832 
211122141046 0.838 20.269 36.655 8.201 8.322 0.103 10.879 
211122142546 0.800 20.275 36.657 8.200 8.320 0.141 10.891 
211122144046 0.863 20.271 36.653 8.205 8.319 0.090 10.895 
211122145546 0.884 20.268 36.635 8.210 8.319 0.143 10.832 
211122151046 0.849 20.276 36.652 8.218 8.319 0.156 10.878 
211122152546 0.832 20.268 36.646 8.222 8.318 0.133 10.891 
211122154046 0.836 20.245 36.588 8.227 8.318 0.187 10.896 
211122155546 0.946 20.247 36.627 8.231 8.319 0.289 10.833 
211122161046 0.803 20.243 36.626 8.232 8.318 0.251 10.879 
211122162546 0.797 20.253 36.634 8.230 8.318 0.240 10.891 
211122164046 0.755 20.242 36.620 8.234 8.318 0.297 10.896 
211122165546 0.860 20.247 36.622 8.237 8.318 0.326 10.808 
211122171046 0.646 20.245 36.645 8.229 8.318 0.393 10.874 
