SAMBAT Sea Ti  C/T/D/Odo/Fluo/pH GPS : 50195 
V:0,Pression (0/50),m
V:1,Température (-5/35),°C
V:2,Salinité (2/42),g/l
V:3,Oxygène (0/20),mgl
V:4,PH (0/14),pH
V:5,Fluorescence (0/50),µgl
V:6,Tension batterie,V
231122171755 0.817 19.833 36.403 8.176 8.327 0.337 10.756 
231122173254 0.693 19.842 36.373 8.178 8.329 0.368 10.851 
231122174754 0.810 19.843 36.360 8.179 8.329 0.429 10.876 
231122180254 0.772 19.834 36.381 8.178 8.329 0.354 10.856 
231122181754 0.781 19.837 36.387 8.177 8.329 0.323 10.879 
231122183254 0.845 19.837 36.392 8.173 8.329 0.372 10.888 
231122184754 0.773 19.838 36.394 8.173 8.329 0.407 10.892 
231122190254 0.933 19.822 36.419 8.174 8.328 0.329 10.859 
231122191754 0.741 19.831 36.394 8.175 8.329 0.347 10.881 
231122193254 0.859 19.826 36.382 8.170 8.329 0.377 10.889 
231122194754 0.838 19.839 36.385 8.171 8.329 0.297 10.893 
231122200254 0.810 19.822 36.344 8.168 8.330 0.316 10.846 
231122201754 0.806 19.821 36.353 8.165 8.330 0.439 10.877 
231122203254 0.769 19.827 36.422 8.166 8.330 0.357 10.887 
231122204754 0.729 19.822 36.391 8.167 8.330 0.353 10.892 
231122210254 0.767 19.834 36.389 8.165 8.331 0.395 10.860 
231122211754 0.825 19.821 36.379 8.169 8.331 0.261 10.882 
231122213254 0.773 19.821 36.381 8.168 8.330 0.326 10.890 
231122214754 0.766 19.823 36.389 8.168 8.330 0.308 10.893 
231122220254 0.835 19.829 36.382 8.172 8.331 0.293 10.860 
231122221754 0.857 19.823 36.394 8.174 8.331 0.313 10.882 
231122223254 0.869 19.806 36.395 8.180 8.331 0.352 10.890 
231122224754 0.833 19.809 36.392 8.175 8.331 0.383 10.893 
231122230254 0.928 19.811 36.396 8.170 8.332 0.440 10.846 
231122231754 0.954 19.809 36.387 8.172 8.333 0.322 10.877 
231122233254 0.912 19.806 36.390 8.171 8.334 0.297 10.887 
231122234754 0.870 19.808 36.376 8.173 8.335 0.315 10.892 
241122000254 0.888 19.800 36.379 8.181 8.337 0.417 10.860 
241122001754 0.792 19.794 36.390 8.180 8.338 0.330 10.882 
241122003254 0.694 19.792 36.369 8.185 8.337 0.296 10.890 
241122004754 0.689 19.788 36.368 8.185 8.336 0.281 10.893 
241122010254 0.671 19.791 36.366 8.190 8.337 0.282 10.860 
241122011754 0.818 19.786 36.377 8.194 8.337 0.307 10.882 
241122013254 0.874 19.794 36.377 8.198 8.336 0.338 10.889 
241122014754 0.903 19.785 36.337 8.201 8.336 0.228 10.893 
241122020254 0.767 19.782 36.380 8.203 8.335 0.260 10.846 
241122021754 0.750 19.787 36.354 8.202 8.337 0.247 10.877 
241122023254 0.666 19.782 36.329 8.207 8.336 0.369 10.887 
241122024754 0.849 19.780 36.358 8.207 8.336 0.367 10.892 
241122030254 0.957 19.766 36.255 8.208 8.337 0.297 10.860 
241122031754 0.762 19.769 36.245 8.212 8.338 0.323 10.881 
241122033254 0.988 19.770 36.267 8.214 8.337 0.283 10.890 
241122034754 0.839 19.765 36.279 8.215 8.337 0.361 10.893 
241122040254 0.759 19.758 36.287 8.218 8.337 0.367 10.859 
241122041754 0.828 19.751 36.290 8.220 8.338 0.330 10.881 
241122043254 0.822 19.762 36.307 8.221 8.337 0.378 10.889 
241122044754 0.918 19.754 36.317 8.225 8.338 0.320 10.892 
241122050254 0.822 19.752 36.324 8.221 8.336 0.315 10.845 
241122051754 0.848 19.754 36.334 8.225 8.337 0.329 10.876 
241122053254 0.877 19.754 36.331 8.223 8.337 0.305 10.887 
241122054754 0.825 19.739 36.345 8.227 8.337 0.258 10.891 
241122060254 0.822 19.740 36.349 8.229 8.337 0.326 10.859 
241122061754 0.811 19.741 36.340 8.232 8.335 0.310 10.881 
241122063254 0.858 19.737 36.345 8.231 8.333 0.280 10.889 
241122064754 0.970 19.735 36.359 8.233 8.332 0.338 10.892 
241122070254 0.859 19.727 36.364 8.229 8.331 0.342 10.859 
241122071754 0.818 19.731 36.838 8.226 8.330 0.285 10.881 
241122073254 0.833 19.722 36.369 8.227 8.330 0.245 10.889 
241122074754 0.757 19.728 36.351 8.221 8.329 0.394 10.892 
241122080254 0.803 19.715 36.339 8.221 8.329 0.306 10.843 
241122081754 0.894 19.714 36.339 8.220 8.328 0.424 10.875 
241122083254 0.870 19.706 36.338 8.217 8.329 0.297 10.886 
241122084754 0.773 19.703 36.359 8.214 8.328 0.309 10.891 
241122090254 0.843 19.689 36.346 8.212 8.327 0.288 10.859 
241122091754 0.854 19.715 36.346 8.206 8.327 0.304 10.881 
241122093254 0.879 19.724 36.360 8.206 8.327 0.287 10.889 
241122094754 0.984 19.723 36.356 8.204 8.326 0.305 10.892 
241122100254 0.868 19.707 36.346 8.207 8.326 0.292 10.845 
241122101754 0.873 19.722 36.361 8.203 8.326 0.158 10.876 
241122103254 0.944 19.728 36.343 8.201 8.325 0.153 10.886 
241122104754 0.955 19.730 36.339 8.196 8.324 0.180 10.891 
241122110254 0.901 19.732 36.347 8.194 8.325 0.208 10.859 
241122111754 0.854 19.732 36.351 8.192 8.324 0.158 10.881 
241122113254 0.862 19.734 36.341 8.196 8.323 0.140 10.889 
241122114754 0.918 19.737 36.347 8.195 8.321 0.132 10.892 
241122120254 0.916 19.741 36.361 8.195 8.321 0.145 10.858 
241122121754 0.903 19.748 36.337 8.202 8.318 0.096 10.881 
241122123254 0.937 19.754 36.320 8.205 8.318 0.115 10.889 
241122124754 0.913 19.757 36.336 8.210 8.316 0.128 10.892 
241122130254 0.917 19.760 36.328 8.215 8.316 0.110 10.846 
241122131754 0.852 19.759 36.324 8.219 8.315 0.140 10.876 
241122133254 0.948 19.759 36.335 8.226 8.315 0.110 10.887 
241122134754 0.878 19.759 36.333 8.232 8.315 0.121 10.891 
241122140254 0.894 19.750 36.312 8.238 8.314 0.129 10.859 
241122141754 0.934 19.745 36.315 8.246 8.314 0.139 10.881 
241122143254 0.927 19.743 36.326 8.251 8.314 0.082 10.889 
241122144754 0.877 19.754 36.323 8.247 8.313 0.125 10.892 
241122150254 0.801 19.753 36.318 8.249 8.313 0.096 10.845 
241122151754 0.866 19.748 36.313 8.253 8.312 0.101 10.876 
241122153254 0.955 19.750 36.345 8.254 8.311 0.105 10.886 
241122154754 0.956 19.749 36.349 8.256 8.312 0.148 10.891 
241122160254 0.905 19.735 36.335 8.254 8.310 0.165 10.859 
241122161754 0.931 19.739 36.326 8.253 8.310 0.182 10.881 
241122163254 0.909 19.728 36.316 8.251 8.311 0.277 10.889 
241122164754 0.884 19.724 36.324 8.249 8.311 0.305 10.892 
241122170254 0.864 19.700 36.316 8.250 8.313 0.361 10.846 
241122171754 0.863 19.698 36.309 8.248 8.313 0.310 10.876 
