SAMBAT Sea Ti  C/T/D/Odo/Fluo/pH GPS : 50195 
V:0,Pression (0/50),dba
V:1,Température (-5/35),°C
V:2,Salinité (2/42),g/l
V:3,Oxygène (0/20),mgl
V:4,PH (0/14),pH
V:5,Fluorescence (0/500),ppb
V:6,Tension batterie,V
100423103043 0.898 15.015 38.194 10.611 8.249 0.402 10.726 
100423104542 0.886 14.974 38.165 10.637 8.249 0.782 10.795 
100423110042 0.917 15.063 38.184 10.605 8.248 0.949 10.829 
100423111542 0.893 15.112 38.192 10.586 8.247 0.531 10.844 
100423113042 0.904 15.017 38.177 10.622 8.247 0.972 10.852 
100423114542 0.893 14.967 38.188 10.639 8.246 0.501 10.826 
100423120042 0.899 15.011 38.171 10.626 8.246 0.645 10.845 
100423121542 0.923 15.261 38.211 10.541 8.245 0.698 10.853 
100423123042 0.915 15.058 38.207 10.618 8.246 0.304 10.857 
100423124542 0.899 15.448 38.187 10.501 8.245 1.230 10.818 
100423130042 0.883 15.682 38.162 10.426 8.244 0.820 10.843 
100423131542 0.885 15.738 38.157 10.413 8.243 0.979 10.854 
100423133042 0.883 15.749 38.159 10.404 8.243 0.979 10.859 
100423134542 0.888 15.713 38.172 10.419 8.243 0.850 10.832 
100423140042 0.896 15.701 38.170 10.424 8.242 0.706 10.851 
100423141542 0.885 15.612 38.173 10.460 8.243 0.994 10.859 
100423143042 0.911 15.729 38.172 10.418 8.242 1.086 10.862 
100423144542 0.912 15.801 38.165 10.396 8.241 0.957 10.833 
100423150042 0.896 15.779 38.163 10.403 8.241 1.480 10.852 
100423151542 0.881 15.763 38.168 10.411 8.241 1.002 10.860 
100423153042 0.896 15.851 38.167 10.383 8.240 1.298 10.863 
100423154542 0.868 15.835 38.164 10.393 8.241 1.328 10.823 
100423160042 0.892 15.853 38.195 10.382 8.243 1.230 10.848 
100423161542 0.871 15.754 38.174 10.415 8.246 1.397 10.858 
100423163042 0.883 15.728 38.185 10.428 8.246 1.503 10.862 
100423164542 0.895 15.687 38.178 10.445 8.246 1.412 10.834 
100423170042 0.923 15.683 38.180 10.452 8.246 1.708 10.853 
100423171542 0.921 15.669 38.181 10.456 8.246 1.708 10.860 
100423173042 0.751 15.638 38.184 10.466 8.246 2.270 10.863 
100423174542 0.866 15.641 38.185 10.469 8.245 2.725 10.834 
100423180042 0.895 15.586 38.185 10.492 8.245 2.870 10.853 
100423181542 0.734 15.578 38.184 10.498 8.245 3.044 10.860 
100423183042 0.916 15.610 38.186 10.492 8.245 3.667 10.862 
100423184542 0.877 15.579 38.182 10.501 8.244 3.978 10.833 
100423190042 0.829 15.525 38.173 10.516 8.244 3.970 10.852 
100423191542 0.931 15.491 38.178 10.532 8.245 3.249 10.859 
100423193042 0.874 15.486 38.175 10.536 8.245 3.484 10.862 
100423194542 0.886 15.387 38.180 10.568 8.245 3.166 10.821 
100423200042 0.889 15.343 38.178 10.579 8.246 3.803 10.846 
100423201542 0.884 15.293 38.179 10.597 8.246 3.780 10.855 
100423203042 0.899 15.282 38.182 10.601 8.247 3.477 10.859 
100423204542 0.911 15.261 38.178 10.607 8.248 3.705 10.830 
100423210042 0.892 15.249 38.174 10.614 8.250 3.636 10.849 
100423211542 0.889 15.223 38.175 10.619 8.252 3.037 10.856 
100423213042 0.901 15.200 38.180 10.631 8.253 3.287 10.859 
100423214542 0.904 15.161 38.180 10.645 8.255 4.099 10.818 
100423220042 0.899 15.119 38.181 10.654 8.256 3.705 10.843 
100423221542 0.916 15.069 38.177 10.677 8.257 2.930 10.853 
100423223042 0.886 14.991 38.177 10.697 8.259 3.143 10.857 
100423224542 0.909 14.952 38.174 10.716 8.261 2.976 10.827 
100423230042 0.902 14.901 38.184 10.726 8.260 3.826 10.846 
100423231542 0.919 14.868 38.181 10.742 8.261 3.522 10.853 
100423233042 0.901 14.858 38.180 10.745 8.260 3.241 10.856 
100423234542 0.917 14.849 38.185 10.751 8.264 3.416 10.826 
110423000042 0.908 14.827 38.177 10.760 8.261 3.074 10.845 
110423001542 0.910 14.815 38.188 10.757 8.259 3.591 10.852 
110423003042 0.898 14.820 38.182 10.756 8.258 3.492 10.855 
110423004542 0.902 14.805 38.180 10.760 8.260 3.500 10.814 
110423010042 0.909 14.793 38.072 10.762 8.259 3.416 10.839 
110423011542 0.917 14.766 38.174 10.775 8.262 3.333 10.849 
110423013042 0.914 14.759 38.172 10.776 8.262 3.112 10.853 
110423014542 0.903 14.760 38.175 10.776 8.261 3.120 10.824 
110423020042 0.918 14.756 38.174 10.778 8.260 3.355 10.843 
110423021542 0.912 14.733 38.175 10.788 8.261 3.500 10.851 
110423023042 0.906 14.749 38.179 10.783 8.261 2.953 10.854 
110423024542 0.901 14.737 38.176 10.791 8.261 2.854 10.823 
110423030042 0.896 14.749 38.182 10.786 8.264 3.302 10.842 
110423031542 0.905 14.747 38.178 10.786 8.264 3.583 10.851 
110423033042 0.900 14.755 38.178 10.783 8.264 3.530 10.854 
110423034542 0.891 14.753 38.181 10.783 8.264 2.604 10.814 
110423040042 0.900 14.757 38.173 10.783 8.264 2.718 10.838 
110423041542 0.893 14.741 38.176 10.787 8.264 2.953 10.848 
110423043042 0.896 14.730 38.180 10.787 8.264 3.249 10.853 
110423044542 0.883 14.740 38.178 10.781 8.264 3.150 10.824 
110423050042 0.888 14.727 38.178 10.783 8.265 3.454 10.843 
110423051542 0.900 14.726 38.175 10.782 8.265 3.249 10.850 
110423053042 0.880 14.697 38.177 10.787 8.265 3.166 10.853 
110423054542 0.880 14.716 38.171 10.783 8.266 3.507 10.825 
110423060042 0.894 14.700 38.173 10.781 8.266 3.211 10.843 
110423061542 0.904 14.704 38.178 10.779 8.267 2.406 10.851 
110423063042 0.874 14.692 38.175 10.782 8.268 2.778 10.854 
110423064542 0.906 14.731 38.180 10.773 8.265 3.219 10.814 
110423070042 0.884 14.717 38.178 10.776 8.265 2.012 10.838 
110423071542 0.901 14.701 38.177 10.781 8.268 2.315 10.848 
110423073042 0.886 14.694 38.177 10.785 8.272 1.905 10.853 
110423074542 0.888 14.701 38.180 10.790 8.273 1.723 10.825 
110423080042 0.900 14.706 38.183 10.794 8.273 0.569 10.843 
110423081542 0.870 14.717 38.176 10.799 8.274 1.040 10.851 
110423083042 0.877 14.732 38.180 10.801 8.273 1.397 10.854 
110423084542 0.893 14.840 38.190 10.767 8.264 1.511 10.825 
110423090042 0.860 14.821 38.184 10.774 8.265 0.934 10.844 
110423091542 0.870 14.811 38.191 10.780 8.266 0.979 10.851 
110423093042 0.889 14.917 38.194 10.749 8.261 0.501 10.855 
110423094542 0.899 14.989 38.187 10.725 8.259 1.124 10.814 
110423100042 0.867 15.111 38.191 10.692 8.258 0.311 10.840 
110423101542 0.874 15.084 38.196 10.703 8.260 0.957 10.850 
110423103042 0.857 15.107 38.230 10.698 8.265 0.729 10.854 
