SAMBAT Sea Ti  C/T/D/Odo/Fluo/pH GPS : 50195 
V:0,Pression (0/50),m
V:1,Température (-5/35),°C
V:2,Salinité (2/42),g/l
V:3,Oxygène (0/20),mgl
V:4,PH (0/14),pH
V:5,Fluorescence (0/50),µgl
V:6,Tension batterie,V
081222175511 0.832 17.358 35.814 8.903 8.344 0.421 10.733 
081222181010 0.880 17.359 35.738 8.905 8.345 0.489 10.823 
081222182510 0.905 17.357 35.779 8.906 8.345 0.352 10.850 
081222184010 0.894 17.346 35.764 8.904 8.345 0.446 10.861 
081222185510 0.787 17.348 35.769 8.902 8.346 0.339 10.824 
081222191010 0.822 17.341 35.767 8.897 8.344 0.333 10.847 
081222192510 0.871 17.355 35.781 8.892 8.344 0.318 10.861 
081222194010 0.852 17.349 35.782 8.897 8.345 0.302 10.866 
081222195510 0.840 17.355 35.749 8.899 8.344 0.369 10.826 
081222201010 0.848 17.363 36.280 8.891 8.344 0.358 10.840 
081222202510 0.835 17.354 35.787 8.888 8.345 0.355 10.859 
081222204010 0.820 17.366 35.775 8.880 8.346 0.327 10.866 
081222205510 0.846 17.373 35.773 8.870 8.345 0.338 10.826 
081222211010 0.823 17.373 35.761 8.869 8.346 0.337 10.849 
081222212510 0.854 17.372 35.771 8.869 8.347 0.367 10.862 
081222214010 0.825 17.369 35.761 8.870 8.347 0.328 10.868 
081222215510 0.811 17.370 35.818 8.867 8.346 0.405 10.827 
081222221010 0.847 17.369 35.794 8.864 8.346 0.385 10.849 
081222222510 0.836 17.372 35.795 8.859 8.346 0.331 10.862 
081222224010 0.843 17.373 35.790 8.861 8.346 0.320 10.868 
081222225510 0.797 17.374 35.792 8.860 8.346 0.372 10.826 
081222231010 0.841 17.370 35.743 8.858 8.345 0.367 10.841 
081222232510 0.837 17.370 35.778 8.864 8.347 0.317 10.859 
081222234010 0.871 17.352 36.358 8.872 8.347 0.393 10.866 
081222235510 0.878 17.356 35.818 8.869 8.346 0.397 10.826 
091222001010 0.846 17.360 35.799 8.872 8.346 0.292 10.849 
091222002510 0.822 17.365 35.770 8.874 8.347 0.345 10.862 
091222004010 0.826 17.355 36.265 8.881 8.347 0.295 10.868 
091222005510 0.836 17.362 36.190 8.881 8.347 0.255 10.826 
091222011010 0.834 17.342 35.784 8.892 8.347 0.386 10.841 
091222012510 0.836 17.331 35.746 8.897 8.347 0.327 10.859 
091222014010 0.834 17.361 35.803 8.890 8.346 0.290 10.866 
091222015510 0.860 17.356 35.767 8.889 8.346 0.377 10.826 
091222021010 0.833 17.362 35.757 8.884 8.347 0.352 10.849 
091222022510 0.822 17.354 35.786 8.889 8.346 0.341 10.862 
091222024010 0.822 17.349 35.756 8.883 8.346 0.329 10.868 
091222025510 0.843 17.345 36.111 8.876 8.346 0.324 10.827 
091222031010 0.842 17.336 35.783 8.872 8.347 0.365 10.849 
091222032510 0.808 17.346 36.280 8.860 8.346 0.425 10.862 
091222034010 0.812 17.328 36.237 8.854 8.347 0.339 10.868 
091222035510 0.807 17.334 36.276 8.844 8.347 0.404 10.827 
091222041010 0.798 17.338 35.796 8.837 8.346 0.432 10.849 
091222042510 0.819 17.334 36.166 8.834 8.346 0.403 10.862 
091222044010 0.804 17.331 36.207 8.826 8.347 0.377 10.868 
091222045510 0.789 17.325 35.728 8.818 8.346 0.280 10.827 
091222051010 0.793 17.306 35.739 8.817 8.346 0.300 10.841 
091222052510 0.793 17.322 35.748 8.811 8.345 0.314 10.858 
091222054010 0.784 17.313 36.299 8.804 8.346 0.356 10.866 
091222055510 0.782 17.313 36.277 8.805 8.346 0.339 10.826 
091222061010 0.787 17.313 35.761 8.801 8.346 0.370 10.849 
091222062510 0.779 17.314 35.753 8.800 8.345 0.401 10.862 
091222064010 0.776 17.300 35.727 8.805 8.345 0.356 10.868 
091222065510 0.769 17.295 36.308 8.807 8.346 1.439 10.826 
091222071010 0.769 17.286 36.270 8.813 8.346 0.444 10.849 
091222072510 0.772 17.288 36.224 8.818 8.346 0.364 10.862 
091222074010 0.760 17.263 36.083 8.830 8.346 0.372 10.868 
091222075510 0.795 17.269 35.791 8.827 8.342 0.342 10.826 
091222081010 0.775 17.269 35.785 8.826 8.345 0.330 10.840 
091222082510 0.813 17.275 36.147 8.816 8.344 0.369 10.858 
091222084010 0.789 17.267 36.131 8.822 8.345 0.376 10.865 
091222085510 0.770 17.262 36.202 8.816 8.343 0.328 10.825 
091222091010 0.771 17.255 36.221 8.813 8.345 0.469 10.848 
091222092510 0.797 17.259 36.251 8.804 8.344 0.357 10.862 
091222094010 0.754 17.255 36.181 8.799 8.345 0.368 10.867 
091222095510 0.766 17.250 35.816 8.800 8.344 0.394 10.826 
091222101010 0.806 17.257 35.806 8.804 8.346 0.254 10.848 
091222102510 0.774 17.256 36.305 8.803 8.345 0.341 10.862 
091222104010 0.808 17.261 35.839 8.807 8.344 0.358 10.867 
091222105510 0.762 17.267 35.836 8.814 8.344 0.251 10.826 
091222111010 0.794 17.266 35.843 8.819 8.345 0.313 10.840 
091222112510 0.757 17.267 35.835 8.829 8.345 0.213 10.858 
091222114010 0.802 17.260 35.830 8.842 8.346 0.256 10.866 
091222115510 0.742 17.272 35.809 8.851 8.347 0.135 10.825 
091222121010 0.723 17.285 35.784 8.856 8.346 0.198 10.848 
091222122510 0.742 17.291 35.878 8.864 8.346 0.102 10.862 
091222124010 0.737 17.301 35.828 8.872 8.346 0.115 10.867 
091222125510 0.724 17.310 35.776 8.884 8.345 0.180 10.826 
091222131010 0.761 17.317 35.779 8.897 8.344 0.082 10.848 
091222132510 0.756 17.318 35.769 8.907 8.344 0.137 10.862 
091222134010 0.733 17.331 35.766 8.917 8.344 0.101 10.868 
091222135510 0.772 17.348 35.763 8.927 8.343 0.098 10.826 
091222141010 0.846 17.361 35.781 8.932 8.342 0.089 10.840 
091222142510 0.735 17.385 35.843 8.931 8.342 0.110 10.859 
091222144010 0.769 17.402 35.784 8.934 8.340 0.081 10.866 
091222145510 0.688 17.403 35.792 8.934 8.339 0.191 10.826 
091222151010 0.722 17.372 35.796 8.949 8.340 0.120 10.848 
091222152510 0.705 17.368 35.778 8.954 8.341 0.202 10.862 
091222154010 0.774 17.356 35.767 8.961 8.341 0.270 10.868 
091222155510 0.782 17.351 35.768 8.969 8.340 0.304 10.826 
091222161010 0.715 17.368 36.055 8.968 8.340 0.309 10.840 
091222162510 0.689 17.356 35.780 8.975 8.340 0.321 10.859 
091222164010 0.857 17.365 35.801 8.981 8.339 0.268 10.866 
091222165510 0.801 17.349 35.776 8.986 8.339 0.268 10.826 
091222171010 0.695 17.351 35.793 8.989 8.339 0.307 10.849 
091222172510 0.697 17.352 35.793 8.990 8.339 0.407 10.862 
091222174010 0.761 17.341 35.785 8.993 8.339 0.403 10.868 
091222175510 0.771 17.334 35.804 8.995 8.339 0.330 10.826 
