SAMBAT Sea Ti  C/T/D/Odo/Fluo/pH GPS : 50195 
V:0,Pression (0/50),m
V:1,Température (-5/35),°C
V:2,Salinité (2/42),g/l
V:3,Oxygène (0/20),mgl
V:4,PH (0/14),pH
V:5,Fluorescence (0/50),µgl
V:6,Tension batterie,V
231222183042 0.910 16.343 35.839 9.152 8.333 0.427 10.729 
231222184541 0.850 16.342 35.395 9.150 8.334 0.432 10.817 
231222190041 0.875 16.333 35.290 9.147 8.334 0.452 10.810 
231222191541 0.927 16.332 35.805 9.145 8.334 0.355 10.840 
231222193041 0.883 16.321 35.851 9.144 8.334 0.415 10.851 
231222194541 0.868 16.315 35.340 9.139 8.334 0.377 10.857 
231222200041 0.846 16.310 35.345 9.137 8.334 0.473 10.816 
231222201541 0.839 16.305 35.352 9.133 8.334 0.468 10.843 
231222203041 0.773 16.298 35.343 9.131 8.334 0.423 10.854 
231222204541 0.841 16.311 35.343 9.122 8.334 0.399 10.858 
231222210041 0.925 16.298 35.343 9.121 8.334 0.412 10.809 
231222211541 0.913 16.297 35.338 9.119 8.334 0.376 10.841 
231222213041 0.931 16.295 35.343 9.120 8.334 0.432 10.853 
231222214541 0.963 16.297 35.335 9.114 8.335 0.390 10.858 
231222220041 0.921 16.296 35.330 9.110 8.335 0.362 10.817 
231222221541 0.988 16.293 35.331 9.110 8.336 0.498 10.844 
231222223041 0.909 16.292 35.314 9.112 8.336 0.438 10.854 
231222224541 0.806 16.290 35.318 9.119 8.336 0.493 10.859 
231222230041 0.966 16.297 35.329 9.119 8.336 0.292 10.817 
231222231541 0.829 16.288 35.293 9.124 8.336 0.363 10.844 
231222233041 0.884 16.292 35.551 9.124 8.337 0.395 10.855 
231222234541 1.004 16.282 35.367 9.130 8.337 0.434 10.859 
241222000041 0.808 16.287 35.342 9.131 8.337 0.419 10.816 
241222001541 0.850 16.287 35.354 9.134 8.337 0.352 10.844 
241222003041 1.018 16.275 35.818 9.140 8.337 0.351 10.854 
241222004541 0.820 16.280 35.350 9.138 8.337 0.368 10.859 
241222010041 0.930 16.276 35.369 9.136 8.337 0.369 10.816 
241222011541 0.950 16.270 35.346 9.135 8.337 0.420 10.844 
241222013041 0.941 16.265 35.331 9.131 8.337 0.323 10.854 
241222014541 0.967 16.261 35.318 9.125 8.337 0.430 10.859 
241222020041 0.918 16.259 35.307 9.122 8.337 0.406 10.817 
241222021541 0.863 16.261 35.331 9.122 8.337 0.413 10.844 
241222023041 0.980 16.253 35.320 9.121 8.337 0.437 10.854 
241222024541 0.932 16.254 35.320 9.120 8.337 0.362 10.859 
241222030041 0.964 16.253 35.327 9.120 8.337 0.590 10.818 
241222031541 0.991 16.247 35.371 9.122 8.337 0.479 10.844 
241222033041 1.013 16.250 35.364 9.123 8.337 0.334 10.854 
241222034541 0.797 16.242 35.822 9.125 8.337 0.361 10.858 
241222040041 0.920 16.245 35.406 9.125 8.338 0.379 10.814 
241222041541 0.821 16.241 35.322 9.127 8.338 0.428 10.843 
241222043041 0.983 16.242 35.364 9.127 8.338 0.341 10.854 
241222044541 0.935 16.235 35.352 9.128 8.338 0.375 10.858 
241222050041 0.947 16.236 35.338 9.129 8.338 0.371 10.816 
241222051541 0.947 16.232 35.759 9.127 8.338 0.396 10.844 
241222053041 0.752 16.231 35.381 9.124 8.338 0.308 10.854 
241222054541 0.806 16.224 35.347 9.125 8.338 0.432 10.858 
241222060041 0.891 16.225 35.319 9.125 8.338 0.374 10.816 
241222061541 0.807 16.221 35.318 9.123 8.338 0.315 10.844 
241222063041 0.822 16.227 35.342 9.117 8.339 0.416 10.854 
241222064541 0.941 16.210 35.355 9.118 8.339 0.396 10.858 
241222070041 0.886 16.220 35.349 9.113 8.339 0.433 10.815 
241222071541 0.899 16.218 35.336 9.112 8.339 0.493 10.843 
241222073041 0.919 16.209 35.350 9.110 8.339 0.408 10.854 
241222074541 0.990 16.208 35.355 9.107 8.339 0.367 10.858 
241222080041 0.973 16.222 35.331 9.103 8.339 0.439 10.814 
241222081541 0.884 16.225 35.351 9.100 8.339 0.421 10.843 
241222083041 0.943 16.220 35.374 9.095 8.340 0.420 10.853 
241222084541 0.949 16.204 35.372 9.095 8.340 0.391 10.858 
241222090041 0.825 16.212 35.358 9.093 8.340 0.388 10.808 
241222091541 0.856 16.220 35.890 9.088 8.340 0.357 10.840 
241222093041 0.935 16.210 35.448 9.087 8.339 0.326 10.852 
241222094541 0.933 16.211 35.745 9.080 8.339 0.310 10.857 
241222100041 0.857 16.217 35.812 9.074 8.339 0.303 10.817 
241222101541 0.907 16.208 35.456 9.073 8.339 0.266 10.844 
241222103041 0.998 16.209 35.431 9.068 8.340 0.244 10.854 
241222104541 0.900 16.215 35.447 9.065 8.341 0.184 10.858 
241222110041 0.935 16.224 35.901 9.067 8.341 0.183 10.816 
241222111541 0.874 16.230 35.768 9.067 8.340 0.197 10.844 
241222113041 0.973 16.237 35.446 9.068 8.340 0.187 10.854 
241222114541 0.866 16.245 35.428 9.067 8.340 0.144 10.858 
241222120041 0.970 16.246 35.441 9.073 8.339 0.178 10.816 
241222121541 0.823 16.256 35.451 9.083 8.339 0.140 10.844 
241222123041 0.920 16.259 35.429 9.087 8.339 0.105 10.854 
241222124541 0.961 16.261 35.421 9.094 8.338 0.123 10.858 
241222130041 1.002 16.270 35.413 9.100 8.338 0.146 10.808 
241222131541 0.869 16.279 35.407 9.101 8.338 0.141 10.841 
241222133041 1.020 16.284 35.388 9.102 8.337 0.164 10.853 
241222134541 0.886 16.311 35.429 9.097 8.336 0.149 10.857 
241222140041 0.840 16.307 35.424 9.099 8.335 0.101 10.815 
241222141541 0.907 16.318 35.416 9.105 8.334 0.115 10.844 
241222143041 1.066 16.325 35.397 9.109 8.334 0.193 10.854 
241222144541 0.990 16.328 35.410 9.108 8.334 0.151 10.858 
241222150041 0.874 16.322 35.398 9.114 8.334 0.270 10.817 
241222151541 0.976 16.311 35.430 9.119 8.334 0.241 10.844 
241222153041 0.978 16.306 35.394 9.121 8.334 0.272 10.854 
241222154541 0.902 16.294 35.413 9.131 8.335 0.277 10.859 
241222160041 0.957 16.289 35.416 9.138 8.335 0.284 10.816 
241222161541 0.893 16.283 35.404 9.145 8.335 0.371 10.844 
241222163041 1.073 16.280 35.398 9.147 8.335 0.359 10.854 
241222164541 0.921 16.264 35.395 9.154 8.336 0.361 10.859 
241222170041 1.065 16.260 35.444 9.158 8.336 0.396 10.809 
241222171541 0.942 16.256 35.394 9.165 8.337 0.409 10.840 
241222173041 0.894 16.253 35.368 9.169 8.337 0.448 10.853 
241222174541 0.942 16.244 35.755 9.174 8.337 0.451 10.858 
241222180041 0.979 16.234 35.764 9.181 8.337 0.410 10.816 
241222181541 0.953 16.223 35.331 9.184 8.337 0.405 10.844 
241222183041 0.871 16.225 35.295 9.185 8.337 0.503 10.854 
