SAMBAT Sea Ti  C/T/D/Odo/Fluo/pH GPS : 50195 
V:0,Pression (0/50),m
V:1,Température (-5/35),°C
V:2,Salinité (2/42),g/l
V:3,Oxygène (0/20),mgl
V:4,PH (0/14),pH
V:5,Fluorescence (0/50),µgl
V:6,Tension batterie,V
021222174008 0.899 17.196 35.928 8.603 8.330 0.544 10.737 
021222175507 0.891 17.168 35.926 8.596 8.329 0.689 10.805 
021222181007 0.915 17.172 35.930 8.602 8.326 0.480 10.835 
021222182507 0.902 17.184 35.928 8.608 8.330 0.578 10.855 
021222184007 0.912 17.171 35.934 8.603 8.326 0.478 10.863 
021222185507 0.925 17.156 35.922 8.612 8.328 0.565 10.826 
021222191007 0.918 17.166 35.922 8.614 8.330 0.431 10.848 
021222192507 0.908 17.165 35.917 8.613 8.328 0.557 10.861 
021222194007 0.912 17.165 35.918 8.627 8.329 0.609 10.867 
021222195507 0.905 17.143 35.914 8.631 8.330 0.667 10.829 
021222201007 0.909 17.156 35.915 8.634 8.331 0.544 10.849 
021222202507 0.907 17.143 35.933 8.631 8.328 0.620 10.862 
021222204007 0.888 17.152 36.515 8.634 8.330 0.686 10.867 
021222205507 0.883 17.155 35.891 8.646 8.333 0.475 10.829 
021222211007 0.882 17.162 35.885 8.653 8.332 0.547 10.849 
021222212507 0.876 17.145 35.924 8.656 8.332 0.680 10.862 
021222214007 0.920 17.141 35.903 8.661 8.333 0.442 10.868 
021222215507 0.892 17.142 35.915 8.672 8.333 0.723 10.827 
021222221007 0.886 17.115 35.917 8.677 8.333 0.638 10.849 
021222222507 0.902 17.142 35.917 8.685 8.334 0.517 10.862 
021222224007 0.907 17.144 35.916 8.697 8.333 0.562 10.867 
021222225507 0.881 17.130 35.918 8.697 8.333 0.462 10.829 
021222231007 0.926 17.129 35.910 8.698 8.333 0.481 10.844 
021222232507 0.837 17.127 35.909 8.693 8.333 0.548 10.860 
021222234007 0.882 17.138 35.914 8.691 8.334 0.523 10.866 
021222235507 0.890 17.133 35.908 8.695 8.335 0.529 10.829 
031222001007 0.955 17.130 35.909 8.698 8.334 0.480 10.849 
031222002507 0.900 17.119 35.907 8.700 8.334 1.343 10.862 
031222004007 0.867 17.129 35.896 8.700 8.334 0.567 10.867 
031222005507 0.829 17.119 35.897 8.694 8.335 0.436 10.830 
031222011007 0.839 17.114 35.902 8.693 8.335 0.633 10.844 
031222012507 0.899 17.118 35.898 8.700 8.336 0.468 10.860 
031222014007 0.841 17.092 35.898 8.704 8.335 0.499 10.866 
031222015507 0.811 17.105 35.900 8.709 8.335 0.581 10.829 
031222021007 0.863 17.103 35.894 8.713 8.335 0.565 10.848 
031222022507 0.849 17.107 35.897 8.710 8.335 0.531 10.862 
031222024007 0.837 17.092 35.883 8.710 8.337 0.477 10.867 
031222025507 0.869 17.091 35.898 8.714 8.337 0.494 10.829 
031222031007 0.820 17.109 35.876 8.720 8.336 0.460 10.848 
031222032507 0.818 17.093 35.889 8.723 8.336 0.532 10.861 
031222034007 0.823 17.090 35.891 8.726 8.336 0.522 10.867 
031222035507 0.866 17.076 35.882 8.728 8.337 0.442 10.829 
031222041007 0.906 17.094 35.947 8.727 8.337 0.467 10.849 
031222042507 0.848 17.086 35.929 8.727 8.337 0.549 10.862 
031222044007 0.866 17.090 35.932 8.728 8.338 0.459 10.867 
031222045507 0.837 17.090 35.883 8.726 8.337 0.478 10.829 
031222051007 0.870 17.089 35.882 8.727 8.338 0.400 10.844 
031222052507 0.873 17.067 35.878 8.724 8.337 0.488 10.859 
031222054007 0.874 17.079 35.876 8.723 8.337 0.491 10.866 
031222055507 0.768 17.077 35.883 8.724 8.338 0.479 10.829 
031222061007 0.892 17.075 35.884 8.720 8.339 0.495 10.847 
031222062507 0.895 17.072 35.881 8.717 8.339 0.459 10.861 
031222064007 0.817 17.072 35.890 8.718 8.338 0.500 10.867 
031222065507 0.851 17.072 35.879 8.714 8.337 0.520 10.829 
031222071007 0.820 17.060 35.886 8.713 8.338 0.548 10.846 
031222072507 0.807 17.127 35.895 8.708 8.339 0.501 10.861 
031222074007 0.850 17.124 35.895 8.710 8.339 0.462 10.866 
031222075507 0.849 17.142 35.883 8.708 8.339 0.428 10.829 
031222081007 0.833 17.118 35.881 8.707 8.339 0.489 10.849 
031222082507 0.897 17.155 35.894 8.705 8.339 0.563 10.862 
031222084007 0.916 17.176 35.902 8.704 8.339 0.535 10.867 
031222085507 0.837 17.185 35.906 8.704 8.340 0.481 10.829 
031222091007 0.884 17.186 35.903 8.705 8.341 0.389 10.849 
031222092507 0.860 17.186 35.904 8.701 8.340 0.406 10.862 
031222094007 0.854 17.157 35.875 8.703 8.340 0.337 10.867 
031222095507 0.878 17.173 35.928 8.703 8.341 0.244 10.830 
031222101007 0.873 17.181 35.921 8.702 8.341 0.226 10.849 
031222102507 0.827 17.182 36.402 8.703 8.340 0.217 10.862 
031222104007 0.904 17.186 35.905 8.704 8.341 0.292 10.868 
031222105507 0.742 17.179 35.857 8.709 8.341 0.322 10.830 
031222111007 0.884 17.178 35.857 8.712 8.341 0.290 10.849 
031222112507 0.881 17.175 35.785 8.711 8.341 0.268 10.862 
031222114007 0.948 17.183 35.874 8.713 8.340 0.341 10.868 
031222115507 0.804 17.175 35.866 8.712 8.339 0.272 10.829 
031222121007 0.887 17.181 35.862 8.712 8.339 0.267 10.849 
031222122507 0.858 17.177 35.915 8.715 8.339 0.217 10.862 
031222124007 0.969 17.179 35.917 8.719 8.339 0.200 10.867 
031222125507 0.908 17.181 35.915 8.720 8.338 0.176 10.829 
031222131007 0.926 17.190 35.929 8.721 8.338 0.184 10.844 
031222132507 0.791 17.179 35.925 8.723 8.338 0.224 10.860 
031222134007 0.757 17.180 35.916 8.721 8.337 0.224 10.866 
031222135507 0.819 17.177 35.912 8.717 8.338 0.291 10.829 
031222141007 0.881 17.164 35.922 8.712 8.338 0.418 10.849 
031222142507 0.799 17.156 35.892 8.716 8.338 0.364 10.862 
031222144007 0.912 17.143 35.887 8.715 8.337 0.461 10.867 
031222145507 0.822 17.127 35.898 8.711 8.337 0.455 10.829 
031222151007 0.757 17.117 35.895 8.703 8.337 0.374 10.844 
031222152507 0.785 17.137 35.895 8.698 8.337 0.263 10.860 
031222154007 0.885 17.133 35.907 8.696 8.337 0.243 10.866 
031222155507 0.886 17.150 35.894 8.701 8.337 0.234 10.830 
031222161007 0.800 17.135 35.901 8.717 8.337 0.242 10.842 
031222162507 0.871 17.136 35.911 8.722 8.337 0.286 10.859 
031222164007 0.820 17.135 35.907 8.725 8.337 0.363 10.866 
031222165507 0.847 17.157 35.861 8.736 8.337 0.459 10.827 
031222171007 0.893 17.156 35.861 8.736 8.337 0.455 10.844 
031222172507 0.834 17.147 35.856 8.744 8.339 0.403 10.860 
031222174007 0.875 17.148 35.852 8.752 8.339 0.534 10.866 
