SAMBAT Sea Ti  C/T/D/Odo/Fluo/pH GPS : 50195 
V:0,Pression (0/50),dba
V:1,Température (-5/35),°C
V:2,Salinité (2/42),g/l
V:3,Oxygène (0/20),mgl
V:4,PH (0/14),pH
V:5,Fluorescence (0/500),ppb
V:6,Tension batterie,V
080523113831 0.855 18.397 38.194 10.003 8.263 0.266 10.673 
080523115330 0.869 18.425 38.196 9.998 8.259 0.493 10.845 
080523120830 0.865 18.607 38.123 9.958 8.258 0.425 10.878 
080523122330 0.847 18.945 38.205 9.872 8.256 0.585 10.890 
080523123830 0.854 18.709 38.178 9.939 8.257 0.547 10.840 
080523125330 0.850 18.844 38.196 9.889 8.255 0.850 10.883 
080523130830 0.837 18.883 38.193 9.870 8.255 0.478 10.895 
080523132330 0.865 18.989 38.202 9.826 8.253 0.592 10.899 
080523133830 0.840 19.090 38.199 9.796 8.253 0.865 10.844 
080523135330 0.810 19.047 38.180 9.808 8.253 0.858 10.887 
080523140830 0.844 19.035 38.194 9.798 8.252 0.729 10.897 
080523142330 0.831 18.946 38.184 9.808 8.252 0.660 10.901 
080523143830 0.833 18.953 38.195 9.801 8.252 0.820 10.842 
080523145330 0.822 19.041 38.199 9.762 8.250 0.752 10.887 
080523150830 0.840 19.119 38.200 9.728 8.249 0.797 10.897 
080523152330 0.864 19.041 38.203 9.742 8.251 0.805 10.901 
080523153830 0.853 19.074 38.191 9.723 8.252 0.471 10.825 
080523155330 0.828 19.185 38.193 9.695 8.255 1.002 10.883 
080523160830 0.832 19.167 38.158 9.715 8.258 0.797 10.897 
080523162330 0.848 19.168 38.149 9.739 8.257 0.729 10.901 
080523163830 0.859 19.182 38.150 9.736 8.262 0.919 10.853 
080523165330 0.843 19.291 38.152 9.710 8.263 0.881 10.891 
080523170830 0.810 19.258 38.155 9.738 8.267 1.177 10.900 
080523172330 0.864 19.151 38.119 9.787 8.268 1.435 10.903 
080523173830 0.845 19.056 38.140 9.815 8.273 1.268 10.842 
080523175330 0.832 18.985 38.154 9.841 8.270 1.404 10.888 
080523180830 0.836 18.964 38.151 9.869 8.269 1.328 10.899 
080523182330 0.829 18.933 38.180 9.885 8.267 1.458 10.902 
080523183830 0.837 19.008 38.174 9.871 8.262 1.298 10.845 
080523185330 0.785 18.853 38.161 9.920 8.266 1.594 10.888 
080523190830 0.868 18.798 38.164 9.944 8.267 1.533 10.898 
080523192330 0.849 18.622 38.150 10.002 8.272 1.086 10.901 
080523193830 0.908 18.619 38.158 10.009 8.271 1.359 10.824 
080523195330 0.858 18.639 38.152 10.010 8.270 1.275 10.880 
080523200830 0.870 18.637 38.159 10.017 8.270 1.298 10.894 
080523202330 0.903 18.617 38.158 10.027 8.270 1.260 10.898 
080523203830 0.882 18.603 38.165 10.036 8.269 2.050 10.842 
080523205330 0.859 18.654 38.173 10.021 8.266 1.199 10.885 
080523210830 0.884 18.645 38.172 10.034 8.265 1.328 10.895 
080523212330 0.847 18.623 38.172 10.044 8.265 1.420 10.899 
080523213830 0.858 18.595 38.173 10.054 8.266 1.336 10.849 
080523215330 0.906 18.541 38.171 10.071 8.267 1.101 10.886 
080523220830 0.855 18.583 38.175 10.058 8.266 1.526 10.895 
080523222330 0.928 18.552 38.172 10.064 8.267 1.161 10.898 
080523223830 0.883 18.497 38.171 10.084 8.270 1.108 10.839 
080523225330 0.833 18.465 38.168 10.087 8.271 1.473 10.883 
080523230830 0.879 18.467 38.168 10.084 8.272 1.215 10.894 
080523232330 0.875 18.460 38.166 10.081 8.272 1.268 10.897 
080523233830 0.887 18.434 38.165 10.087 8.274 1.070 10.821 
080523235330 0.921 18.418 38.165 10.084 8.274 1.321 10.877 
090523000830 0.884 18.432 38.165 10.075 8.274 1.283 10.891 
090523002330 0.929 18.426 38.165 10.075 8.275 1.374 10.895 
090523003830 0.852 18.387 38.163 10.080 8.276 1.389 10.839 
090523005330 0.885 18.390 38.165 10.079 8.277 1.344 10.881 
090523010830 0.874 18.381 38.160 10.080 8.277 1.404 10.892 
090523012330 0.855 18.419 38.161 10.071 8.277 1.503 10.896 
090523013830 0.875 18.434 38.161 10.063 8.278 1.230 10.818 
090523015330 0.845 18.443 38.166 10.057 8.277 1.298 10.875 
090523020830 0.864 18.479 38.171 10.041 8.275 1.245 10.890 
090523022330 0.858 18.503 38.170 10.036 8.274 1.215 10.894 
090523023830 0.867 18.508 38.172 10.031 8.274 1.784 10.839 
090523025330 0.888 18.514 38.172 10.026 8.273 1.420 10.881 
090523030830 0.874 18.506 38.173 10.026 8.273 1.184 10.892 
090523032330 0.846 18.503 38.174 10.027 8.273 1.465 10.896 
090523033830 0.882 18.521 38.177 10.021 8.272 1.245 10.838 
090523035330 0.838 18.532 38.179 10.016 8.271 1.184 10.881 
090523040830 0.852 18.530 38.178 10.013 8.271 1.154 10.892 
090523042330 0.902 18.517 38.177 10.013 8.271 0.827 10.896 
090523043830 0.880 18.506 38.177 10.015 8.273 1.602 10.819 
090523045330 0.850 18.496 38.178 10.015 8.272 2.490 10.875 
090523050830 0.860 18.508 38.176 10.009 8.272 1.328 10.890 
090523052330 0.851 18.503 38.179 10.008 8.271 1.161 10.894 
090523053830 0.897 18.502 38.181 10.002 8.272 1.435 10.838 
090523055330 0.870 18.498 38.187 9.998 8.273 1.313 10.881 
090523060830 0.887 18.508 38.176 9.995 8.273 1.253 10.892 
090523062330 0.857 18.498 38.177 9.995 8.274 1.192 10.895 
090523063830 0.859 18.513 38.179 9.987 8.272 1.040 10.839 
090523065330 0.877 18.522 38.176 9.982 8.273 0.744 10.881 
090523070830 0.859 18.524 38.175 9.979 8.272 0.653 10.892 
090523072330 0.847 18.533 38.176 9.974 8.273 0.782 10.896 
090523073830 0.890 18.546 38.168 9.969 8.274 0.827 10.819 
090523075330 0.877 18.562 38.165 9.963 8.275 0.721 10.875 
090523080830 0.877 18.573 38.165 9.960 8.274 0.706 10.890 
090523082330 0.863 18.594 38.164 9.959 8.274 0.493 10.894 
090523083830 0.891 18.616 38.159 9.954 8.274 0.721 10.839 
090523085330 0.850 18.615 38.156 9.959 8.276 0.919 10.881 
090523090830 0.845 18.630 38.155 9.959 8.276 0.448 10.892 
090523092330 0.884 18.616 38.152 9.966 8.275 0.326 10.896 
090523093830 0.876 18.623 38.143 9.971 8.275 0.622 10.836 
090523095330 0.862 18.620 38.154 9.974 8.276 0.311 10.881 
090523100830 0.879 18.642 38.146 9.977 8.275 0.531 10.892 
090523102330 0.886 18.665 38.153 9.974 8.275 0.137 10.896 
090523103830 0.856 18.608 38.153 9.997 8.274 0.167 10.820 
090523105330 0.863 19.016 38.187 9.887 8.272 0.516 10.876 
090523110830 0.888 18.899 38.163 9.928 8.273 0.509 10.891 
090523112330 0.860 18.932 38.174 9.906 8.272 0.455 10.896 
090523113830 0.863 18.997 38.160 9.913 8.271 0.342 10.840 
