SAMBAT Sea Ti  C/T/D/Odo/Fluo/pH GPS : 50195 
V:0,Pression (0/50),dba
V:1,Température (-5/35),°C
V:2,Salinité (2/42),g/l
V:3,Oxygène (0/20),mgl
V:4,PH (0/14),pH
V:5,Fluorescence (0/500),ppb
V:6,Tension batterie,V
180723143514 0.792 28.436 39.451 7.753 8.253 1.154 10.863 
180723145013 0.837 28.623 39.416 7.724 8.253 1.040 10.950 
180723150513 0.766 28.507 39.306 7.736 8.251 1.283 10.965 
180723152013 0.799 28.700 39.490 7.704 8.248 1.275 10.967 
180723153513 0.797 28.668 39.280 7.708 8.248 1.420 10.968 
180723155013 0.789 28.637 39.369 7.715 8.247 1.161 10.959 
180723160513 0.815 28.600 39.345 7.734 8.247 1.032 10.968 
180723162013 0.831 28.278 39.377 7.779 8.239 1.108 10.968 
180723163513 0.779 28.187 39.367 7.795 8.247 1.420 10.968 
180723165013 0.761 28.078 39.385 7.819 8.244 1.450 10.960 
180723170513 0.811 28.032 39.434 7.808 8.250 1.564 10.967 
180723172013 0.785 28.479 39.405 7.737 8.258 1.480 10.967 
180723173513 0.792 28.338 39.397 7.760 8.249 1.761 10.968 
180723175013 0.778 28.343 39.403 7.773 8.248 1.890 10.955 
180723180513 0.734 28.230 39.424 7.788 8.249 1.655 10.966 
180723182013 0.796 28.206 39.299 7.800 8.248 1.693 10.967 
180723183513 0.784 28.167 39.425 7.810 8.247 1.966 10.967 
180723185013 0.782 28.061 39.402 7.832 8.246 2.065 10.959 
180723190513 0.792 28.053 39.426 7.835 8.248 1.883 10.966 
180723192013 0.763 28.075 39.406 7.834 8.248 1.579 10.966 
180723193513 0.775 28.071 39.398 7.835 8.250 1.883 10.967 
180723195013 0.828 28.019 39.392 7.849 8.248 1.807 10.959 
180723200513 0.770 27.951 39.392 7.859 8.247 1.640 10.966 
180723202013 0.732 27.830 39.379 7.872 8.246 1.943 10.966 
180723203513 0.781 27.772 39.400 7.871 8.245 2.103 10.966 
180723205013 0.790 27.721 39.399 7.872 8.246 1.890 10.953 
180723210513 0.797 27.683 39.386 7.875 8.247 2.057 10.964 
180723212013 0.775 27.652 39.368 7.877 8.247 1.518 10.965 
180723213513 0.788 27.648 39.372 7.878 8.248 1.731 10.965 
180723215013 0.772 27.633 39.384 7.878 8.249 2.057 10.956 
180723220513 0.790 27.615 39.385 7.878 8.249 1.761 10.964 
180723222013 0.800 27.590 39.372 7.878 8.249 1.936 10.964 
180723223513 0.790 27.559 39.370 7.879 8.248 1.981 10.964 
180723225013 0.787 27.567 39.362 7.876 8.249 2.012 10.955 
180723230513 0.810 27.560 39.357 7.876 8.250 2.042 10.964 
180723232013 0.787 27.550 39.359 7.879 8.251 1.632 10.964 
180723233513 0.785 27.529 39.373 7.881 8.251 1.609 10.964 
180723235013 0.813 27.534 39.373 7.878 8.251 2.133 10.951 
190723000513 0.778 27.499 39.363 7.880 8.251 1.389 10.962 
190723002013 0.774 27.496 39.361 7.878 8.253 1.822 10.963 
190723003513 0.765 27.489 39.359 7.877 8.252 2.072 10.964 
190723005013 0.788 27.465 39.359 7.876 8.253 1.693 10.955 
190723010513 0.768 27.458 39.372 7.877 8.253 1.609 10.963 
190723012013 0.777 27.445 39.369 7.875 8.255 1.845 10.963 
190723013513 0.751 27.450 39.379 7.872 8.255 1.723 10.963 
190723015013 0.784 27.435 39.363 7.872 8.255 1.761 10.954 
190723020513 0.766 27.430 39.378 7.869 8.254 1.731 10.962 
190723022013 0.776 27.433 39.359 7.867 8.255 1.723 10.963 
190723023513 0.778 27.414 39.363 7.868 8.255 1.936 10.963 
190723025013 0.766 27.410 39.353 7.868 8.255 1.830 10.950 
190723030513 0.764 27.420 39.347 7.864 8.256 1.587 10.961 
190723032013 0.787 27.420 39.283 7.861 8.256 2.027 10.963 
190723033513 0.788 27.427 39.297 7.859 8.256 1.867 10.963 
190723035013 0.776 27.422 39.278 7.859 8.256 1.792 10.954 
190723040513 0.769 27.415 39.334 7.858 8.255 1.875 10.962 
190723042013 0.769 27.407 39.333 7.859 8.255 1.943 10.963 
190723043513 0.767 27.381 39.281 7.862 8.256 1.761 10.963 
190723045013 0.758 27.376 39.359 7.861 8.256 2.133 10.953 
190723050513 0.767 27.358 39.363 7.862 8.255 1.799 10.962 
190723052013 0.777 27.341 39.349 7.868 8.256 1.594 10.962 
190723053513 0.751 27.317 39.351 7.871 8.256 1.936 10.963 
190723055013 0.785 27.307 39.294 7.871 8.256 1.382 10.949 
190723060513 0.729 27.297 39.307 7.872 8.256 1.738 10.960 
190723062013 0.774 27.296 39.371 7.872 8.257 1.549 10.962 
190723063513 0.778 27.279 39.353 7.874 8.256 1.420 10.962 
190723065013 0.778 27.261 39.347 7.878 8.256 1.480 10.951 
190723070513 0.782 27.250 39.344 7.884 8.255 1.192 10.961 
190723072013 0.766 27.251 39.350 7.883 8.257 1.222 10.962 
190723073513 0.787 27.353 39.375 7.861 8.261 0.979 10.962 
190723075013 0.758 27.404 39.374 7.851 8.261 1.344 10.952 
190723080513 0.768 27.430 39.371 7.846 8.259 1.146 10.961 
190723082013 0.773 27.422 39.368 7.847 8.258 1.237 10.962 
190723083513 0.765 27.400 39.367 7.851 8.255 1.108 10.962 
190723085013 0.752 27.415 39.387 7.850 8.258 1.442 10.949 
190723090513 0.761 27.402 39.400 7.854 8.257 0.873 10.961 
190723092013 0.731 27.441 39.400 7.848 8.257 1.298 10.962 
190723093513 0.767 27.517 39.398 7.836 8.258 0.896 10.962 
190723095013 0.730 27.542 39.296 7.838 8.261 0.881 10.951 
190723100513 0.739 27.627 39.393 7.832 8.260 1.048 10.962 
190723102013 0.748 27.693 39.414 7.833 8.262 1.010 10.963 
190723103513 0.740 27.775 39.406 7.834 8.263 0.835 10.963 
190723105013 0.756 27.653 39.395 7.839 8.254 0.881 10.955 
190723110513 0.746 27.691 39.290 7.841 8.255 1.002 10.962 
190723112013 0.770 27.837 39.412 7.841 8.261 0.934 10.963 
190723113513 0.776 27.763 39.319 7.846 8.255 0.873 10.964 
190723115013 0.792 27.755 39.324 7.848 8.256 0.569 10.946 
190723120513 0.809 27.682 39.328 7.851 8.254 0.752 10.962 
190723122013 0.744 27.732 39.409 7.852 8.256 0.979 10.963 
190723123513 0.768 27.793 39.404 7.855 8.257 0.979 10.963 
190723125013 0.766 27.805 39.394 7.855 8.256 0.873 10.955 
190723130513 0.761 27.943 39.421 7.841 8.258 0.782 10.963 
190723132013 0.678 27.921 39.443 7.842 8.258 1.177 10.963 
190723133513 0.746 27.892 39.412 7.848 8.255 0.797 10.964 
190723135013 0.735 28.027 39.383 7.839 8.255 1.040 10.955 
190723140513 0.775 28.105 39.399 7.827 8.254 0.994 10.963 
190723142013 0.756 28.225 39.344 7.805 8.259 0.858 10.964 
190723143513 0.723 28.279 39.398 7.790 8.256 0.888 10.965 
