SAMBAT Sea Ti  C/T/D/Odo/Fluo/pH GPS : 50195 
V:0,Pression (0/50),dba
V:1,Température (-5/35),°C
V:2,Salinité (2/42),g/l
V:3,Oxygène (0/20),mgl
V:4,PH (0/14),pH
V:5,Fluorescence (0/500),ppb
V:6,Tension batterie,V
261123110808 0.910 16.639 38.488 8.994 8.249 1.981 10.807 
261123112307 0.900 16.642 38.491 8.996 8.250 1.685 10.876 
261123113807 0.896 16.643 38.499 8.998 8.250 1.435 10.912 
261123115307 0.907 16.640 38.490 9.002 8.248 1.291 10.922 
261123120807 0.886 16.645 38.494 9.003 8.250 1.351 10.912 
261123122307 0.918 16.643 38.497 9.005 8.248 1.495 10.894 
261123123807 0.906 16.642 38.492 9.009 8.250 1.389 10.918 
261123125307 0.928 16.630 38.492 9.013 8.250 1.442 10.925 
261123130807 0.888 16.622 38.493 9.017 8.248 1.245 10.913 
261123132307 0.858 16.613 38.493 9.022 8.247 1.374 10.895 
261123133807 0.930 16.596 38.497 9.026 8.247 1.382 10.919 
261123135307 0.876 16.594 38.498 9.029 8.248 1.283 10.925 
261123140807 0.896 16.580 38.497 9.037 8.248 1.465 10.913 
261123142307 0.912 16.568 38.491 9.044 8.249 1.921 10.895 
261123143807 0.898 16.542 38.493 9.051 8.248 1.731 10.919 
261123145307 0.874 16.526 38.492 9.055 8.249 1.852 10.925 
261123150807 0.916 16.530 38.493 9.055 8.249 1.959 10.912 
261123152307 0.893 16.539 38.491 9.055 8.249 2.444 10.894 
261123153807 0.902 16.518 38.489 9.060 8.250 3.424 10.918 
261123155307 0.899 16.521 38.490 9.058 8.250 3.834 10.924 
261123160807 0.900 16.503 38.488 9.064 8.250 3.667 10.912 
261123162307 0.875 16.501 38.488 9.064 8.250 5.238 10.893 
261123163807 0.925 16.481 38.492 9.073 8.250 4.456 10.917 
261123165307 0.930 16.477 38.489 9.074 8.250 5.048 10.923 
261123170807 0.912 16.447 38.493 9.084 8.249 4.479 10.911 
261123172307 0.882 16.451 38.510 9.078 8.249 4.335 10.893 
261123173807 0.902 16.439 38.489 9.084 8.249 4.623 10.917 
261123175307 0.916 16.439 38.489 9.083 8.248 4.676 10.923 
261123180807 0.920 16.425 38.500 9.082 8.248 4.798 10.910 
261123182307 0.917 16.409 38.502 9.083 8.248 5.276 10.892 
261123183807 0.907 16.419 38.496 9.080 8.246 4.297 10.916 
261123185307 0.893 16.414 38.496 9.079 8.247 4.805 10.922 
261123190807 0.907 16.401 38.493 9.081 8.246 4.843 10.909 
261123192307 0.909 16.393 38.494 9.081 8.246 4.707 10.891 
261123193807 0.908 16.368 38.492 9.089 8.246 4.904 10.916 
261123195307 0.909 16.388 38.498 9.076 8.245 6.498 10.921 
261123200807 0.915 16.380 38.500 9.079 8.243 4.896 10.909 
261123202307 0.943 16.374 38.496 9.080 8.244 5.359 10.890 
261123203807 0.937 16.366 38.496 9.078 8.244 4.957 10.915 
261123205307 0.884 16.346 38.501 9.079 8.244 5.117 10.921 
261123210807 0.928 16.353 38.497 9.076 8.245 5.124 10.909 
261123212307 0.858 16.351 38.497 9.074 8.244 4.282 10.890 
261123213807 0.920 16.341 38.496 9.074 8.244 4.449 10.914 
261123215307 0.887 16.334 38.499 9.069 8.245 5.511 10.920 
261123220807 0.942 16.326 38.498 9.070 8.245 5.139 10.908 
261123222307 0.874 16.303 38.499 9.072 8.246 5.246 10.889 
261123223807 0.899 16.300 38.493 9.070 8.246 5.132 10.914 
261123225307 0.943 16.317 38.503 9.063 8.246 5.177 10.919 
261123230807 0.924 16.306 38.488 9.064 8.246 5.451 10.907 
261123232307 0.903 16.295 38.501 9.062 8.246 4.858 10.888 
261123233807 0.919 16.308 38.503 9.054 8.246 5.048 10.913 
261123235307 0.874 16.277 38.499 9.061 8.245 5.041 10.919 
271123000807 0.908 16.281 38.502 9.059 8.245 6.028 10.906 
271123002307 0.919 16.272 38.508 9.057 8.246 5.656 10.888 
271123003807 0.867 16.300 38.497 9.045 8.242 4.684 10.912 
271123005307 0.904 16.331 38.497 9.034 8.243 5.359 10.918 
271123010807 0.936 16.349 38.502 9.023 8.245 4.942 10.907 
271123012307 0.894 16.376 38.499 9.014 8.246 4.464 10.888 
271123013807 0.873 16.380 38.504 9.008 8.246 5.185 10.912 
271123015307 0.888 16.365 38.502 9.010 8.246 4.031 10.918 
271123020807 0.893 16.385 38.505 9.003 8.247 5.268 10.907 
271123022307 0.913 16.376 38.502 9.003 8.246 3.834 10.887 
271123023807 0.896 16.382 38.504 8.998 8.247 4.524 10.912 
271123025307 0.908 16.384 38.507 8.993 8.247 4.031 10.919 
271123030807 0.884 16.370 38.504 8.997 8.248 4.760 10.907 
271123032307 0.879 16.343 38.502 9.003 8.247 4.707 10.887 
271123033807 0.900 16.371 38.508 8.992 8.251 4.524 10.912 
271123035307 0.908 16.397 38.506 8.983 8.254 4.950 10.918 
271123040807 0.906 16.394 38.500 8.985 8.255 4.266 10.906 
271123042307 0.919 16.405 38.501 8.983 8.255 5.785 10.887 
271123043807 0.883 16.439 38.502 8.980 8.254 5.428 10.911 
271123045307 0.925 16.434 38.510 8.980 8.255 6.126 10.918 
271123050807 0.939 16.427 38.513 8.983 8.255 4.912 10.906 
271123052307 0.916 16.399 38.509 8.991 8.255 5.025 10.887 
271123053807 0.942 16.391 38.512 8.993 8.255 5.048 10.911 
271123055307 0.910 16.394 38.514 8.995 8.254 5.025 10.918 
271123060807 0.884 16.395 38.515 8.996 8.254 4.380 10.906 
271123062307 0.896 16.391 38.516 8.997 8.253 4.380 10.886 
271123063807 0.905 16.384 38.511 9.002 8.253 5.359 10.911 
271123065307 0.934 16.395 38.513 8.997 8.253 5.314 10.917 
271123070807 0.866 16.391 38.515 8.998 8.253 4.403 10.905 
271123072307 0.904 16.391 38.521 8.997 8.253 4.767 10.886 
271123073807 0.917 16.395 38.512 8.999 8.253 4.942 10.910 
271123075307 0.917 16.386 38.513 9.005 8.253 5.344 10.917 
271123080807 0.881 16.393 38.517 8.998 8.253 4.562 10.905 
271123082307 0.888 16.390 38.513 9.000 8.253 4.335 10.886 
271123083807 0.889 16.377 38.517 9.004 8.254 4.509 10.910 
271123085307 0.920 16.392 38.521 8.998 8.253 4.137 10.916 
271123090807 0.881 16.385 38.522 8.999 8.254 3.378 10.903 
271123092307 0.899 16.389 38.520 9.000 8.254 3.333 10.885 
271123093807 0.895 16.376 38.525 9.007 8.254 1.625 10.909 
271123095307 0.874 16.380 38.524 9.005 8.254 1.807 10.916 
271123100807 0.886 16.387 38.521 9.000 8.254 2.080 10.904 
271123102307 0.874 16.385 38.526 9.000 8.254 2.080 10.885 
271123103807 0.894 16.391 38.525 8.998 8.254 1.997 10.909 
271123105307 0.906 16.391 38.525 8.997 8.253 2.027 10.916 
271123110807 0.881 16.402 38.527 8.994 8.253 1.852 10.904 
