SAMBAT Sea Ti  C/T/D/Odo/Fluo/pH GPS : 50195 
V:0,Pression (0/50),dba
V:1,Température (-5/35),°C
V:2,Salinité (2/42),g/l
V:3,Oxygène (0/20),mgl
V:4,PH (0/14),pH
V:5,Fluorescence (0/500),ppb
V:6,Tension batterie,V 
050923091337 0.016 24.329 0.012 8.009 7.810 0.585 10.892 
241123110044 -0.062 17.402 0.009 9.535 8.264 1.814 10.781 
241123110114 -0.057 17.436 0.009 9.468 8.277 1.966 10.767 
241123111614 0.852 17.465 38.220 9.360 8.292 1.154 10.906 
241123113114 0.836 17.486 38.233 9.317 8.289 1.275 10.923 
241123114614 0.848 17.485 38.237 9.282 8.289 1.078 10.927 
241123120114 0.801 17.506 38.242 9.243 8.291 1.116 10.763 
241123121614 0.812 17.524 38.253 9.206 8.291 3.317 10.705 
241123123114 0.834 17.543 38.253 9.175 8.291 1.055 10.885 
241123124614 0.827 17.549 38.261 9.147 8.294 1.268 10.917 
241123130114 0.792 17.565 38.281 9.117 8.297 2.262 10.812 
241123131614 0.807 17.567 38.285 9.093 8.297 1.169 10.923 
241123133114 0.771 17.558 38.286 9.071 8.298 1.442 10.920 
241123134614 0.772 17.549 38.296 9.049 8.298 1.245 10.930 
241123140114 0.801 17.536 38.291 9.029 8.302 0.486 10.817 
241123141614 0.765 17.536 38.299 9.005 8.300 1.480 10.928 
241123143114 0.783 17.539 38.304 8.982 8.301 1.731 10.924 
241123144614 0.804 17.552 38.304 8.955 8.300 1.860 10.933 
241123150114 0.778 17.548 38.313 8.932 8.303 0.797 10.819 
241123151614 0.753 17.530 38.319 8.910 8.301 4.752 10.929 
241123153114 0.751 17.532 38.321 8.884 8.301 2.877 10.925 
241123154614 0.786 17.531 38.340 8.859 8.301 2.862 10.933 
241123160114 0.734 17.522 38.340 8.834 8.301 3.249 10.820 
241123161614 0.756 17.488 38.337 8.815 8.300 3.279 10.930 
241123163114 0.800 17.481 38.341 8.793 8.299 3.234 10.925 
241123164614 0.802 17.478 38.331 8.797 8.298 3.021 10.934 
241123170114 0.768 17.460 38.337 8.805 8.299 3.667 10.819 
241123171614 0.712 17.445 38.345 8.809 8.296 3.409 10.929 
241123173114 0.769 17.417 38.347 8.825 8.296 3.272 10.925 
241123174614 0.731 17.415 38.355 8.834 8.295 3.894 10.934 
241123180114 0.725 17.400 38.354 8.843 8.296 3.492 10.822 
241123181614 0.790 17.396 38.350 8.850 8.293 3.241 10.929 
241123183114 0.731 17.364 38.351 8.866 8.292 2.649 10.925 
241123184614 0.738 17.333 38.357 8.878 8.291 3.067 10.933 
241123190114 0.810 17.269 38.317 8.898 8.292 3.112 10.823 
241123191614 0.764 17.268 38.332 8.899 8.290 3.196 10.929 
241123193114 0.757 17.282 38.363 8.892 8.288 3.446 10.924 
241123194614 0.762 17.308 38.367 8.887 8.288 3.173 10.933 
241123200114 0.766 17.280 38.364 8.894 8.289 3.181 10.814 
241123201614 0.778 17.284 38.369 8.893 8.286 3.591 10.928 
241123203114 0.781 17.261 38.368 8.903 8.286 2.999 10.924 
241123204614 0.733 17.254 38.373 8.905 8.285 3.317 10.933 
241123210114 0.741 17.221 38.368 8.908 8.286 3.226 10.821 
241123211614 0.723 17.211 38.372 8.906 8.285 3.105 10.928 
241123213114 0.778 17.177 38.367 8.904 8.284 3.348 10.923 
241123214614 0.744 17.184 38.375 8.901 8.283 3.363 10.933 
241123220114 0.796 17.180 38.379 8.897 8.284 2.930 10.823 
241123221614 0.716 17.177 38.379 8.895 8.284 2.907 10.928 
241123223114 0.770 17.179 38.379 8.892 8.283 3.651 10.923 
241123224614 0.769 17.178 38.380 8.890 8.284 3.568 10.932 
241123230114 0.702 17.177 38.377 8.888 8.285 3.196 10.822 
241123231614 0.707 17.161 38.382 8.886 8.284 3.401 10.927 
241123233114 0.743 17.152 38.386 8.884 8.284 3.629 10.923 
241123234614 0.788 17.138 38.391 8.881 8.284 3.515 10.932 
251123000114 0.767 17.118 38.392 8.880 8.286 3.674 10.823 
251123001614 0.732 17.109 38.393 8.879 8.285 3.166 10.927 
251123003114 0.674 17.088 38.394 8.876 8.284 3.735 10.923 
251123004614 0.743 17.068 38.394 8.875 8.283 3.758 10.932 
251123010114 0.744 17.067 38.386 8.872 8.283 2.953 10.822 
251123011614 0.719 17.052 38.393 8.871 8.282 4.669 10.927 
251123013114 0.668 17.046 38.400 8.869 8.277 3.796 10.922 
251123014614 0.776 17.043 38.400 8.868 8.272 3.947 10.931 
251123020114 0.764 17.042 38.405 8.866 8.273 4.623 10.823 
251123021614 0.719 17.036 38.404 8.864 8.272 3.591 10.926 
251123023114 0.820 17.028 38.399 8.863 8.268 4.001 10.920 
251123024614 0.756 17.023 38.392 8.861 8.266 3.803 10.931 
251123030114 0.792 17.022 38.397 8.859 8.265 2.892 10.821 
251123031614 0.830 17.006 38.378 8.858 8.262 3.158 10.927 
251123033114 0.832 16.979 38.373 8.858 8.260 3.454 10.920 
251123034614 0.814 16.958 38.389 8.857 8.260 3.576 10.931 
251123040114 0.766 16.966 38.382 8.857 8.259 3.173 10.822 
251123041614 0.701 16.940 38.389 8.857 8.258 3.864 10.926 
251123043114 0.883 16.917 38.390 8.858 8.258 3.424 10.920 
251123044614 0.645 16.865 38.404 8.861 8.257 3.811 10.930 
251123050114 0.700 16.842 38.401 8.862 8.258 2.308 10.823 
251123051614 0.563 16.825 38.411 8.862 8.256 3.606 10.926 
251123053114 0.628 16.756 38.415 8.876 8.254 3.568 10.920 
251123054614 0.785 16.785 38.403 8.870 8.253 4.578 10.930 
251123060114 0.744 16.741 38.419 8.876 8.254 2.771 10.823 
251123061614 0.726 16.772 38.415 8.868 8.252 3.150 10.926 
251123063114 0.649 16.725 38.420 8.875 8.251 3.522 10.919 
251123064614 0.831 16.719 38.422 8.875 8.251 3.310 10.930 
251123070114 0.793 16.695 38.420 8.884 8.251 3.325 10.823 
251123071614 0.799 16.714 38.425 8.874 8.252 3.917 10.925 
251123073114 0.844 16.719 38.424 8.873 8.252 2.999 10.919 
251123074614 0.819 16.730 38.426 8.869 8.251 3.378 10.929 
251123080114 0.834 16.709 38.425 8.873 8.251 2.945 10.819 
251123081614 0.768 16.705 38.422 8.873 8.249 2.923 10.925 
251123083114 0.889 16.690 38.424 8.879 8.247 2.566 10.919 
251123084614 0.872 16.656 38.418 8.883 8.245 1.822 10.929 
251123090114 0.708 16.660 38.423 8.878 8.245 1.427 10.820 
251123091614 0.697 16.659 38.425 8.874 8.243 1.837 10.924 
251123093114 0.722 16.666 38.426 8.868 8.242 1.230 10.918 
251123094614 0.723 16.681 38.421 8.863 8.242 1.799 10.929 
251123100114 0.810 16.681 38.432 8.858 8.243 1.192 10.820 
251123101614 0.819 16.670 38.425 8.857 8.240 1.146 10.924 
251123103114 0.828 16.654 38.426 8.858 8.240 1.237 10.918 
251123104614 0.686 16.647 38.431 8.856 8.241 1.473 10.928 
251123110114 0.768 16.618 38.434 8.855 8.243 1.154 10.822 
