SAMBAT Sea Ti  C/T/D/Odo/Fluo/pH GPS : 50195 
V:0,Pression (0/50),dba
V:1,Température (-5/35),°C
V:2,Salinité (2/42),g/l
V:3,Oxygène (0/20),mgl
V:4,PH (0/14),pH
V:5,Fluorescence (0/500),ppb
V:6,Tension batterie,V
100623125839 0.789 23.342 38.210 8.641 8.241 0.622 10.811 
100623131338 0.783 23.283 38.206 8.645 8.242 0.721 10.911 
100623132838 0.754 23.245 38.199 8.654 8.242 0.516 10.929 
100623134338 0.786 23.186 38.203 8.666 8.242 0.812 10.898 
100623135838 0.793 23.170 38.196 8.661 8.242 0.486 10.929 
100623141338 0.797 23.240 38.210 8.641 8.241 0.668 10.934 
100623142838 0.759 23.249 38.202 8.633 8.241 0.585 10.935 
100623144338 0.758 23.330 38.195 8.615 8.241 0.213 10.900 
100623145838 0.779 23.446 38.197 8.584 8.240 0.455 10.930 
100623151338 0.762 23.510 38.247 8.563 8.239 0.387 10.935 
100623152838 0.781 23.608 38.210 8.540 8.238 0.342 10.937 
100623154338 0.792 23.670 38.189 8.529 8.237 0.455 10.887 
100623155838 0.792 23.752 38.263 8.498 8.237 0.736 10.929 
100623161338 0.766 23.889 38.211 8.487 8.237 0.774 10.936 
100623162838 0.793 23.735 38.227 8.502 8.236 0.410 10.938 
100623164338 0.783 23.791 38.186 8.497 8.236 0.668 10.904 
100623165838 0.779 23.886 38.148 8.489 8.236 0.714 10.933 
100623171338 0.762 23.872 38.223 8.481 8.236 0.622 10.938 
100623172838 0.725 23.929 38.230 8.463 8.236 1.108 10.939 
100623174338 0.719 23.963 38.196 8.464 8.235 1.025 10.905 
100623175838 0.778 23.979 38.225 8.458 8.236 1.230 10.934 
100623181338 0.794 24.055 38.223 8.450 8.235 1.260 10.938 
100623182838 0.776 23.890 38.209 8.480 8.236 0.926 10.940 
100623184338 0.793 23.837 38.214 8.495 8.236 1.139 10.902 
100623185838 0.778 23.724 38.235 8.521 8.237 1.139 10.934 
100623191338 0.753 23.258 38.154 8.619 8.238 0.835 10.938 
100623192838 0.783 23.132 38.245 8.637 8.240 0.805 10.939 
100623194338 0.805 22.938 38.198 8.704 8.243 1.215 10.889 
100623195838 0.787 22.954 38.238 8.689 8.243 1.275 10.925 
100623201338 0.800 22.826 38.218 8.728 8.246 1.738 10.934 
100623202838 0.796 22.776 38.199 8.736 8.247 1.359 10.936 
100623204338 0.781 22.738 38.197 8.752 8.246 1.291 10.900 
100623205838 0.762 22.705 38.205 8.754 8.248 1.237 10.929 
100623211338 0.806 22.675 38.203 8.768 8.249 1.101 10.933 
100623212838 0.795 22.676 38.216 8.770 8.250 1.275 10.935 
100623214338 0.800 22.636 38.208 8.786 8.251 1.002 10.899 
100623215838 0.793 22.627 38.209 8.793 8.253 1.465 10.928 
100623221338 0.803 22.674 38.209 8.790 8.253 1.184 10.933 
100623222838 0.833 22.659 38.205 8.790 8.254 1.382 10.930 
100623224338 0.789 22.731 38.191 8.787 8.254 0.964 10.898 
100623225838 0.793 22.683 38.208 8.792 8.254 1.382 10.927 
100623231338 0.770 22.632 38.213 8.816 8.254 1.184 10.929 
100623232838 0.784 22.551 38.209 8.840 8.255 1.032 10.933 
100623234338 0.792 22.496 38.211 8.851 8.256 1.078 10.882 
100623235838 0.791 22.467 38.208 8.869 8.257 1.070 10.920 
110623001338 0.772 22.449 38.208 8.876 8.258 1.313 10.930 
110623002838 0.781 22.444 38.211 8.882 8.258 1.199 10.932 
110623004338 0.773 22.437 38.211 8.884 8.259 1.177 10.895 
110623005838 0.788 22.440 38.214 8.889 8.259 1.230 10.923 
110623011338 0.786 22.434 38.213 8.893 8.260 1.040 10.930 
110623012838 0.772 22.448 38.216 8.890 8.260 1.139 10.931 
110623014338 0.767 22.470 38.212 8.888 8.260 1.291 10.894 
110623015838 0.778 22.465 38.217 8.891 8.260 1.359 10.925 
110623021338 0.778 22.476 38.218 8.887 8.261 1.480 10.930 
110623022838 0.770 22.503 38.214 8.890 8.260 1.161 10.927 
110623024338 0.795 22.532 38.220 8.883 8.260 1.199 10.879 
110623025838 0.760 22.546 38.223 8.882 8.260 1.237 10.918 
110623031338 0.761 22.550 38.225 8.882 8.260 0.972 10.929 
110623032838 0.799 22.794 38.234 8.822 8.259 0.957 10.931 
110623034338 0.774 22.917 38.230 8.786 8.258 1.465 10.893 
110623035838 0.790 22.968 38.233 8.772 8.256 1.177 10.925 
110623041338 0.769 23.025 38.230 8.754 8.255 1.177 10.931 
110623042838 0.761 23.007 38.230 8.745 8.254 1.647 10.929 
110623044338 0.783 22.984 38.231 8.745 8.255 1.374 10.887 
110623045838 0.788 22.964 38.231 8.741 8.255 1.169 10.921 
110623051338 0.777 22.951 38.228 8.742 8.255 1.473 10.931 
110623052838 0.795 22.919 38.225 8.746 8.255 1.291 10.933 
110623054338 0.791 22.866 38.230 8.755 8.255 1.268 10.897 
110623055838 0.786 22.781 38.221 8.769 8.256 1.116 10.927 
110623061338 0.769 22.718 38.177 8.780 8.257 1.291 10.928 
110623062838 0.799 22.718 38.180 8.778 8.258 1.533 10.932 
110623064338 0.789 22.715 38.187 8.777 8.258 1.230 10.897 
110623065838 0.788 22.721 38.192 8.775 8.258 1.093 10.927 
110623071338 0.762 22.727 38.192 8.772 8.258 1.199 10.927 
110623072838 0.788 22.734 38.203 8.772 8.258 1.275 10.931 
110623074338 0.778 22.734 38.200 8.777 8.258 1.146 10.881 
110623075838 0.773 22.738 38.197 8.780 8.258 1.670 10.923 
110623081338 0.781 22.744 38.199 8.783 8.258 1.473 10.930 
110623082838 0.782 22.730 38.194 8.792 8.259 1.716 10.931 
110623084338 0.795 22.732 38.196 8.804 8.259 0.979 10.892 
110623085838 0.772 22.742 38.197 8.807 8.258 1.116 10.925 
110623091338 0.751 22.811 38.199 8.794 8.259 0.979 10.931 
110623092838 0.779 22.856 38.183 8.788 8.260 1.374 10.932 
110623094338 0.744 22.884 38.180 8.785 8.260 0.759 10.894 
110623095838 0.777 22.901 38.182 8.786 8.259 0.645 10.926 
110623101338 0.799 22.942 38.182 8.784 8.258 1.070 10.931 
110623102838 0.753 22.951 38.182 8.795 8.258 0.418 10.929 
110623104338 0.787 22.968 38.174 8.794 8.257 0.698 10.881 
110623105838 0.785 23.080 38.199 8.780 8.256 0.402 10.920 
110623111338 0.770 23.013 38.189 8.795 8.256 0.577 10.931 
110623112838 0.809 23.030 38.173 8.800 8.255 0.714 10.931 
110623114338 0.767 23.070 38.175 8.792 8.255 0.486 10.899 
110623115838 0.796 23.070 38.186 8.785 8.254 0.645 10.924 
110623121338 0.791 23.365 38.224 8.720 8.253 0.660 10.933 
110623122838 0.774 23.363 38.253 8.728 8.252 0.524 10.934 
110623124338 0.789 23.451 38.291 8.704 8.250 0.759 10.899 
110623125838 0.795 23.607 38.187 8.670 8.250 0.448 10.930 
