SAMBAT Sea Ti  C/T/D/Odo/Fluo/pH GPS : 50195 
V:0,Pression (0/50),dba
V:1,Température (-5/35),°C
V:2,Salinité (2/42),g/l
V:3,Oxygène (0/20),mgl
V:4,PH (0/14),pH
V:5,Fluorescence (0/500),ppb
V:6,Tension batterie,V
070423102331 0.846 14.724 38.041 10.618 8.242 0.547 10.723 
070423103830 0.846 14.774 38.058 10.599 8.243 1.070 10.777 
070423105330 0.865 14.783 38.184 10.600 8.243 0.941 10.820 
070423110830 0.858 14.787 38.187 10.598 8.243 1.351 10.838 
070423112330 0.820 14.775 38.202 10.599 8.243 0.638 10.847 
070423113830 0.764 14.804 38.189 10.598 8.243 0.660 10.801 
070423115330 0.859 14.807 38.193 10.600 8.242 0.987 10.835 
070423120830 0.856 14.806 38.184 10.603 8.241 0.767 10.846 
070423122330 0.811 14.834 38.199 10.600 8.241 0.615 10.852 
070423123830 0.797 14.834 38.186 10.603 8.240 0.957 10.802 
070423125330 0.783 14.831 38.194 10.609 8.240 0.919 10.836 
070423130830 0.875 14.835 38.183 10.613 8.239 1.556 10.848 
070423132330 0.834 14.852 38.182 10.612 8.238 1.093 10.853 
070423133830 0.832 14.865 38.189 10.611 8.238 0.645 10.802 
070423135330 0.821 14.863 38.188 10.615 8.238 0.979 10.837 
070423140830 0.852 14.912 38.184 10.603 8.237 1.048 10.849 
070423142330 0.868 14.916 38.188 10.609 8.237 1.359 10.854 
070423143830 0.838 14.957 38.189 10.605 8.237 0.129 10.797 
070423145330 0.814 14.996 38.201 10.590 8.236 0.273 10.835 
070423150830 0.822 15.020 38.184 10.588 8.236 0.896 10.848 
070423152330 0.820 15.038 38.178 10.588 8.236 1.055 10.854 
070423153830 0.812 15.053 38.173 10.591 8.236 0.888 10.797 
070423155330 0.824 15.006 38.180 10.600 8.236 0.941 10.835 
070423160830 0.742 15.116 38.180 10.573 8.236 0.714 10.849 
070423162330 0.841 15.106 38.197 10.575 8.236 1.268 10.854 
070423163830 0.830 15.090 38.191 10.584 8.237 1.139 10.804 
070423165330 0.787 15.063 38.184 10.603 8.238 1.571 10.839 
070423170830 0.819 15.044 38.181 10.614 8.238 1.670 10.851 
070423172330 0.782 15.052 38.187 10.613 8.240 2.308 10.855 
070423173830 0.828 15.023 38.176 10.624 8.241 3.097 10.805 
070423175330 0.829 14.982 38.178 10.638 8.242 3.697 10.839 
070423180830 0.761 14.939 38.188 10.660 8.243 3.507 10.851 
070423182330 0.768 14.910 38.176 10.672 8.243 3.765 10.855 
070423183830 0.790 14.889 38.164 10.680 8.244 4.555 10.797 
070423185330 0.858 14.870 38.165 10.690 8.243 4.494 10.835 
070423190830 0.786 14.839 38.167 10.705 8.244 3.560 10.848 
070423192330 0.827 14.809 38.178 10.717 8.244 3.705 10.853 
070423193830 0.808 14.808 38.182 10.720 8.245 3.613 10.803 
070423195330 0.862 14.804 38.182 10.725 8.246 3.393 10.837 
070423200830 0.860 14.792 38.190 10.730 8.245 3.887 10.849 
070423202330 0.803 14.780 38.177 10.738 8.245 3.196 10.853 
070423203830 0.898 14.772 38.177 10.741 8.245 3.689 10.796 
070423205330 0.647 14.755 38.181 10.753 8.245 3.659 10.834 
070423210830 0.907 14.745 38.185 10.757 8.245 3.371 10.847 
070423212330 0.800 14.742 38.190 10.760 8.245 3.780 10.852 
070423213830 0.793 14.730 38.185 10.763 8.245 3.424 10.795 
070423215330 0.802 14.720 38.180 10.766 8.245 3.241 10.833 
070423220830 0.836 14.721 38.186 10.767 8.246 3.636 10.846 
070423222330 0.896 14.701 38.187 10.773 8.246 3.613 10.852 
070423223830 0.810 14.696 38.182 10.773 8.246 3.264 10.802 
070423225330 0.824 14.674 38.186 10.776 8.245 3.363 10.836 
070423230830 0.819 14.659 38.184 10.778 8.246 4.008 10.847 
070423232330 0.804 14.637 38.183 10.787 8.246 3.985 10.852 
070423233830 0.790 14.636 38.178 10.786 8.246 3.849 10.794 
070423235330 0.832 14.596 38.162 10.792 8.247 3.872 10.832 
080423000830 0.844 14.566 38.175 10.796 8.247 3.963 10.845 
080423002330 0.855 14.571 38.179 10.789 8.248 3.841 10.851 
080423003830 0.808 14.558 38.180 10.789 8.247 4.388 10.794 
080423005330 0.834 14.565 38.185 10.780 8.248 3.841 10.831 
080423010830 0.833 14.559 38.186 10.778 8.248 4.388 10.845 
080423012330 0.821 14.566 38.180 10.771 8.249 3.560 10.850 
080423013830 0.808 14.560 38.180 10.770 8.250 3.439 10.793 
080423015330 0.789 14.567 38.185 10.766 8.252 3.841 10.831 
080423020830 0.804 14.557 38.187 10.765 8.254 3.644 10.844 
080423022330 0.781 14.486 38.170 10.790 8.254 3.925 10.849 
080423023830 0.664 14.513 38.180 10.778 8.253 3.925 10.793 
080423025330 0.708 14.512 38.175 10.773 8.251 3.917 10.831 
080423030830 0.797 14.534 38.176 10.764 8.250 3.940 10.844 
080423032330 0.466 14.546 38.175 10.753 8.250 3.522 10.850 
080423033830 0.849 14.556 38.180 10.747 8.250 3.477 10.784 
080423035330 0.759 14.571 38.189 10.737 8.250 3.416 10.827 
080423040830 0.844 14.599 38.182 10.730 8.250 3.659 10.842 
080423042330 0.828 14.618 38.183 10.723 8.249 4.031 10.849 
080423043830 0.898 14.626 38.180 10.717 8.249 3.720 10.799 
080423045330 0.816 14.637 38.180 10.711 8.248 3.355 10.833 
080423050830 0.829 14.654 38.181 10.697 8.248 3.780 10.846 
080423052330 0.858 14.659 38.175 10.692 8.248 3.735 10.851 
080423053830 0.751 14.677 38.179 10.684 8.246 3.803 10.800 
080423055330 0.852 14.678 38.185 10.680 8.247 3.796 10.835 
080423060830 0.860 14.666 38.191 10.679 8.246 3.887 10.846 
080423062330 0.897 14.674 38.185 10.674 8.246 3.849 10.851 
080423063830 0.840 14.663 38.185 10.672 8.246 3.317 10.786 
080423065330 0.735 14.658 38.182 10.671 8.247 3.879 10.828 
080423070830 0.809 14.651 38.183 10.675 8.247 3.446 10.843 
080423072330 0.835 14.637 38.185 10.678 8.247 3.325 10.850 
080423073830 0.823 14.638 38.184 10.675 8.247 2.391 10.801 
080423075330 0.798 14.638 38.177 10.672 8.247 3.128 10.835 
080423080830 0.873 14.641 38.180 10.665 8.248 3.409 10.846 
080423082330 0.806 14.621 38.191 10.665 8.248 2.923 10.851 
080423083830 0.793 14.625 38.185 10.659 8.248 2.277 10.800 
080423085330 0.866 14.626 38.185 10.657 8.247 2.695 10.835 
080423090830 0.763 14.623 38.183 10.654 8.247 3.090 10.846 
080423092330 0.858 14.630 38.181 10.649 8.246 1.594 10.851 
080423093830 0.818 14.618 38.181 10.649 8.246 1.738 10.786 
080423095330 0.849 14.618 38.184 10.647 8.246 1.830 10.828 
080423100830 0.739 14.615 38.185 10.644 8.246 2.262 10.843 
080423102330 0.834 14.610 38.184 10.642 8.246 2.072 10.850 
