SAMBAT Sea Ti  C/T/D/Odo/Fluo/pH GPS : 50195 
V:0,Pression (0/50),dba
V:1,Température (-5/35),°C
V:2,Salinité (2/42),g/l
V:3,Oxygène (0/20),mgl
V:4,PH (0/14),pH
V:5,Fluorescence (0/500),ppb
V:6,Tension batterie,V
161223121536 1.099 16.120 38.500 9.223 8.246 1.890 10.743 
161223123035 1.063 16.134 38.502 9.218 8.248 1.602 10.818 
161223124535 1.096 16.142 38.504 9.216 8.248 1.382 10.847 
161223130035 1.091 16.141 38.502 9.218 8.247 1.928 10.860 
161223131535 1.104 16.142 38.506 9.220 8.247 1.237 10.852 
161223133035 1.069 16.138 38.504 9.220 8.247 1.351 10.846 
161223134535 1.145 16.140 38.506 9.221 8.247 1.366 10.860 
161223140035 1.147 16.146 38.501 9.220 8.248 1.283 10.866 
161223141535 1.063 16.144 38.501 9.221 8.247 1.685 10.840 
161223143035 1.100 16.140 38.500 9.223 8.247 1.647 10.844 
161223144535 1.101 16.138 38.500 9.225 8.248 2.027 10.860 
161223150035 1.121 16.145 38.498 9.224 8.248 2.133 10.866 
161223151535 1.095 16.139 38.502 9.227 8.247 2.444 10.855 
161223153035 1.142 16.128 38.502 9.229 8.248 2.498 10.847 
161223154535 1.112 16.131 38.497 9.230 8.248 2.672 10.862 
161223160035 1.083 16.134 38.499 9.232 8.247 3.173 10.868 
161223161535 1.103 16.125 38.501 9.232 8.248 3.955 10.841 
161223163035 1.116 16.123 38.490 9.237 8.248 3.735 10.844 
161223164535 1.086 16.117 38.503 9.237 8.248 4.638 10.860 
161223170035 1.096 16.121 38.497 9.237 8.248 4.532 10.867 
161223171535 1.090 16.112 38.495 9.241 8.247 3.993 10.856 
161223173035 1.082 16.088 38.496 9.243 8.248 4.411 10.847 
161223174535 1.134 16.119 38.488 9.240 8.248 3.803 10.862 
161223180035 1.119 16.092 38.484 9.245 8.248 5.686 10.868 
161223181535 1.142 16.117 38.484 9.239 8.247 4.699 10.855 
161223183035 1.136 16.099 38.486 9.240 8.248 4.190 10.848 
161223184535 1.131 16.104 38.488 9.241 8.248 3.636 10.862 
161223190035 1.084 16.103 38.483 9.242 8.247 4.039 10.868 
161223191535 1.113 16.093 38.476 9.241 8.249 4.092 10.841 
161223193035 1.139 16.082 38.481 9.242 8.248 4.411 10.844 
161223194535 1.125 16.092 38.490 9.238 8.247 4.714 10.860 
161223200035 1.105 16.077 38.476 9.241 8.248 4.547 10.867 
161223201535 1.177 16.089 38.477 9.237 8.247 3.522 10.855 
161223203035 1.126 16.063 38.475 9.244 8.248 4.608 10.848 
161223204535 1.150 16.082 38.478 9.234 8.249 4.319 10.862 
161223210035 1.135 16.083 38.476 9.233 8.248 3.295 10.867 
161223211535 1.141 16.075 38.478 9.233 8.246 3.925 10.856 
161223213035 1.125 16.060 38.472 9.241 8.247 4.198 10.848 
161223214535 1.130 16.070 38.478 9.231 8.248 3.978 10.862 
161223220035 1.137 16.065 38.478 9.234 8.248 3.727 10.868 
161223221535 1.081 16.061 38.470 9.237 8.247 3.348 10.840 
161223223035 1.085 16.052 38.479 9.236 8.248 3.780 10.844 
161223224535 1.096 16.045 38.471 9.240 8.247 4.031 10.860 
161223230035 1.112 16.018 38.481 9.242 8.248 4.107 10.866 
161223231535 1.106 16.040 38.483 9.235 8.248 3.712 10.855 
161223233035 1.102 16.038 38.477 9.235 8.246 4.152 10.847 
161223234535 1.116 16.043 38.479 9.230 8.247 3.902 10.861 
171223000035 1.119 16.032 38.486 9.231 8.246 3.591 10.867 
171223001535 1.128 16.032 38.478 9.229 8.246 3.591 10.855 
171223003035 1.134 16.014 38.483 9.233 8.247 3.902 10.847 
171223004535 1.108 16.022 38.471 9.232 8.247 4.312 10.861 
171223010035 1.119 16.022 38.482 9.228 8.247 3.469 10.867 
171223011535 1.128 16.021 38.476 9.230 8.248 3.090 10.841 
171223013035 1.115 16.017 38.481 9.227 8.247 4.289 10.843 
171223014535 1.098 16.028 38.477 9.227 8.248 4.206 10.859 
171223020035 1.094 16.023 38.477 9.226 8.248 4.084 10.866 
171223021535 1.076 15.990 38.485 9.232 8.248 3.864 10.855 
171223023035 1.125 16.017 38.479 9.228 8.248 3.492 10.846 
171223024535 1.130 15.970 38.471 9.235 8.248 3.644 10.861 
171223030035 1.112 15.990 38.479 9.230 8.248 2.961 10.866 
171223031535 1.155 15.999 38.475 9.228 8.249 3.849 10.854 
171223033035 1.058 15.977 38.469 9.232 8.248 3.295 10.846 
171223034535 1.147 15.999 38.478 9.228 8.249 3.257 10.861 
171223040035 1.101 15.976 38.471 9.231 8.249 3.872 10.866 
171223041535 1.125 15.974 38.472 9.229 8.248 3.302 10.840 
171223043035 1.142 15.988 38.474 9.227 8.249 3.135 10.842 
171223044535 1.075 15.973 38.477 9.227 8.248 3.796 10.859 
171223050035 1.061 15.967 38.474 9.228 8.248 3.507 10.865 
171223051535 1.141 15.966 38.483 9.227 8.248 4.016 10.853 
171223053035 1.090 15.973 38.477 9.224 8.249 4.046 10.846 
171223054535 1.082 15.953 38.480 9.228 8.249 3.386 10.860 
171223060035 1.134 15.958 38.482 9.227 8.248 3.644 10.866 
171223061535 1.137 15.979 38.477 9.223 8.248 3.773 10.853 
171223063035 1.100 15.971 38.482 9.223 8.249 3.978 10.846 
171223064535 1.193 15.969 38.479 9.222 8.250 3.393 10.860 
171223070035 1.130 15.950 38.482 9.223 8.248 3.644 10.866 
171223071535 1.133 15.958 38.476 9.222 8.249 3.629 10.840 
171223073035 1.117 15.955 38.479 9.221 8.248 3.644 10.842 
171223074535 1.175 15.937 38.479 9.227 8.248 4.319 10.858 
171223080035 1.125 15.938 38.479 9.225 8.250 4.274 10.865 
171223081535 1.136 15.945 38.484 9.218 8.250 3.302 10.853 
171223083035 1.163 15.947 38.479 9.218 8.249 3.591 10.845 
171223084535 1.155 15.935 38.476 9.225 8.248 3.636 10.860 
171223090035 1.160 15.930 38.482 9.225 8.248 2.832 10.865 
171223091535 1.144 15.933 38.478 9.224 8.249 2.308 10.853 
171223093035 1.175 15.933 38.478 9.224 8.249 1.936 10.845 
171223094535 1.131 15.924 38.485 9.225 8.248 1.890 10.860 
171223100035 1.175 15.934 38.474 9.222 8.249 1.685 10.865 
171223101535 1.202 15.927 38.479 9.223 8.249 1.814 10.853 
171223103035 1.086 15.929 38.483 9.223 8.248 2.095 10.845 
171223104535 1.154 15.926 38.480 9.224 8.248 1.769 10.860 
171223110035 1.110 15.925 38.484 9.225 8.247 1.594 10.865 
171223111535 1.184 15.938 38.479 9.221 8.248 1.260 10.839 
171223113035 1.141 15.943 38.477 9.221 8.248 1.010 10.842 
171223114535 1.127 15.926 38.482 9.226 8.248 1.556 10.857 
171223120035 1.146 15.931 38.482 9.225 8.248 1.723 10.864 
171223121535 1.183 15.927 38.480 9.228 8.248 1.389 10.853 
