SAMBAT Sea Ti  C/T/D/Odo/Fluo/pH GPS : 50195 
V:0,Pression (0/50),dba
V:1,Température (-5/35),°C
V:2,Salinité (2/42),g/l
V:3,Oxygène (0/20),mgl
V:4,PH (0/14),pH
V:5,Fluorescence (0/500),ppb
V:6,Tension batterie,V
050623124631 0.817 21.266 38.187 9.362 8.267 0.554 10.794 
050623130130 0.824 21.324 38.201 9.343 8.267 0.789 10.891 
050623131630 0.812 21.361 38.198 9.334 8.266 0.326 10.914 
050623133130 0.819 21.244 38.188 9.365 8.265 0.592 10.921 
050623134630 0.810 21.176 38.185 9.397 8.265 0.410 10.899 
050623140130 0.831 21.426 38.206 9.326 8.265 0.493 10.919 
050623141630 0.793 21.455 38.178 9.340 8.266 0.577 10.924 
050623143130 0.823 21.690 38.205 9.262 8.265 0.372 10.926 
050623144630 0.803 21.529 38.135 9.307 8.263 0.691 10.885 
050623150130 0.807 21.455 38.177 9.334 8.264 0.493 10.917 
050623151630 0.801 21.662 38.183 9.290 8.263 0.630 10.924 
050623153130 0.799 21.841 38.217 9.216 8.262 0.744 10.926 
050623154630 0.795 22.198 38.194 9.147 8.259 0.622 10.903 
050623160130 0.799 22.073 38.212 9.200 8.260 0.941 10.923 
050623161630 0.831 21.731 38.218 9.247 8.261 1.169 10.927 
050623163130 0.780 21.903 38.211 9.196 8.260 0.744 10.928 
050623164630 0.798 21.849 38.199 9.212 8.260 0.789 10.902 
050623170130 0.793 21.720 38.202 9.244 8.260 1.078 10.923 
050623171630 0.780 21.779 38.212 9.226 8.260 0.987 10.927 
050623173130 0.791 21.873 38.207 9.201 8.260 0.919 10.928 
050623174630 0.802 21.944 38.214 9.182 8.260 1.245 10.893 
050623180130 0.809 21.944 38.194 9.187 8.260 1.435 10.921 
050623181630 0.790 21.954 38.221 9.177 8.259 0.934 10.926 
050623183130 0.815 22.036 38.225 9.155 8.259 1.055 10.928 
050623184630 0.817 22.043 38.215 9.151 8.259 0.759 10.905 
050623190130 0.805 21.981 38.198 9.161 8.259 0.911 10.924 
050623191630 0.816 22.103 38.200 9.131 8.258 1.146 10.928 
050623193130 0.807 22.153 38.200 9.115 8.258 1.328 10.929 
050623194630 0.815 22.123 38.174 9.119 8.257 1.488 10.903 
050623200130 0.830 22.123 38.209 9.111 8.257 1.313 10.924 
050623201630 0.807 22.116 38.204 9.110 8.257 1.640 10.928 
050623203130 0.828 22.124 38.192 9.104 8.257 1.306 10.929 
050623204630 0.809 21.737 38.152 9.203 8.258 1.260 10.895 
050623210130 0.821 22.096 38.209 9.100 8.258 1.253 10.922 
050623211630 0.815 21.969 38.173 9.131 8.258 0.827 10.927 
050623213130 0.834 21.819 38.149 9.165 8.258 2.042 10.929 
050623214630 0.812 21.731 38.202 9.195 8.260 1.040 10.901 
050623220130 0.817 21.791 38.208 9.184 8.260 1.215 10.923 
050623221630 0.818 21.495 38.210 9.235 8.260 1.328 10.927 
050623223130 0.831 21.268 38.220 9.239 8.260 1.313 10.928 
050623224630 0.830 21.572 38.210 9.227 8.264 1.093 10.900 
050623230130 0.832 21.541 38.209 9.226 8.263 1.951 10.921 
050623231630 0.823 21.508 38.205 9.232 8.263 1.032 10.925 
050623233130 0.830 21.559 38.211 9.211 8.264 1.298 10.926 
050623234630 0.841 21.612 38.214 9.198 8.265 1.207 10.888 
060623000130 0.811 21.618 38.210 9.199 8.264 1.336 10.918 
060623001630 0.835 21.481 38.203 9.231 8.264 1.533 10.924 
060623003130 0.846 21.380 38.203 9.254 8.265 1.389 10.925 
060623004630 0.829 21.335 38.200 9.269 8.266 0.979 10.897 
060623010130 0.833 21.260 38.198 9.282 8.266 1.275 10.919 
060623011630 0.837 21.187 38.200 9.299 8.267 1.253 10.923 
060623013130 0.824 21.098 38.200 9.319 8.267 1.124 10.924 
060623014630 0.830 21.012 38.190 9.341 8.270 1.495 10.896 
060623020130 0.820 20.949 38.182 9.358 8.273 1.313 10.917 
060623021630 0.825 20.870 38.171 9.375 8.277 1.435 10.922 
060623023130 0.828 20.811 38.162 9.377 8.276 1.366 10.923 
060623024630 0.828 20.811 38.167 9.379 8.277 1.579 10.882 
060623030130 0.809 20.800 38.167 9.380 8.277 1.541 10.913 
060623031630 0.844 20.772 38.167 9.380 8.277 1.533 10.919 
060623033130 0.824 20.750 38.161 9.383 8.279 1.359 10.920 
060623034630 0.827 20.721 38.159 9.384 8.280 1.268 10.892 
060623040130 0.825 20.693 38.160 9.385 8.282 1.245 10.914 
060623041630 0.832 20.652 38.152 9.388 8.284 1.617 10.918 
060623043130 0.825 20.608 38.148 9.391 8.286 1.298 10.920 
060623044630 0.828 20.559 38.147 9.395 8.287 1.397 10.890 
060623050130 0.827 20.529 38.162 9.397 8.288 1.579 10.913 
060623051630 0.833 20.756 38.210 9.396 8.291 1.731 10.918 
060623053130 0.829 20.861 38.194 9.399 8.291 1.754 10.919 
060623054630 0.838 20.887 38.195 9.404 8.289 1.404 10.879 
060623060130 0.834 20.869 38.186 9.409 8.289 1.837 10.910 
060623061630 0.848 20.842 38.186 9.414 8.290 1.761 10.917 
060623063130 0.832 20.827 38.184 9.419 8.293 1.830 10.919 
060623064630 0.836 20.820 38.172 9.431 8.303 1.298 10.891 
060623070130 0.834 20.806 38.172 9.443 8.302 0.797 10.913 
060623071630 0.839 20.796 38.175 9.457 8.303 1.366 10.918 
060623073130 0.845 20.782 38.171 9.471 8.302 0.941 10.920 
060623074630 0.829 20.784 38.171 9.487 8.302 0.858 10.891 
060623080130 0.845 20.786 38.173 9.499 8.301 0.797 10.913 
060623081630 0.828 20.796 38.173 9.512 8.301 1.131 10.918 
060623083130 0.841 20.794 38.172 9.525 8.301 0.691 10.920 
060623084630 0.835 20.789 38.175 9.538 8.301 0.881 10.880 
060623090130 0.844 20.840 38.173 9.551 8.301 0.615 10.910 
060623091630 0.831 20.864 38.169 9.565 8.300 0.076 10.917 
060623093130 0.836 20.834 38.168 9.580 8.299 0.919 10.920 
060623094630 0.831 20.851 38.170 9.593 8.299 0.486 10.891 
060623100130 0.820 21.211 38.216 9.509 8.298 1.093 10.913 
060623101630 0.788 20.702 38.156 9.612 8.284 0.660 10.920 
060623103130 0.838 20.877 38.201 9.618 8.292 0.478 10.922 
060623104630 0.825 20.706 38.164 9.639 8.294 0.554 10.892 
060623110130 0.818 21.037 38.160 9.618 8.294 0.342 10.914 
060623111630 0.863 21.092 38.182 9.615 8.294 0.471 10.919 
060623113130 0.816 21.141 38.186 9.614 8.292 0.744 10.920 
060623114630 0.768 21.060 38.184 9.650 8.291 0.676 10.881 
060623120130 0.866 21.052 38.201 9.653 8.291 0.941 10.912 
060623121630 0.884 21.382 38.191 9.583 8.291 0.418 10.918 
060623123130 0.825 21.513 38.184 9.566 8.290 1.169 10.920 
060623124630 0.815 21.624 38.198 9.544 8.288 0.683 10.892 
