SAMBAT Sea Ti  C/T/D/Odo/Fluo/pH GPS : 50195 
V:0,Pression (0/50),dba
V:1,Température (-5/35),°C
V:2,Salinité (2/42),g/l
V:3,Oxygène (0/20),mgl
V:4,PH (0/14),pH
V:5,Fluorescence (0/500),ppb
V:6,Tension batterie,V
011223112029 0.716 16.777 38.504 9.189 8.243 1.533 10.757 
011223113528 0.776 16.773 38.494 9.191 8.244 1.412 10.833 
011223115028 0.797 16.801 38.514 9.181 8.243 1.822 10.865 
011223120528 0.747 16.803 38.505 9.184 8.244 1.389 10.860 
011223122028 0.762 16.849 38.500 9.180 8.244 1.245 10.838 
011223123528 0.768 16.831 38.506 9.180 8.244 2.065 10.870 
011223125028 0.699 16.853 38.504 9.181 8.243 1.981 10.881 
011223130528 0.728 16.859 38.509 9.183 8.243 1.754 10.845 
011223132028 0.773 16.866 38.503 9.185 8.243 1.131 10.837 
011223133528 0.662 16.874 38.507 9.186 8.243 1.291 10.870 
011223135028 0.780 16.843 38.511 9.188 8.243 1.867 10.881 
011223140528 0.743 16.865 38.506 9.189 8.243 1.655 10.866 
011223142028 0.712 16.836 38.505 9.192 8.243 1.579 10.842 
011223143528 0.770 16.852 38.505 9.193 8.243 3.841 10.873 
011223145028 0.679 16.849 38.505 9.194 8.243 1.974 10.883 
011223150528 0.703 16.860 38.506 9.195 8.243 1.981 10.842 
011223152028 0.645 16.852 38.507 9.199 8.243 2.262 10.835 
011223153528 0.760 16.843 38.504 9.202 8.244 3.484 10.870 
011223155028 0.724 16.832 38.504 9.202 8.244 3.310 10.881 
011223160528 0.736 16.834 38.505 9.203 8.244 3.765 10.865 
011223162028 0.741 16.840 38.505 9.204 8.243 3.234 10.841 
011223163528 0.724 16.823 38.502 9.206 8.243 3.576 10.872 
011223165028 0.677 16.812 38.506 9.208 8.243 3.978 10.882 
011223170528 0.716 16.820 38.502 9.209 8.244 2.976 10.866 
011223172028 0.731 16.830 38.504 9.211 8.243 3.409 10.838 
011223173528 0.716 16.812 38.503 9.215 8.243 3.697 10.871 
011223175028 0.791 16.805 38.507 9.215 8.243 3.393 10.881 
011223180528 0.731 16.766 38.507 9.230 8.243 3.112 10.838 
011223182028 0.722 16.732 38.508 9.235 8.244 3.409 10.836 
011223183528 0.756 16.749 38.508 9.232 8.244 3.439 10.868 
011223185028 0.697 16.736 38.497 9.233 8.243 3.401 10.879 
011223190528 0.693 16.734 38.486 9.235 8.243 3.689 10.864 
011223192028 0.696 16.717 38.472 9.237 8.243 3.219 10.838 
011223193528 0.640 16.719 38.471 9.238 8.244 3.872 10.870 
011223195028 0.725 16.693 38.454 9.246 8.244 3.234 10.879 
011223200528 0.681 16.695 38.464 9.246 8.245 2.809 10.858 
011223202028 0.724 16.688 38.468 9.249 8.245 3.454 10.838 
011223203528 0.647 16.679 38.510 9.253 8.245 3.386 10.869 
011223205028 0.728 16.644 38.462 9.259 8.245 3.340 10.879 
011223210528 0.766 16.730 38.508 9.230 8.244 3.720 10.839 
011223212028 0.752 16.706 38.496 9.237 8.244 3.295 10.833 
011223213528 0.722 16.723 38.509 9.227 8.243 3.393 10.866 
011223215028 0.717 16.737 38.506 9.223 8.243 3.500 10.877 
011223220528 0.785 16.736 38.507 9.221 8.243 3.629 10.863 
011223222028 0.808 16.737 38.507 9.216 8.243 3.196 10.836 
011223223528 0.740 16.724 38.505 9.219 8.243 4.114 10.868 
011223225028 0.755 16.727 38.508 9.217 8.243 4.479 10.878 
011223230528 0.656 16.718 38.502 9.217 8.243 3.849 10.859 
011223232028 0.783 16.726 38.504 9.216 8.243 3.591 10.837 
011223233528 0.653 16.710 38.509 9.219 8.243 4.016 10.868 
011223235028 0.785 16.716 38.504 9.217 8.243 3.864 10.878 
021223000528 0.723 16.719 38.506 9.213 8.243 3.743 10.858 
021223002028 0.728 16.728 38.504 9.207 8.243 3.970 10.835 
021223003528 0.713 16.718 38.501 9.208 8.243 4.008 10.867 
021223005028 0.751 16.714 38.504 9.206 8.243 4.775 10.877 
021223010528 0.771 16.723 38.504 9.201 8.243 3.993 10.838 
021223012028 0.761 16.721 38.508 9.200 8.243 4.251 10.832 
021223013528 0.683 16.699 38.507 9.208 8.243 3.659 10.865 
021223015028 0.658 16.711 38.503 9.200 8.243 3.621 10.876 
021223020528 0.786 16.711 38.500 9.200 8.243 3.568 10.862 
021223022028 0.600 16.718 38.499 9.198 8.243 3.788 10.836 
021223023528 0.691 16.716 38.503 9.196 8.243 3.796 10.867 
021223025028 0.771 16.717 38.501 9.196 8.243 4.228 10.876 
021223030528 0.797 16.713 38.500 9.196 8.243 4.464 10.860 
021223032028 0.661 16.713 38.505 9.196 8.243 4.016 10.836 
021223033528 0.736 16.705 38.505 9.195 8.243 3.697 10.866 
021223035028 0.686 16.701 38.499 9.197 8.243 3.302 10.876 
021223040528 0.764 16.696 38.504 9.200 8.243 3.492 10.836 
021223042028 0.674 16.687 38.504 9.199 8.243 3.477 10.830 
021223043528 0.721 16.679 38.508 9.201 8.243 3.363 10.863 
021223045028 0.749 16.675 38.510 9.198 8.242 3.363 10.874 
021223050528 0.769 16.666 38.508 9.199 8.241 2.665 10.860 
021223052028 0.778 16.660 38.507 9.198 8.242 3.872 10.834 
021223053528 0.812 16.668 38.504 9.193 8.243 3.310 10.865 
021223055028 0.763 16.693 38.502 9.186 8.243 2.907 10.874 
021223060528 0.613 16.698 38.504 9.183 8.243 3.302 10.855 
021223062028 0.811 16.697 38.498 9.185 8.243 3.287 10.833 
021223063528 0.615 16.693 38.500 9.182 8.243 3.462 10.864 
021223065028 0.693 16.710 38.505 9.173 8.243 3.196 10.874 
021223070528 0.851 16.697 38.504 9.175 8.243 3.576 10.833 
021223072028 0.770 16.702 38.499 9.171 8.243 4.699 10.829 
021223073528 0.692 16.705 38.492 9.176 8.243 3.917 10.862 
021223075028 0.824 16.707 38.501 9.169 8.243 2.991 10.873 
021223080528 0.702 16.695 38.503 9.171 8.243 2.862 10.856 
021223082028 0.877 16.695 38.497 9.175 8.243 2.703 10.831 
021223083528 0.843 16.683 38.497 9.175 8.243 2.923 10.863 
021223085028 0.704 16.668 38.492 9.179 8.242 1.981 10.873 
021223090528 0.841 16.679 38.495 9.173 8.241 2.429 10.834 
021223092028 0.667 16.662 38.490 9.175 8.241 1.989 10.825 
021223093528 0.851 16.662 38.481 9.175 8.241 1.488 10.860 
021223095028 0.726 16.661 38.489 9.173 8.241 1.875 10.871 
021223100528 0.629 16.658 38.464 9.173 8.241 1.738 10.851 
021223102028 0.735 16.665 38.477 9.168 8.241 1.830 10.829 
021223103528 0.794 16.667 38.477 9.169 8.241 1.587 10.862 
021223105028 0.840 16.670 38.482 9.169 8.241 1.336 10.872 
021223110528 0.667 16.668 38.485 9.169 8.241 1.450 10.833 
021223112028 1.044 16.666 38.489 9.169 8.240 1.731 10.827 
