SAMBAT Sea Ti  C/T/D/Odo/Fluo/pH GPS : 50195 
V:0,Pression (0/50),dba
V:1,Température (-5/35),°C
V:2,Salinité (2/42),g/l
V:3,Oxygène (0/20),mgl
V:4,PH (0/14),pH
V:5,Fluorescence (0/500),ppb
V:6,Tension batterie,V
271123111030 0.839 16.398 38.524 8.992 8.254 1.693 10.797 
271123112529 0.915 16.362 38.537 9.004 8.251 1.617 10.868 
271123114029 0.890 16.381 38.536 9.001 8.251 1.359 10.902 
271123115529 0.878 16.409 38.532 8.993 8.251 1.435 10.913 
271123121029 0.847 16.422 38.535 8.992 8.252 2.156 10.906 
271123122529 0.872 16.422 38.532 8.995 8.252 2.088 10.891 
271123124029 0.859 16.412 38.536 9.000 8.253 2.839 10.911 
271123125529 0.832 16.423 38.538 9.002 8.253 2.164 10.917 
271123131029 0.880 16.404 38.538 9.010 8.252 2.027 10.907 
271123132529 0.890 16.397 38.536 9.015 8.253 3.014 10.892 
271123134029 0.842 16.405 38.544 9.016 8.254 3.226 10.911 
271123135529 0.869 16.384 38.534 9.026 8.252 3.287 10.917 
271123141029 0.880 16.377 38.534 9.034 8.252 4.228 10.907 
271123142529 0.830 16.396 38.548 9.029 8.253 3.530 10.892 
271123144029 0.887 16.414 38.538 9.031 8.254 3.925 10.911 
271123145529 0.843 16.417 38.536 9.034 8.256 4.585 10.917 
271123151029 0.889 16.415 38.538 9.037 8.255 5.618 10.907 
271123152529 0.781 16.410 38.537 9.040 8.255 5.018 10.890 
271123154029 0.855 16.422 38.541 9.043 8.255 5.686 10.911 
271123155529 0.876 16.421 38.535 9.046 8.255 5.299 10.916 
271123161029 0.823 16.421 38.536 9.046 8.254 5.716 10.906 
271123162529 0.813 16.407 38.534 9.050 8.253 7.174 10.891 
271123164029 0.827 16.427 38.538 9.048 8.253 5.610 10.910 
271123165529 0.817 16.422 38.536 9.048 8.254 5.496 10.916 
271123171029 0.863 16.433 38.544 9.046 8.253 5.861 10.906 
271123172529 0.848 16.436 38.537 9.050 8.253 6.134 10.890 
271123174029 0.844 16.423 38.541 9.053 8.254 6.020 10.910 
271123175529 0.785 16.503 38.551 9.031 8.260 5.542 10.916 
271123181029 0.885 16.583 38.532 9.015 8.261 5.838 10.898 
271123182529 0.829 16.586 38.534 9.015 8.261 4.714 10.888 
271123184029 0.856 16.593 38.531 9.013 8.261 6.407 10.909 
271123185529 0.801 16.582 38.537 9.019 8.261 5.466 10.916 
271123191029 0.821 16.594 38.531 9.016 8.261 5.132 10.906 
271123192529 0.859 16.586 38.530 9.022 8.261 5.921 10.890 
271123194029 0.889 16.575 38.531 9.027 8.261 5.534 10.910 
271123195529 0.803 16.563 38.533 9.031 8.262 7.197 10.916 
271123201029 0.794 16.582 38.531 9.028 8.261 5.785 10.906 
271123202529 0.817 16.573 38.527 9.034 8.261 5.701 10.890 
271123204029 0.852 16.588 38.526 9.033 8.261 5.580 10.910 
271123205529 0.790 16.590 38.527 9.034 8.261 4.707 10.915 
271123211029 0.843 16.572 38.531 9.039 8.261 5.663 10.906 
271123212529 0.919 16.571 38.523 9.044 8.260 6.081 10.889 
271123214029 0.814 16.569 38.530 9.046 8.260 5.268 10.909 
271123215529 0.788 16.550 38.533 9.051 8.260 4.836 10.915 
271123221029 0.703 16.534 38.532 9.060 8.260 5.132 10.906 
271123222529 0.736 16.520 38.536 9.064 8.260 5.230 10.888 
271123224029 0.671 16.522 38.531 9.068 8.260 4.995 10.908 
271123225529 0.721 16.510 38.531 9.073 8.259 5.208 10.914 
271123231029 0.807 16.480 38.536 9.086 8.258 5.322 10.905 
271123232529 0.818 16.518 38.532 9.079 8.259 5.861 10.888 
271123234029 0.738 16.529 38.539 9.080 8.258 5.519 10.908 
271123235529 0.811 16.518 38.534 9.085 8.258 5.921 10.914 
281123001029 0.739 16.542 38.530 9.084 8.258 6.749 10.904 
281123002529 0.703 16.545 38.536 9.082 8.258 5.997 10.888 
281123004029 0.804 16.815 38.539 9.016 8.261 4.927 10.907 
281123005529 0.815 16.840 38.534 9.014 8.260 4.023 10.914 
281123011029 0.791 16.813 38.537 9.014 8.260 3.796 10.904 
281123012529 0.769 16.784 38.531 9.026 8.260 4.319 10.889 
281123014029 0.570 16.765 38.536 9.032 8.258 4.927 10.909 
281123015529 0.915 16.741 38.537 9.039 8.258 4.471 10.914 
281123021029 0.737 16.715 38.537 9.047 8.258 5.124 10.905 
281123022529 0.890 16.712 38.539 9.049 8.259 4.623 10.889 
281123024029 0.692 16.719 38.541 9.049 8.258 4.699 10.908 
281123025529 0.638 16.683 38.542 9.061 8.258 4.836 10.914 
281123031029 0.927 16.689 38.541 9.060 8.258 4.608 10.905 
281123032529 0.777 16.676 38.541 9.066 8.259 5.155 10.888 
281123034029 0.684 16.619 38.532 9.078 8.258 4.608 10.908 
281123035529 0.463 16.631 38.541 9.075 8.258 4.866 10.913 
281123041029 0.682 16.621 38.539 9.079 8.258 4.904 10.903 
281123042529 0.747 16.625 38.538 9.077 8.258 4.957 10.888 
281123044029 0.803 16.589 38.541 9.089 8.258 5.572 10.907 
281123045529 0.646 16.581 38.539 9.093 8.258 4.540 10.913 
281123051029 0.725 16.596 38.536 9.090 8.258 5.572 10.903 
281123052529 0.804 16.600 38.531 9.093 8.258 5.443 10.886 
281123054029 0.725 16.593 38.537 9.094 8.258 5.580 10.906 
281123055529 0.657 16.591 38.532 9.096 8.258 5.192 10.912 
281123061029 0.714 16.591 38.536 9.099 8.258 4.942 10.902 
281123062529 0.686 16.578 38.533 9.104 8.257 5.094 10.886 
281123064029 0.903 16.573 38.533 9.105 8.258 5.785 10.905 
281123065529 0.697 16.562 38.535 9.110 8.258 4.820 10.911 
281123071029 0.603 16.554 38.532 9.115 8.258 4.987 10.901 
281123072529 0.848 16.564 38.534 9.116 8.258 5.337 10.886 
281123074029 0.739 16.562 38.533 9.116 8.258 5.769 10.905 
281123075529 0.855 16.558 38.532 9.117 8.258 5.284 10.911 
281123081029 0.543 16.561 38.533 9.116 8.258 5.124 10.901 
281123082529 0.732 16.556 38.534 9.118 8.258 5.397 10.885 
281123084029 0.649 16.546 38.535 9.118 8.258 5.117 10.904 
281123085529 0.662 16.550 38.535 9.119 8.258 4.745 10.910 
281123091029 0.778 16.551 38.533 9.119 8.257 4.449 10.900 
281123092529 0.739 16.546 38.530 9.121 8.258 3.780 10.884 
281123094029 0.838 16.548 38.527 9.123 8.258 3.917 10.904 
281123095529 0.870 16.543 38.533 9.124 8.258 3.818 10.910 
281123101029 0.787 16.547 38.528 9.125 8.258 2.907 10.899 
281123102529 0.844 16.556 38.529 9.124 8.258 3.188 10.884 
281123104029 0.639 16.555 38.528 9.127 8.258 3.393 10.903 
281123105529 0.740 16.535 38.533 9.133 8.257 3.021 10.909 
281123111029 0.843 16.539 38.525 9.135 8.257 3.348 10.900 
