SAMBAT Sea Ti  C/T/D/Odo/Fluo/pH GPS : 50195 
V:0,Pression (0/50),dba
V:1,Température (-5/35),°C
V:2,Salinité (2/42),g/l
V:3,Oxygène (0/20),mgl
V:4,PH (0/14),pH
V:5,Fluorescence (0/500),ppb
V:6,Tension batterie,V
180523120256 0.826 18.122 37.524 10.080 8.294 1.177 10.766 
180523121755 0.850 18.111 37.535 10.089 8.294 1.253 10.857 
180523123255 0.849 18.102 37.620 10.096 8.294 1.161 10.884 
180523124755 0.829 18.089 37.464 10.107 8.294 1.549 10.869 
180523130255 0.876 18.055 37.537 10.118 8.294 1.685 10.890 
180523131755 0.849 18.055 37.598 10.124 8.294 1.526 10.896 
180523133255 0.861 18.052 37.535 10.131 8.294 1.746 10.899 
180523134755 0.868 18.048 37.533 10.139 8.293 2.080 10.874 
180523140255 0.870 18.061 37.521 10.143 8.293 1.685 10.892 
180523141755 0.843 18.078 37.376 10.147 8.292 1.025 10.898 
180523143255 0.834 18.102 37.420 10.144 8.293 1.678 10.900 
180523144755 0.861 18.118 37.573 10.143 8.293 1.875 10.873 
180523150255 0.852 18.124 37.575 10.144 8.293 1.807 10.892 
180523151755 0.770 18.141 37.581 10.139 8.292 1.792 10.898 
180523153255 0.817 18.143 37.591 10.143 8.292 2.012 10.900 
180523154755 0.825 18.150 37.568 10.145 8.292 2.110 10.875 
180523160255 0.832 18.179 37.594 10.143 8.293 1.928 10.893 
180523161755 0.873 18.183 37.567 10.146 8.293 1.959 10.899 
180523163255 0.837 18.181 37.541 10.151 8.293 2.346 10.901 
180523164755 0.830 18.176 37.564 10.156 8.292 1.921 10.875 
180523170255 0.862 18.191 37.562 10.157 8.291 1.708 10.893 
180523171755 0.824 18.191 37.561 10.158 8.292 2.870 10.899 
180523173255 0.853 18.178 37.548 10.161 8.291 2.429 10.901 
180523174755 0.839 18.174 37.581 10.161 8.292 2.467 10.879 
180523180255 0.814 18.167 37.039 10.161 8.291 13.885 10.894 
180523181755 0.830 18.143 37.013 10.166 8.292 2.399 10.899 
180523183255 0.842 18.123 36.987 10.176 8.291 2.786 10.901 
180523184755 0.836 18.116 37.624 10.179 8.291 3.150 10.876 
180523190255 0.858 18.105 37.374 10.181 8.292 2.308 10.893 
180523191755 0.854 18.100 37.379 10.179 8.291 2.095 10.899 
180523193255 0.871 18.095 37.392 10.180 8.292 2.209 10.901 
180523194755 0.848 18.073 37.424 10.184 8.291 2.376 10.875 
180523200255 0.829 18.049 37.305 10.185 8.290 2.604 10.892 
180523201755 0.821 18.019 36.937 10.189 8.289 2.331 10.898 
180523203255 0.866 18.001 37.054 10.193 8.287 2.088 10.900 
180523204755 0.836 17.991 37.313 10.191 8.286 2.179 10.875 
180523210255 0.848 17.975 37.439 10.190 8.285 2.649 10.892 
180523211755 0.861 17.952 37.452 10.189 8.286 2.406 10.897 
180523213255 0.851 17.966 37.484 10.181 8.285 2.490 10.899 
180523214755 0.826 17.957 37.587 10.173 8.284 2.126 10.867 
180523220255 0.786 17.951 37.515 10.165 8.283 2.126 10.889 
180523221755 0.876 17.958 37.466 10.156 8.283 2.050 10.896 
180523223255 0.873 17.953 37.153 10.149 8.283 2.498 10.898 
180523224755 0.874 17.954 37.135 10.138 8.283 2.209 10.873 
180523230255 0.862 17.957 37.621 10.129 8.282 2.604 10.890 
180523231755 0.866 17.959 37.378 10.121 8.282 2.156 10.896 
180523233255 0.861 17.964 37.279 10.111 8.283 2.247 10.899 
180523234755 0.854 17.966 37.574 10.104 8.283 1.997 10.873 
190523000255 0.825 17.968 37.426 10.097 8.283 2.596 10.891 
190523001755 0.834 17.974 37.689 10.086 8.283 2.475 10.896 
190523003255 0.837 17.961 37.674 10.082 8.283 1.890 10.898 
190523004755 0.869 17.977 37.674 10.070 8.282 2.619 10.873 
190523010255 0.818 17.981 37.708 10.064 8.282 2.338 10.890 
190523011755 0.837 17.977 37.572 10.061 8.282 2.232 10.896 
190523013255 0.874 17.995 37.821 10.047 8.281 2.232 10.898 
190523014755 0.840 18.002 37.692 10.042 8.281 1.997 10.872 
190523020255 0.841 18.005 37.370 10.035 8.281 6.217 10.890 
190523021755 0.852 18.004 37.600 10.031 8.281 2.513 10.896 
190523023255 0.842 18.012 37.563 10.026 8.280 2.186 10.898 
190523024755 0.850 17.985 37.609 10.032 8.280 2.627 10.866 
190523030255 0.826 17.892 37.580 10.056 8.281 2.293 10.888 
190523031755 0.847 17.931 37.697 10.033 8.279 2.300 10.895 
190523033255 0.846 17.923 37.992 10.031 8.279 2.596 10.897 
190523034755 0.864 17.935 38.004 10.029 8.279 2.012 10.872 
190523040255 0.850 17.905 38.010 10.035 8.280 2.141 10.889 
190523041755 0.830 17.896 37.996 10.033 8.280 2.695 10.895 
190523043255 0.836 17.906 38.021 10.029 8.280 2.589 10.897 
190523044755 0.835 17.901 37.922 10.028 8.280 2.756 10.871 
190523050255 0.831 17.879 37.759 10.033 8.280 2.786 10.889 
190523051755 0.844 17.864 37.539 10.036 8.280 2.270 10.895 
190523053255 0.857 17.852 37.698 10.032 8.280 2.429 10.897 
190523054755 0.841 17.837 37.797 10.033 8.280 2.072 10.870 
190523060255 0.851 17.843 37.902 10.025 8.279 2.915 10.888 
190523061755 0.851 17.851 37.723 10.019 8.279 3.181 10.894 
190523063255 0.841 17.840 37.766 10.015 8.279 1.693 10.897 
190523064755 0.850 17.846 37.570 10.010 8.278 2.133 10.874 
190523070255 0.849 17.849 37.449 10.006 8.278 1.845 10.890 
190523071755 0.851 17.852 37.211 10.001 8.278 2.072 10.895 
190523073255 0.844 17.852 37.061 9.998 8.278 2.186 10.897 
190523074755 0.873 17.851 37.053 9.992 8.278 2.194 10.868 
190523080255 0.836 17.855 37.193 9.988 8.279 2.019 10.888 
190523081755 0.862 17.864 37.272 9.983 8.279 2.399 10.894 
190523083255 0.825 17.854 37.350 9.979 8.279 1.564 10.896 
190523084755 0.820 17.845 37.326 9.978 8.279 1.625 10.870 
190523090255 0.828 17.824 37.271 9.979 8.279 1.852 10.888 
190523091755 0.835 17.822 37.294 9.977 8.279 1.890 10.894 
190523093255 0.841 17.827 37.472 9.973 8.280 1.336 10.896 
190523094755 0.840 17.840 37.764 9.969 8.279 1.177 10.870 
190523100255 0.781 17.863 37.504 9.965 8.279 0.630 10.888 
190523101755 0.875 17.899 37.634 9.957 8.279 1.032 10.894 
190523103255 0.823 17.887 37.639 9.958 8.278 0.797 10.896 
190523104755 0.818 17.918 37.608 9.946 8.278 0.797 10.870 
190523110255 0.848 17.947 37.624 9.941 8.278 1.010 10.889 
190523111755 0.831 17.984 37.644 9.930 8.278 1.002 10.894 
190523113255 0.871 17.865 37.751 9.961 8.278 1.131 10.897 
190523114755 0.865 17.842 37.945 9.969 8.277 0.934 10.865 
190523120255 0.840 17.867 37.655 9.966 8.274 0.402 10.887 
