SAMBAT Sea Ti  C/T/D/Odo/Fluo/pH GPS : 50195 
V:0,Pression (0/50),dba
V:1,Température (-5/35),°C
V:2,Salinité (2/42),g/l
V:3,Oxygène (0/20),mgl
V:4,PH (0/14),pH
V:5,Fluorescence (0/500),ppb
V:6,Tension batterie,V
150523115530 0.758 18.375 37.938 10.163 8.277 0.531 10.768 
150523121029 0.750 18.356 37.944 10.171 8.277 0.486 10.860 
150523122529 0.720 18.366 37.950 10.173 8.275 0.531 10.886 
150523124029 0.668 18.411 37.930 10.165 8.274 0.630 10.837 
150523125529 0.609 18.496 37.953 10.143 8.273 0.516 10.881 
150523131029 0.723 18.542 37.939 10.137 8.272 0.380 10.894 
150523132529 0.750 18.553 37.962 10.132 8.271 0.752 10.899 
150523134029 0.763 18.575 37.940 10.132 8.270 0.364 10.853 
150523135529 0.797 18.711 37.934 10.098 8.270 0.516 10.889 
150523141029 0.742 18.668 37.960 10.108 8.270 0.767 10.899 
150523142529 0.735 18.594 37.935 10.137 8.271 0.653 10.902 
150523144029 0.763 18.575 37.949 10.145 8.273 0.410 10.854 
150523145529 0.664 18.567 37.907 10.147 8.272 0.493 10.890 
150523151029 0.730 18.610 37.863 10.139 8.272 0.638 10.899 
150523152529 0.682 18.652 37.917 10.124 8.271 0.843 10.902 
150523154029 0.744 18.658 37.932 10.115 8.271 0.691 10.843 
150523155529 0.788 18.648 37.937 10.116 8.271 0.402 10.886 
150523161029 0.723 18.605 37.669 10.119 8.272 0.782 10.898 
150523162529 0.719 18.595 37.586 10.117 8.271 0.683 10.902 
150523164029 0.757 18.567 37.522 10.117 8.271 0.820 10.854 
150523165529 0.764 18.548 37.608 10.120 8.271 0.820 10.890 
150523171029 0.778 18.518 37.747 10.122 8.271 1.108 10.899 
150523172529 0.671 18.523 37.769 10.116 8.271 1.017 10.902 
150523174029 0.734 18.478 37.884 10.124 8.271 1.199 10.854 
150523175529 0.758 18.425 37.873 10.135 8.271 1.253 10.889 
150523181029 0.780 18.405 37.865 10.138 8.270 1.313 10.898 
150523182529 0.678 18.355 37.955 10.145 8.270 1.313 10.901 
150523184029 0.760 18.357 37.839 10.140 8.271 1.488 10.841 
150523185529 0.735 18.312 37.966 10.151 8.270 1.587 10.884 
150523191029 0.792 18.306 37.790 10.147 8.270 1.010 10.896 
150523192529 0.726 18.291 37.873 10.148 8.271 1.488 10.900 
150523194029 0.783 18.265 37.844 10.149 8.271 1.268 10.852 
150523195529 0.795 18.241 37.940 10.152 8.272 1.389 10.887 
150523201029 0.736 18.252 37.849 10.151 8.273 1.822 10.896 
150523202529 0.767 18.245 37.813 10.149 8.274 1.693 10.900 
150523204029 0.733 18.248 37.823 10.147 8.275 1.412 10.851 
150523205529 0.702 18.248 37.809 10.145 8.276 1.404 10.886 
150523211029 0.711 18.260 37.754 10.140 8.277 1.700 10.896 
150523212529 0.667 18.260 37.795 10.139 8.277 1.298 10.899 
150523214029 0.722 18.260 37.768 10.141 8.278 1.291 10.840 
150523215529 0.747 18.226 37.773 10.156 8.282 1.625 10.883 
150523221029 0.766 18.233 37.743 10.160 8.285 1.533 10.894 
150523222529 0.722 18.241 37.929 10.159 8.286 1.283 10.898 
150523224029 0.793 18.215 37.913 10.181 8.290 1.518 10.850 
150523225529 0.812 18.225 37.947 10.182 8.297 1.275 10.886 
150523231029 0.759 18.339 37.983 10.162 8.297 1.427 10.896 
150523232529 0.732 18.464 37.947 10.138 8.296 1.321 10.899 
150523234029 0.780 18.621 37.751 10.102 8.295 1.784 10.851 
150523235529 0.780 18.659 37.755 10.095 8.297 1.533 10.887 
160523001029 0.829 18.680 37.566 10.096 8.295 1.458 10.897 
160523002529 0.777 18.636 37.853 10.115 8.291 2.331 10.900 
160523004029 0.672 18.615 38.042 10.124 8.290 2.239 10.851 
160523005529 0.728 18.581 38.032 10.135 8.286 1.792 10.888 
160523011029 0.719 18.569 38.037 10.142 8.285 1.518 10.897 
160523012529 0.691 18.579 38.043 10.141 8.287 1.852 10.901 
160523014029 0.679 18.552 37.994 10.153 8.289 1.435 10.853 
160523015529 0.686 18.526 37.994 10.171 8.287 1.564 10.888 
160523021029 0.761 18.466 38.015 10.187 8.284 1.488 10.897 
160523022529 0.788 18.418 38.017 10.202 8.279 1.716 10.900 
160523024029 0.673 18.386 38.005 10.207 8.279 1.420 10.851 
160523025529 0.721 18.374 37.959 10.210 8.281 1.518 10.887 
160523031029 0.693 18.377 37.974 10.204 8.280 1.458 10.896 
160523032529 0.706 18.388 38.008 10.201 8.282 1.708 10.899 
160523034029 0.677 18.393 37.989 10.199 8.283 1.579 10.840 
160523035529 0.684 18.418 38.009 10.189 8.284 1.374 10.883 
160523041029 0.710 18.437 37.886 10.178 8.285 1.313 10.894 
160523042529 0.714 18.476 38.015 10.162 8.291 1.678 10.899 
160523044029 0.681 18.514 38.004 10.153 8.298 1.716 10.851 
160523045529 0.711 18.520 37.921 10.151 8.301 1.693 10.887 
160523051029 0.739 18.509 37.836 10.150 8.303 2.042 10.896 
160523052529 0.684 18.474 37.827 10.153 8.301 1.921 10.899 
160523054029 0.718 18.448 37.823 10.154 8.300 1.647 10.852 
160523055529 0.691 18.427 37.786 10.167 8.300 1.632 10.887 
160523061029 0.708 18.408 37.815 10.168 8.300 1.936 10.896 
160523062529 0.697 18.377 37.802 10.176 8.301 1.670 10.899 
160523064029 0.726 18.376 37.787 10.182 8.302 1.754 10.840 
160523065529 0.772 18.367 37.877 10.189 8.301 1.814 10.883 
160523071029 0.700 18.345 37.787 10.202 8.304 2.649 10.894 
160523072529 0.732 18.316 37.702 10.226 8.306 1.700 10.898 
160523074029 0.712 18.290 37.635 10.243 8.302 1.943 10.850 
160523075529 0.720 18.262 37.631 10.253 8.296 1.837 10.886 
160523081029 0.716 18.240 37.608 10.261 8.291 1.625 10.895 
160523082529 0.602 18.218 37.546 10.273 8.286 1.769 10.898 
160523084029 0.733 18.199 37.567 10.277 8.282 1.776 10.850 
160523085529 0.698 18.160 37.562 10.285 8.281 1.822 10.885 
160523091029 0.748 18.141 37.562 10.291 8.281 1.571 10.894 
160523092529 0.656 18.128 37.553 10.298 8.281 0.736 10.897 
160523094029 0.692 18.123 37.545 10.298 8.280 1.093 10.838 
160523095529 0.733 18.118 37.545 10.299 8.281 1.101 10.880 
160523101029 0.658 18.111 37.538 10.299 8.280 0.835 10.892 
160523102529 0.725 18.113 37.544 10.297 8.280 1.245 10.896 
160523104029 0.800 18.100 37.450 10.294 8.280 1.495 10.846 
160523105529 0.827 18.099 37.552 10.283 8.280 1.374 10.883 
160523111029 0.723 18.096 37.567 10.270 8.280 1.351 10.892 
160523112529 0.681 18.073 37.556 10.261 8.279 2.072 10.896 
160523114029 0.650 18.063 37.535 10.249 8.277 1.116 10.847 
160523115529 0.596 18.057 37.517 10.237 8.276 1.146 10.883 
