SAMBAT Sea Ti  C/T/D/Odo/Fluo/pH GPS : 50195 
V:0,Pression (0/50),m
V:1,Température (-5/35),°C
V:2,Salinité (2/42),g/l
V:3,Oxygène (0/20),mgl
V:4,PH (0/14),pH
V:5,Fluorescence (0/50),µgl
V:6,Tension batterie,V
071222175254 0.776 17.391 36.214 8.870 8.338 0.336 10.737 
071222180753 0.859 17.361 35.796 8.881 8.338 0.304 10.818 
071222182253 0.884 17.349 36.310 8.883 8.339 0.341 10.848 
071222183753 0.829 17.322 35.816 8.893 8.339 0.394 10.860 
071222185253 0.928 17.294 35.799 8.902 8.338 0.370 10.808 
071222190753 0.830 17.286 35.799 8.911 8.337 0.297 10.843 
071222192253 0.867 17.238 35.790 8.927 8.337 0.388 10.859 
071222193753 0.841 17.250 35.796 8.925 8.337 0.358 10.866 
071222195253 0.852 17.209 35.778 8.926 8.337 0.429 10.811 
071222200753 0.932 17.187 35.785 8.928 8.337 0.383 10.845 
071222202253 0.892 17.196 35.780 8.919 8.337 0.380 10.860 
071222203753 0.852 17.176 35.789 8.911 8.335 0.409 10.866 
071222205253 0.852 17.186 35.790 8.906 8.334 0.334 10.812 
071222210753 0.776 17.162 35.795 8.899 8.335 0.518 10.834 
071222212253 0.846 17.150 35.774 8.891 8.334 0.411 10.856 
071222213753 0.822 17.140 35.789 8.881 8.334 0.374 10.864 
071222215253 0.779 17.111 35.755 8.875 8.335 0.335 10.809 
071222220753 0.920 17.100 35.761 8.867 8.336 0.354 10.844 
071222222253 0.824 17.072 35.754 8.860 8.336 0.316 10.859 
071222223753 0.878 17.088 35.755 8.857 8.335 0.353 10.866 
071222225253 0.860 17.038 35.737 8.858 8.337 0.535 10.810 
071222230753 0.876 17.057 36.272 8.855 8.337 0.377 10.833 
071222232253 0.867 17.029 35.775 8.858 8.339 0.330 10.855 
071222233753 0.884 17.017 35.767 8.860 8.338 0.357 10.863 
071222235253 0.888 17.005 35.747 8.860 8.337 0.520 10.809 
081222000753 0.845 17.036 35.743 8.861 8.338 0.356 10.842 
081222002253 0.874 17.055 35.762 8.864 8.338 0.361 10.859 
081222003753 0.885 17.065 35.777 8.866 8.338 0.378 10.865 
081222005253 0.864 17.044 35.801 8.871 8.339 0.374 10.809 
081222010753 0.849 17.078 35.737 8.870 8.339 0.429 10.843 
081222012253 0.822 17.064 35.767 8.866 8.337 0.359 10.859 
081222013753 0.877 17.079 35.787 8.872 8.338 0.286 10.865 
081222015253 0.828 16.993 35.751 8.874 8.337 0.343 10.810 
081222020753 0.882 17.080 35.794 8.869 8.337 0.297 10.833 
081222022253 0.876 17.039 35.735 8.866 8.338 0.297 10.855 
081222023753 0.841 17.019 35.738 8.866 8.338 0.364 10.863 
081222025253 0.938 17.008 35.713 8.862 8.338 0.324 10.809 
081222030753 0.856 17.055 35.756 8.857 8.338 0.370 10.843 
081222032253 0.866 17.087 35.799 8.853 8.338 0.369 10.859 
081222033753 0.870 17.105 35.782 8.849 8.338 0.456 10.865 
081222035253 0.865 17.100 35.789 8.850 8.337 0.348 10.809 
081222040753 0.888 17.079 35.775 8.845 8.339 0.738 10.843 
081222042253 0.891 17.122 35.789 8.843 8.337 0.338 10.859 
081222043753 0.897 17.129 35.786 8.844 8.339 0.410 10.865 
081222045253 0.879 17.098 35.773 8.846 8.339 0.346 10.809 
081222050753 0.905 17.118 35.771 8.843 8.339 0.352 10.833 
081222052253 0.846 17.082 35.773 8.843 8.339 0.466 10.855 
081222053753 0.875 17.061 35.782 8.842 8.339 0.358 10.863 
081222055253 0.907 17.100 35.785 8.838 8.337 0.466 10.808 
081222060753 0.804 17.072 35.780 8.835 8.338 0.407 10.843 
081222062253 0.905 17.095 35.785 8.835 8.339 0.582 10.859 
081222063753 0.849 17.092 35.776 8.834 8.339 0.403 10.865 
081222065253 0.816 17.093 35.775 8.834 8.338 0.448 10.809 
081222070753 0.876 17.077 35.777 8.837 8.340 0.356 10.843 
081222072253 0.909 17.095 35.779 8.839 8.339 0.384 10.859 
081222073753 0.928 17.083 35.736 8.841 8.339 0.393 10.865 
081222075253 0.881 17.073 35.818 8.842 8.336 0.345 10.809 
081222080753 0.859 17.089 35.810 8.844 8.339 0.374 10.842 
081222082253 0.894 17.076 35.727 8.843 8.340 0.365 10.859 
081222083753 0.865 17.090 35.794 8.845 8.339 0.318 10.865 
081222085253 0.818 17.114 35.792 8.842 8.339 0.488 10.809 
081222090753 0.840 17.125 35.756 8.840 8.340 0.376 10.833 
081222092253 0.823 17.144 35.758 8.836 8.342 0.323 10.855 
081222093753 0.848 17.181 35.750 8.832 8.341 0.401 10.864 
081222095253 0.890 17.216 35.757 8.830 8.341 0.344 10.809 
081222100753 0.890 17.245 35.704 8.830 8.342 0.354 10.844 
081222102253 0.889 17.279 35.746 8.836 8.342 0.316 10.860 
081222103753 0.839 17.287 35.742 8.846 8.342 0.315 10.866 
081222105253 0.856 17.290 35.723 8.854 8.343 0.313 10.810 
081222110753 0.879 17.291 35.756 8.860 8.344 0.276 10.844 
081222112253 0.852 17.312 35.743 8.862 8.344 0.297 10.860 
081222113753 0.849 17.308 35.726 8.871 8.345 0.289 10.866 
081222115253 0.876 17.314 35.718 8.881 8.345 0.296 10.810 
081222120753 0.860 17.315 35.720 8.888 8.346 0.292 10.838 
081222122253 0.893 17.315 35.721 8.897 8.346 0.293 10.858 
081222123753 0.900 17.327 35.714 8.897 8.346 0.284 10.866 
081222125253 0.855 17.324 35.711 8.893 8.346 0.260 10.810 
081222130753 0.890 17.329 35.709 8.890 8.346 0.203 10.845 
081222132253 0.860 17.336 35.776 8.892 8.346 0.215 10.861 
081222133753 0.875 17.342 35.754 8.891 8.346 0.436 10.867 
081222135253 0.844 17.346 36.332 8.894 8.347 0.279 10.811 
081222140753 0.902 17.350 35.792 8.898 8.346 0.289 10.835 
081222142253 0.879 17.346 35.796 8.901 8.347 0.302 10.856 
081222143753 0.844 17.363 35.785 8.902 8.347 0.284 10.865 
081222145253 0.853 17.364 35.746 8.907 8.346 0.398 10.810 
081222150753 0.752 17.358 35.740 8.909 8.346 0.275 10.845 
081222152253 0.839 17.373 36.366 8.909 8.347 0.348 10.861 
081222153753 0.904 17.378 35.812 8.905 8.346 0.318 10.867 
081222155253 0.795 17.358 35.783 8.910 8.346 0.419 10.811 
081222160753 0.845 17.371 35.785 8.911 8.346 0.345 10.844 
081222162253 0.892 17.367 35.786 8.916 8.346 0.334 10.861 
081222163753 0.892 17.372 36.280 8.917 8.346 0.407 10.867 
081222165253 0.855 17.385 35.811 8.911 8.346 0.355 10.811 
081222170753 0.886 17.382 36.411 8.911 8.346 0.418 10.836 
081222172253 0.902 17.380 36.391 8.908 8.346 0.421 10.857 
081222173753 0.848 17.370 35.828 8.907 8.345 0.377 10.865 
081222175253 0.871 17.375 35.812 8.899 8.344 0.388 10.811 
