SAMBAT Sea Ti  C/T/D/Odo/Fluo/pH GPS : 50195 
V:0,Pression (0/50),m
V:1,Température (-5/35),°C
V:2,Salinité (2/42),g/l
V:3,Oxygène (0/20),mgl
V:4,PH (0/14),pH
V:5,Fluorescence (0/50),µgl
V:6,Tension batterie,V
170922143534 0.665 25.300 38.526 7.631 8.284 0.128 10.805 
170922145033 0.787 25.305 38.522 7.633 8.284 0.138 10.879 
170922150533 0.713 25.308 38.523 7.633 8.284 0.150 10.907 
170922152033 0.912 25.299 38.523 7.639 8.285 0.124 10.928 
170922153533 0.910 25.287 38.534 7.640 8.285 0.118 10.935 
170922155033 0.771 25.287 38.521 7.642 8.285 0.155 10.897 
170922160533 0.773 25.297 38.518 7.641 8.286 0.170 10.922 
170922162033 0.685 25.297 38.527 7.642 8.286 0.158 10.934 
170922163533 0.881 25.293 38.525 7.644 8.285 0.119 10.937 
170922165033 0.789 25.291 38.517 7.645 8.286 0.144 10.899 
170922170533 0.787 25.296 38.496 7.644 8.286 0.186 10.915 
170922172033 0.731 25.266 38.525 7.649 8.286 0.200 10.932 
170922173533 0.834 25.290 38.523 7.641 8.286 0.183 10.936 
170922175033 0.774 25.279 38.524 7.644 8.287 0.209 10.899 
170922180533 0.746 25.281 38.535 7.644 8.288 0.243 10.922 
170922182033 0.795 25.262 38.529 7.646 8.289 0.260 10.934 
170922183533 0.728 25.275 38.524 7.645 8.289 0.286 10.937 
170922185033 0.712 25.263 38.522 7.647 8.289 0.262 10.899 
170922190533 0.769 25.265 38.529 7.647 8.290 0.336 10.922 
170922192033 0.783 25.250 38.519 7.649 8.291 0.369 10.934 
170922193533 0.865 25.241 38.520 7.649 8.291 0.326 10.937 
170922195033 0.831 25.253 38.517 7.649 8.290 0.350 10.899 
170922200533 0.826 25.268 38.519 7.649 8.294 0.342 10.914 
170922202033 0.828 25.251 38.521 7.650 8.294 0.472 10.931 
170922203533 0.753 25.268 38.514 7.649 8.295 0.396 10.936 
170922205033 0.795 25.254 38.523 7.653 8.295 0.298 10.899 
170922210533 0.857 25.241 38.507 7.660 8.294 0.291 10.922 
170922212033 0.830 25.229 38.507 7.659 8.297 0.279 10.933 
170922213533 0.793 25.207 38.522 7.660 8.298 0.306 10.937 
170922215033 0.730 25.207 38.505 7.660 8.298 0.303 10.899 
170922220533 0.864 25.204 38.513 7.660 8.299 0.321 10.914 
170922222033 0.800 25.183 38.511 7.662 8.299 0.325 10.931 
170922223533 0.851 25.186 38.511 7.660 8.300 2.237 10.936 
170922225033 0.870 25.189 38.516 7.660 8.300 0.321 10.898 
170922230533 0.835 25.182 38.506 7.661 8.291 0.274 10.921 
170922232033 0.835 25.157 38.515 7.661 8.298 0.337 10.933 
170922233533 0.835 25.154 38.511 7.657 8.300 0.306 10.937 
170922235033 0.836 25.130 38.516 7.656 8.302 0.293 10.897 
180922000533 0.859 25.140 38.518 7.651 8.301 0.321 10.921 
180922002033 0.841 25.151 38.502 7.650 8.300 0.353 10.933 
180922003533 0.889 25.152 38.508 7.644 8.301 0.313 10.936 
180922005033 0.868 25.130 38.511 7.642 8.302 0.331 10.898 
180922010533 0.887 25.115 38.505 7.642 8.300 0.333 10.914 
180922012033 0.822 25.089 38.513 7.644 8.301 0.342 10.931 
180922013533 0.808 25.093 38.518 7.644 8.302 0.323 10.936 
180922015033 0.862 25.088 38.514 7.640 8.302 0.231 10.898 
180922020533 0.830 25.067 38.518 7.642 8.306 0.264 10.921 
180922022033 0.769 25.082 38.514 7.644 8.307 0.245 10.932 
180922023533 0.888 25.076 38.513 7.647 8.307 0.399 10.936 
180922025033 0.833 25.083 38.516 7.643 8.303 0.205 10.897 
180922030533 0.812 25.070 38.523 7.647 8.303 0.229 10.921 
180922032033 0.814 25.068 38.516 7.648 8.303 0.248 10.933 
180922033533 0.815 25.064 38.522 7.651 8.307 0.224 10.936 
180922035033 0.871 25.054 38.522 7.649 8.307 0.227 10.897 
180922040533 0.822 25.051 38.517 7.648 8.303 0.238 10.913 
180922042033 0.789 25.014 38.533 7.647 8.303 0.218 10.930 
180922043533 0.847 25.036 38.515 7.639 8.306 0.177 10.935 
180922045033 0.860 25.019 38.527 7.635 8.304 0.338 10.896 
180922050533 0.849 25.026 38.525 7.632 8.305 0.195 10.920 
180922052033 0.750 25.013 38.524 7.625 8.302 0.171 10.932 
180922053533 0.771 24.985 38.529 7.627 8.308 0.191 10.936 
180922055033 0.842 24.994 38.528 7.620 8.308 0.208 10.897 
180922060533 0.894 25.005 38.517 7.610 8.302 0.220 10.912 
180922062033 0.839 24.998 38.524 7.604 8.305 0.199 10.929 
180922063533 0.809 24.962 38.530 7.609 8.305 0.324 10.935 
180922065033 0.800 24.972 38.531 7.605 8.303 0.230 10.896 
180922070533 0.824 24.951 38.533 7.613 8.307 0.213 10.920 
180922072033 0.808 24.972 38.527 7.605 8.308 0.225 10.932 
180922073533 0.883 24.954 38.535 7.605 8.308 0.158 10.935 
180922075033 0.853 24.967 38.533 7.602 8.306 0.210 10.896 
180922080533 0.858 24.965 38.537 7.602 8.295 0.204 10.919 
180922082033 0.830 24.969 38.538 7.601 8.304 0.187 10.931 
180922083533 0.824 24.963 38.533 7.603 8.298 0.128 10.935 
180922085033 0.846 24.963 38.533 7.605 8.304 0.185 10.896 
180922090533 0.872 24.962 38.539 7.604 8.306 0.116 10.912 
180922092033 0.863 24.954 38.538 7.603 8.304 0.115 10.929 
180922093533 0.818 24.967 38.532 7.598 8.301 0.071 10.934 
180922095033 0.851 24.969 38.534 7.596 8.303 0.102 10.896 
180922100533 0.819 24.978 38.533 7.593 8.301 0.117 10.919 
180922102033 0.875 24.989 38.537 7.590 8.287 0.053 10.931 
180922103533 0.841 25.003 38.534 7.589 8.297 0.077 10.935 
180922105033 0.875 25.023 38.537 7.585 8.298 0.078 10.896 
180922110533 0.864 25.023 38.529 7.586 8.296 0.055 10.912 
180922112033 0.872 25.027 38.528 7.589 8.283 0.064 10.929 
180922113533 0.884 25.051 38.533 7.593 8.295 0.064 10.934 
180922115033 0.852 25.085 38.545 7.585 8.296 0.070 10.896 
180922120533 0.832 25.120 38.539 7.591 8.295 0.044 10.920 
180922122033 0.817 25.152 38.546 7.591 8.294 0.030 10.932 
180922123533 0.881 25.168 38.533 7.600 8.293 0.081 10.936 
180922125033 0.843 25.199 38.537 7.604 8.286 0.059 10.897 
180922130533 0.852 25.201 38.538 7.614 8.284 0.038 10.920 
180922132033 0.869 25.213 38.536 7.624 8.294 0.028 10.933 
180922133533 0.839 25.182 38.536 7.639 8.293 0.069 10.936 
180922135033 0.828 25.170 38.517 7.650 8.293 0.061 10.897 
180922140533 0.870 25.189 38.521 7.653 8.291 0.053 10.913 
180922142033 0.808 25.173 38.524 7.664 8.292 0.045 10.930 
180922143533 0.913 25.189 38.524 7.669 8.291 0.080 10.935 
