SAMBAT Sea Ti  C/T/D/Odo/Fluo/pH GPS : 50195 
V:0,Pression (0/50),m
V:1,Température (-5/35),°C
V:2,Salinité (2/42),g/l
V:3,Oxygène (0/20),mgl
V:4,PH (0/14),pH
V:5,Fluorescence (0/50),µgl
V:6,Tension batterie,V
311022162142 0.958 21.692 38.222 8.494 8.324 0.144 10.773 
311022163641 0.946 21.698 38.226 8.497 8.325 0.183 10.869 
311022165141 0.950 21.656 38.228 8.500 8.326 0.197 10.851 
311022170641 0.933 21.672 38.253 8.502 8.326 0.215 10.883 
311022172141 0.929 21.659 38.217 8.498 8.326 0.245 10.900 
311022173641 0.947 21.660 38.213 8.499 8.327 0.259 10.905 
311022175141 0.964 21.670 38.223 8.496 8.326 0.186 10.860 
311022180641 0.943 21.665 38.225 8.494 8.327 0.279 10.885 
311022182141 0.948 21.652 38.233 8.494 8.328 0.206 10.901 
311022183641 0.949 21.639 38.237 8.497 8.328 0.206 10.907 
311022185141 0.946 21.644 38.167 8.495 8.328 0.301 10.860 
311022190641 0.952 21.638 38.167 8.495 8.328 0.259 10.878 
311022192141 0.955 21.635 38.172 8.491 8.328 0.245 10.899 
311022193641 0.962 21.634 38.174 8.486 8.328 0.215 10.906 
311022195141 0.969 21.634 38.192 8.486 8.327 0.332 10.860 
311022200641 0.960 21.633 38.216 8.481 8.328 0.254 10.886 
311022202141 0.961 21.635 38.218 8.480 8.327 0.182 10.902 
311022203641 0.958 21.621 38.226 8.479 8.328 0.309 10.907 
311022205141 0.961 21.618 38.287 8.475 8.327 0.229 10.861 
311022210641 0.966 21.618 38.284 8.472 8.330 0.930 10.886 
311022212141 0.961 21.610 38.172 8.473 8.329 0.304 10.901 
311022213641 0.954 21.593 38.187 8.472 8.331 0.259 10.907 
311022215141 0.963 21.577 38.170 8.474 8.332 0.180 10.860 
311022220641 0.974 21.553 38.177 8.480 8.333 0.228 10.877 
311022222141 0.958 21.555 38.180 8.477 8.334 0.258 10.899 
311022223641 0.960 21.535 38.195 8.483 8.334 0.230 10.905 
311022225141 0.955 21.534 38.097 8.483 8.334 0.193 10.859 
311022230641 0.960 21.548 38.093 8.476 8.334 0.218 10.885 
311022232141 0.952 21.555 38.093 8.474 8.334 0.249 10.901 
311022233641 0.980 21.541 38.142 8.477 8.334 0.229 10.907 
311022235141 0.969 21.560 38.226 8.471 8.335 0.191 10.860 
011122000641 0.964 21.574 38.219 8.467 8.335 0.235 10.886 
011122002141 0.958 21.577 38.213 8.469 8.335 0.238 10.901 
011122003641 0.970 21.574 38.207 8.470 8.334 0.267 10.907 
011122005141 0.967 21.574 38.194 8.470 8.336 0.184 10.860 
011122010641 0.959 21.589 38.169 8.469 8.336 0.172 10.877 
011122012141 0.993 21.582 38.169 8.470 8.337 0.238 10.898 
011122013641 0.968 21.595 38.169 8.471 8.337 0.230 10.905 
011122015141 0.951 21.574 38.197 8.476 8.338 0.197 10.860 
011122020641 0.964 21.569 38.188 8.480 8.338 0.223 10.885 
011122022141 0.964 21.583 38.199 8.476 8.336 0.230 10.901 
011122023641 0.949 21.583 38.190 8.476 8.338 0.247 10.907 
011122025141 0.959 21.583 38.160 8.472 8.339 0.308 10.860 
011122030641 0.967 21.576 38.158 8.476 8.337 0.187 10.886 
011122032141 0.957 21.590 38.179 8.478 8.339 0.156 10.901 
011122033641 0.962 21.581 38.169 8.482 8.339 0.177 10.907 
011122035141 0.951 21.573 38.041 8.481 8.339 0.190 10.860 
011122040641 0.936 21.574 38.084 8.482 8.339 0.204 10.877 
011122042141 0.956 21.588 38.141 8.478 8.339 0.251 10.898 
011122043641 0.962 21.588 38.134 8.476 8.339 0.241 10.905 
011122045141 0.958 21.595 38.135 8.477 8.339 0.295 10.860 
011122050641 0.967 21.579 38.154 8.481 8.341 0.253 10.886 
011122052141 0.960 21.592 38.149 8.481 8.339 0.222 10.901 
011122053641 0.943 21.592 38.218 8.478 8.339 0.261 10.907 
011122055141 0.961 21.584 38.159 8.475 8.340 0.170 10.860 
011122060641 0.956 21.603 38.232 8.471 8.339 0.273 10.887 
011122062141 0.965 21.584 38.151 8.473 8.339 0.289 10.901 
011122063641 0.971 21.592 38.157 8.473 8.339 0.225 10.907 
011122065141 0.946 21.599 38.145 8.475 8.339 0.249 10.860 
011122070641 0.940 21.597 38.165 8.475 8.340 0.178 10.878 
011122072141 0.963 21.594 38.172 8.473 8.339 0.219 10.898 
011122073641 0.958 21.603 38.170 8.470 8.340 0.264 10.905 
011122075141 0.948 21.583 38.168 8.474 8.339 0.231 10.859 
011122080641 0.964 21.595 38.019 8.472 8.340 0.355 10.886 
011122082141 0.951 21.604 38.139 8.475 8.339 0.262 10.901 
011122083641 0.954 21.605 38.123 8.474 8.339 0.345 10.907 
011122085141 0.970 21.605 38.135 8.479 8.338 0.239 10.860 
011122090641 0.949 21.603 38.252 8.480 8.338 0.228 10.886 
011122092141 0.970 21.605 38.140 8.479 8.337 0.188 10.901 
011122093641 0.958 21.608 38.152 8.481 8.337 0.215 10.907 
011122095141 0.975 21.608 38.147 8.482 8.337 0.131 10.860 
011122100641 0.961 21.614 38.146 8.484 8.336 0.155 10.886 
011122102141 0.951 21.615 38.123 8.486 8.335 0.122 10.901 
011122103641 0.979 21.621 38.141 8.486 8.335 0.148 10.907 
011122105141 0.947 21.618 38.140 8.486 8.335 0.185 10.861 
011122110641 0.968 21.616 38.141 8.489 8.336 0.168 10.877 
011122112141 0.977 21.618 38.118 8.484 8.334 0.123 10.898 
011122113641 0.977 21.618 38.160 8.486 8.334 0.142 10.906 
011122115141 0.982 21.616 38.003 8.488 8.334 0.146 10.860 
011122120641 0.969 21.614 38.070 8.487 8.334 0.197 10.885 
011122122141 0.962 21.614 38.077 8.490 8.333 0.115 10.901 
011122123641 0.961 21.633 38.098 8.487 8.332 0.107 10.907 
011122125141 0.965 21.634 37.991 8.485 8.332 0.220 10.860 
011122130641 0.963 21.636 38.122 8.486 8.332 0.218 10.882 
011122132141 0.977 21.642 38.098 8.485 8.332 0.132 10.900 
011122133641 0.966 21.642 38.005 8.485 8.331 0.147 10.907 
011122135141 0.999 21.647 38.002 8.492 8.330 0.120 10.860 
011122140641 0.929 21.654 38.063 8.489 8.329 0.111 10.886 
011122142141 0.969 21.669 38.129 8.492 8.330 0.105 10.902 
011122143641 0.989 21.662 38.111 8.495 8.330 0.146 10.907 
011122145141 0.922 21.661 38.096 8.498 8.329 0.152 10.860 
011122150641 0.985 21.661 38.088 8.497 8.329 0.162 10.887 
011122152141 0.941 21.659 37.964 8.498 8.329 0.187 10.902 
011122153641 0.954 21.654 37.978 8.499 8.329 0.198 10.907 
011122155141 0.934 21.652 37.966 8.501 8.328 0.219 10.860 
011122160641 0.984 21.655 37.996 8.505 8.328 0.258 10.878 
011122162141 0.923 21.651 37.964 8.506 8.328 0.256 10.899 
