SAMBAT Sea Ti  C/T/D/Odo/Fluo/pH GPS : 50195 
V:0,Pression (0/50),dba
V:1,Température (-5/35),°C
V:2,Salinité (2/42),g/l
V:3,Oxygène (0/20),mgl
V:4,PH (0/14),pH
V:5,Fluorescence (0/500),ppb
V:6,Tension batterie,V
291123111507 0.786 16.570 38.534 9.128 8.248 1.625 10.779 
291123113006 0.792 16.574 38.533 9.128 8.249 1.594 10.852 
291123114506 0.818 16.587 38.534 9.127 8.249 2.285 10.883 
291123120006 0.846 16.600 38.535 9.120 8.249 1.131 10.895 
291123121506 0.818 16.620 38.534 9.118 8.248 1.397 10.893 
291123123006 0.828 16.603 38.533 9.122 8.249 1.412 10.882 
291123124506 0.874 16.611 38.532 9.122 8.248 1.921 10.896 
291123130006 0.762 16.604 38.532 9.125 8.248 1.488 10.901 
291123131506 0.848 16.614 38.530 9.124 8.248 1.807 10.895 
291123133006 0.783 16.611 38.531 9.126 8.248 1.602 10.884 
291123134506 0.777 16.615 38.530 9.127 8.248 1.966 10.898 
291123140006 0.892 16.611 38.529 9.130 8.248 1.746 10.902 
291123141506 0.832 16.594 38.534 9.135 8.248 2.080 10.895 
291123143006 0.774 16.596 38.532 9.137 8.248 3.226 10.883 
291123144506 0.775 16.588 38.534 9.144 8.249 2.862 10.897 
291123150006 0.780 16.585 38.526 9.150 8.249 2.923 10.902 
291123151506 0.841 16.581 38.533 9.149 8.249 3.090 10.884 
291123153006 0.867 16.567 38.530 9.156 8.248 3.021 10.881 
291123154506 0.883 16.561 38.534 9.159 8.248 3.371 10.895 
291123160006 0.932 16.568 38.534 9.158 8.249 4.054 10.901 
291123161506 0.701 16.556 38.533 9.162 8.249 3.788 10.894 
291123163006 0.920 16.567 38.534 9.160 8.249 4.137 10.882 
291123164506 0.910 16.564 38.533 9.164 8.249 4.327 10.895 
291123170006 0.809 16.561 38.536 9.165 8.249 4.107 10.901 
291123171506 0.786 16.564 38.532 9.164 8.248 5.018 10.894 
291123173006 0.897 16.559 38.533 9.164 8.249 5.155 10.882 
291123174506 0.814 16.559 38.524 9.165 8.249 5.921 10.895 
291123180006 0.864 16.560 38.524 9.164 8.249 3.917 10.900 
291123181506 0.800 16.550 38.529 9.166 8.248 5.466 10.883 
291123183006 0.828 16.541 38.530 9.168 8.248 4.494 10.879 
291123184506 0.661 16.540 38.525 9.168 8.248 4.418 10.894 
291123190006 0.841 16.532 38.525 9.169 8.248 5.185 10.899 
291123191506 0.811 16.531 38.532 9.167 8.248 4.851 10.892 
291123193006 0.839 16.567 38.527 9.156 8.248 4.251 10.880 
291123194506 0.847 16.565 38.522 9.161 8.248 4.304 10.894 
291123200006 0.807 16.548 38.527 9.161 8.248 4.600 10.899 
291123201506 0.846 16.535 38.519 9.164 8.248 4.350 10.891 
291123203006 0.835 16.516 38.526 9.163 8.249 4.304 10.879 
291123204506 0.915 16.549 38.526 9.156 8.248 4.464 10.893 
291123210006 0.919 16.535 38.522 9.161 8.248 4.244 10.898 
291123211506 0.880 16.556 38.523 9.153 8.248 4.502 10.880 
291123213006 0.928 16.558 38.522 9.152 8.249 3.667 10.876 
291123214506 0.782 16.580 38.521 9.145 8.248 4.327 10.891 
291123220006 0.773 16.583 38.520 9.145 8.248 4.304 10.896 
291123221506 0.730 16.571 38.521 9.147 8.248 4.221 10.891 
291123223006 0.808 16.583 38.520 9.144 8.248 4.699 10.878 
291123224506 0.874 16.574 38.516 9.145 8.248 4.282 10.892 
291123230006 0.850 16.574 38.529 9.141 8.248 4.206 10.897 
291123231506 0.805 16.585 38.524 9.139 8.247 4.008 10.890 
291123233006 0.860 16.592 38.523 9.135 8.247 4.919 10.878 
291123234506 0.834 16.591 38.523 9.136 8.247 4.426 10.891 
301123000006 0.800 16.571 38.527 9.142 8.248 4.373 10.896 
301123001506 0.907 16.577 38.529 9.138 8.247 4.631 10.879 
301123003006 0.904 16.595 38.524 9.131 8.247 3.796 10.874 
301123004506 0.816 16.583 38.521 9.139 8.248 3.621 10.889 
301123010006 0.867 16.581 38.521 9.140 8.248 4.213 10.895 
301123011506 0.824 16.599 38.519 9.138 8.248 4.471 10.889 
301123013006 0.783 16.603 38.525 9.133 8.248 4.244 10.876 
301123014506 0.856 16.614 38.523 9.131 8.248 3.545 10.890 
301123020006 0.799 16.604 38.524 9.133 8.248 3.978 10.895 
301123021506 0.884 16.620 38.525 9.131 8.248 4.168 10.885 
301123023006 0.815 16.592 38.524 9.142 8.248 4.190 10.874 
301123024506 0.800 16.613 38.523 9.134 8.248 3.818 10.890 
301123030006 0.796 16.614 38.520 9.134 8.248 3.773 10.895 
301123031506 0.756 16.616 38.521 9.134 8.248 3.925 10.877 
301123033006 0.818 16.604 38.525 9.136 8.248 3.887 10.873 
301123034506 0.792 16.616 38.527 9.132 8.248 3.454 10.888 
301123040006 0.790 16.624 38.522 9.131 8.248 3.947 10.894 
301123041506 0.795 16.625 38.522 9.131 8.248 3.947 10.888 
301123043006 0.803 16.627 38.521 9.131 8.246 4.046 10.875 
301123044506 0.746 16.630 38.523 9.131 8.248 4.623 10.889 
301123050006 0.750 16.634 38.521 9.132 8.248 5.815 10.894 
301123051506 0.742 16.630 38.520 9.133 8.248 4.221 10.885 
301123053006 0.789 16.640 38.519 9.134 8.248 4.881 10.875 
301123054506 0.814 16.638 38.523 9.134 8.248 3.872 10.889 
301123060006 0.738 16.640 38.519 9.135 8.248 3.940 10.894 
301123061506 0.751 16.640 38.521 9.134 8.248 3.932 10.876 
301123063006 0.798 16.645 38.518 9.134 8.248 5.564 10.872 
301123064506 0.796 16.642 38.520 9.134 8.248 5.124 10.887 
301123070006 0.827 16.646 38.514 9.133 8.248 3.636 10.892 
301123071506 0.817 16.659 38.513 9.129 8.248 3.955 10.886 
301123073006 0.829 16.645 38.522 9.132 8.249 5.352 10.874 
301123074506 0.800 16.666 38.516 9.129 8.248 3.743 10.888 
301123080006 0.803 16.665 38.513 9.129 8.248 3.788 10.893 
301123081506 0.730 16.669 38.513 9.129 8.248 3.872 10.886 
301123083006 0.807 16.669 38.514 9.129 8.248 3.211 10.874 
301123084506 0.722 16.667 38.515 9.130 8.248 3.067 10.887 
301123090006 0.819 16.675 38.513 9.127 8.248 3.416 10.892 
301123091506 0.783 16.682 38.512 9.126 8.248 3.773 10.875 
301123093006 0.742 16.679 38.515 9.128 8.248 2.854 10.871 
301123094506 0.850 16.688 38.513 9.125 8.248 3.667 10.886 
301123100006 0.823 16.682 38.509 9.128 8.248 3.135 10.891 
301123101506 0.782 16.688 38.509 9.128 8.248 3.431 10.884 
301123103006 0.812 16.689 38.508 9.129 8.248 2.687 10.873 
301123104506 0.723 16.706 38.508 9.122 8.248 2.703 10.886 
301123110006 0.774 16.713 38.511 9.121 8.248 2.270 10.892 
301123111506 0.838 16.716 38.512 9.121 8.248 1.830 10.884 
