SAMBAT Sea Ti  C/T/D/Odo/Fluo/pH GPS : 50195 
V:0,Pression (0/50),m
V:1,Température (-5/35),°C
V:2,Salinité (2/42),g/l
V:3,Oxygène (0/20),mgl
V:4,PH (0/14),pH
V:5,Fluorescence (0/50),µgl
V:6,Tension batterie,V
261222183739 1.031 16.352 37.836 9.209 8.348 0.479 10.730 
261222185238 1.007 16.328 37.842 9.210 8.348 0.355 10.817 
261222190738 1.056 16.311 37.843 9.213 8.349 0.540 10.817 
261222192238 0.999 16.294 37.849 9.212 8.349 0.348 10.842 
261222193738 1.012 16.281 37.857 9.215 8.349 0.365 10.852 
261222195238 0.998 16.266 37.853 9.219 8.349 0.429 10.857 
261222200738 1.061 16.168 37.824 9.238 8.350 0.430 10.833 
261222202238 1.046 16.184 37.827 9.221 8.350 0.466 10.849 
261222203738 1.021 16.184 37.837 9.217 8.350 0.471 10.856 
261222205238 0.977 16.206 37.837 9.207 8.349 0.762 10.859 
261222210738 1.007 16.214 37.853 9.197 8.349 0.476 10.823 
261222212238 1.013 16.222 37.861 9.189 8.349 0.374 10.845 
261222213738 1.050 16.216 37.858 9.187 8.349 0.474 10.854 
261222215238 1.015 16.205 37.852 9.184 8.349 0.482 10.858 
261222220738 0.990 16.170 37.833 9.196 8.350 0.374 10.833 
261222222238 1.028 16.209 37.853 9.178 8.349 0.390 10.849 
261222223738 1.062 16.213 37.856 9.180 8.349 0.440 10.856 
261222225238 1.039 16.208 37.851 9.185 8.349 0.349 10.859 
261222230738 1.033 16.202 37.853 9.183 8.349 0.562 10.833 
261222232238 1.008 16.206 37.846 9.184 8.349 0.514 10.849 
261222233738 0.955 16.202 37.848 9.187 8.349 0.432 10.856 
261222235238 1.063 16.179 37.817 9.191 8.349 0.367 10.859 
271222000738 1.058 16.202 37.840 9.188 8.350 0.447 10.824 
271222002238 1.034 16.203 37.846 9.188 8.349 0.396 10.845 
271222003738 1.054 16.204 37.834 9.190 8.350 0.432 10.854 
271222005238 0.994 16.196 37.842 9.195 8.350 0.399 10.858 
271222010738 0.989 16.159 37.827 9.209 8.350 0.415 10.833 
271222012238 1.002 16.186 37.832 9.199 8.351 0.400 10.849 
271222013738 1.044 16.171 37.837 9.209 8.351 0.433 10.856 
271222015238 1.059 16.187 37.827 9.199 8.351 0.389 10.859 
271222020738 1.056 16.180 37.829 9.206 8.351 0.385 10.833 
271222022238 1.107 16.164 37.840 9.213 8.351 0.467 10.849 
271222023738 1.024 16.190 37.834 9.203 8.351 0.470 10.856 
271222025238 1.030 16.181 37.830 9.204 8.351 0.368 10.859 
271222030738 1.039 16.178 37.831 9.203 8.351 0.369 10.824 
271222032238 1.012 16.168 37.834 9.204 8.352 0.420 10.845 
271222033738 1.080 16.176 37.832 9.201 8.351 0.374 10.854 
271222035238 1.088 16.173 37.837 9.204 8.352 0.335 10.858 
271222040738 1.028 16.180 37.841 9.199 8.351 0.369 10.833 
271222042238 0.984 16.174 37.838 9.209 8.352 0.430 10.849 
271222043738 0.980 16.164 37.833 9.208 8.352 0.365 10.856 
271222045238 1.023 16.165 37.835 9.208 8.353 0.478 10.859 
271222050738 0.998 16.161 37.833 9.210 8.352 0.341 10.833 
271222052238 1.078 16.150 37.835 9.216 8.354 0.623 10.849 
271222053738 0.983 16.143 37.832 9.219 8.353 0.424 10.856 
271222055238 1.027 16.144 37.835 9.217 8.353 0.423 10.859 
271222060738 1.046 16.140 37.835 9.214 8.354 0.389 10.831 
271222062238 1.000 16.134 37.839 9.213 8.353 0.355 10.849 
271222063738 1.007 16.150 37.834 9.215 8.354 0.349 10.856 
271222065238 1.008 16.150 37.825 9.216 8.354 0.355 10.859 
271222070738 0.967 16.146 37.829 9.217 8.354 0.328 10.823 
271222072238 1.041 16.156 37.829 9.217 8.354 0.361 10.845 
271222073738 1.047 16.148 37.828 9.218 8.354 0.370 10.854 
271222075238 1.062 16.151 37.835 9.216 8.354 0.333 10.858 
271222080738 0.994 16.123 37.838 9.220 8.354 0.414 10.833 
271222082238 1.035 16.142 37.845 9.215 8.354 0.444 10.849 
271222083738 0.986 16.122 37.841 9.220 8.354 0.500 10.856 
271222085238 0.942 16.161 37.837 9.215 8.354 0.452 10.859 
271222090738 0.986 16.126 37.834 9.219 8.354 0.391 10.832 
271222092238 1.043 16.178 37.841 9.204 8.354 0.369 10.849 
271222093738 1.025 16.137 37.831 9.210 8.354 0.347 10.856 
271222095238 0.977 16.148 37.830 9.210 8.354 0.285 10.859 
271222100738 1.045 16.156 37.840 9.207 8.354 0.227 10.832 
271222102238 0.970 16.175 37.839 9.202 8.353 0.179 10.849 
271222103738 0.996 16.179 37.831 9.201 8.353 0.180 10.856 
271222105238 0.997 16.172 37.839 9.206 8.352 0.206 10.859 
271222110738 1.029 16.183 37.840 9.203 8.352 0.173 10.824 
271222112238 0.987 16.182 37.846 9.203 8.352 0.165 10.845 
271222113738 1.130 16.191 37.847 9.203 8.351 0.166 10.854 
271222115238 0.921 16.191 37.841 9.204 8.351 0.117 10.858 
271222120738 1.088 16.196 37.849 9.207 8.350 0.157 10.832 
271222122238 1.010 16.205 37.843 9.206 8.350 0.157 10.849 
271222123738 1.138 16.206 37.841 9.211 8.349 0.145 10.856 
271222125238 1.041 16.208 37.849 9.211 8.348 0.099 10.859 
271222130738 1.006 16.213 37.856 9.213 8.347 0.095 10.823 
271222132238 1.063 16.219 37.845 9.222 8.347 0.132 10.845 
271222133738 0.955 16.224 37.857 9.223 8.346 0.123 10.854 
271222135238 1.119 16.226 37.844 9.229 8.345 0.116 10.858 
271222140738 1.066 16.229 37.852 9.232 8.344 0.136 10.832 
271222142238 0.967 16.225 37.856 9.240 8.344 0.125 10.849 
271222143738 1.088 16.220 37.843 9.245 8.344 0.163 10.856 
271222145238 1.004 16.217 37.841 9.244 8.343 0.128 10.859 
271222150738 1.012 16.220 37.844 9.246 8.343 0.140 10.824 
271222152238 0.974 16.222 37.843 9.247 8.342 0.155 10.846 
271222153738 1.089 16.218 37.837 9.252 8.342 0.143 10.854 
271222155238 0.994 16.215 37.841 9.249 8.342 0.164 10.858 
271222160738 0.963 16.212 37.843 9.253 8.342 0.206 10.833 
271222162238 1.108 16.206 37.846 9.253 8.342 0.215 10.849 
271222163738 1.040 16.210 37.842 9.257 8.341 0.285 10.856 
271222165238 1.119 16.207 37.847 9.259 8.341 0.341 10.859 
271222170738 1.018 16.202 37.831 9.261 8.341 0.352 10.822 
271222172238 0.994 16.198 37.862 9.263 8.341 0.495 10.845 
271222173738 1.102 16.197 37.841 9.260 8.341 0.728 10.853 
271222175238 1.065 16.193 37.843 9.258 8.341 0.389 10.858 
271222180738 1.041 16.199 37.840 9.253 8.341 0.369 10.832 
271222182238 0.985 16.192 37.901 9.253 8.341 0.363 10.849 
271222183738 0.991 16.176 37.846 9.251 8.342 0.367 10.856 
