SAMBAT Sea Ti  C/T/D/Odo/Fluo/pH GPS : 50195 
V:0,Pression (0/50),m
V:1,Température (-5/35),°C
V:2,Salinité (2/42),g/l
V:3,Oxygène (0/20),mgl
V:4,PH (0/14),pH
V:5,Fluorescence (0/50),µgl
V:6,Tension batterie,V
131022153827 0.941 21.897 38.417 8.267 8.327 0.101 10.773 
131022155326 0.912 21.934 38.425 8.271 8.327 0.166 10.736 
131022160826 0.911 21.905 38.416 8.276 8.324 0.109 10.879 
131022162326 0.839 21.927 38.413 8.267 8.324 0.105 10.897 
131022163826 0.942 21.904 38.422 8.270 8.326 0.157 10.904 
131022165326 0.935 21.887 38.411 8.266 8.326 0.169 10.838 
131022170826 0.924 21.855 38.412 8.262 8.327 0.212 10.890 
131022172326 0.902 21.824 38.409 8.261 8.326 0.231 10.902 
131022173826 0.945 21.818 38.415 8.255 8.325 0.680 10.906 
131022175326 0.958 21.817 38.415 8.243 8.325 1.565 10.753 
131022180826 0.919 21.818 38.412 8.236 8.326 0.259 10.882 
131022182326 0.949 21.812 38.414 8.231 8.325 0.285 10.899 
131022183826 0.906 21.836 38.413 8.221 8.325 5.037 10.905 
131022185326 0.927 21.848 38.415 8.214 8.325 8.263 10.839 
131022190826 0.940 21.833 38.414 8.205 8.324 0.351 10.890 
131022192326 0.919 21.823 38.413 8.201 8.325 35.452 10.901 
131022193826 0.942 21.811 38.416 8.204 8.325 3.651 10.906 
131022195326 0.917 21.804 38.409 8.203 8.325 5.826 10.838 
131022200826 0.931 21.784 38.415 8.207 8.326 0.295 10.890 
131022202326 0.912 21.778 38.415 8.207 8.325 0.246 10.902 
131022203826 0.907 21.762 38.415 8.206 8.327 0.357 10.906 
131022205326 0.931 21.761 38.413 8.211 8.325 0.295 10.749 
131022210826 0.937 21.752 38.408 8.208 8.328 0.323 10.881 
131022212326 0.945 21.747 38.409 8.204 8.324 0.286 10.899 
131022213826 0.928 21.733 38.407 8.200 8.329 0.290 10.905 
131022215326 0.929 21.741 38.410 8.188 8.329 0.293 10.836 
131022220826 0.909 21.730 38.407 8.184 8.329 0.350 10.889 
131022222326 0.930 21.739 38.402 8.177 8.329 0.350 10.901 
131022223826 0.914 21.716 38.410 8.173 8.330 0.322 10.906 
131022225326 0.916 21.712 38.410 8.167 8.327 0.291 10.754 
131022230826 0.931 21.707 38.410 8.155 8.330 0.323 10.882 
131022232326 0.951 21.690 38.406 8.145 8.330 0.393 10.899 
131022233826 0.924 21.659 38.406 8.138 8.330 0.352 10.905 
131022235326 0.936 21.664 38.405 8.130 8.331 0.304 10.838 
141022000826 0.917 21.661 38.410 8.129 8.328 0.305 10.889 
141022002326 0.917 21.661 38.406 8.126 8.327 0.281 10.901 
141022003826 0.907 21.672 38.412 8.120 8.330 0.251 10.906 
141022005326 0.915 21.660 38.412 8.115 8.330 0.291 10.840 
141022010826 0.924 21.660 38.411 8.110 8.330 0.222 10.889 
141022012326 0.927 21.654 38.411 8.108 8.332 0.302 10.901 
141022013826 0.920 21.639 38.408 8.115 8.332 0.202 10.906 
141022015326 0.901 21.649 38.407 8.120 8.331 0.314 10.749 
141022020826 0.892 21.634 38.407 8.131 8.332 0.188 10.885 
141022022326 0.931 21.623 38.380 8.138 8.333 0.329 10.899 
141022023826 0.924 21.610 38.379 8.138 8.333 0.223 10.905 
141022025326 0.940 21.582 38.386 8.151 8.331 0.269 10.835 
141022030826 0.894 21.608 38.405 8.150 8.335 0.271 10.888 
141022032326 0.944 21.600 38.405 8.157 8.335 0.258 10.900 
141022033826 0.892 21.614 38.384 8.160 8.334 0.274 10.905 
141022035326 0.883 21.611 38.401 8.162 8.325 0.262 10.750 
141022040826 0.933 21.613 38.409 8.168 8.336 0.259 10.883 
141022042326 0.905 21.619 38.413 8.171 8.335 0.174 10.898 
141022043826 0.882 21.608 38.420 8.176 8.337 0.230 10.904 
141022045326 0.894 21.593 38.418 8.189 8.336 0.281 10.836 
141022050826 0.942 21.594 38.420 8.197 8.337 0.284 10.888 
141022052326 0.915 21.593 38.408 8.200 8.334 0.291 10.901 
141022053826 0.947 21.605 38.402 8.202 8.337 0.250 10.905 
141022055326 0.858 21.600 38.412 8.210 8.333 0.347 10.739 
141022060826 0.898 21.594 38.414 8.218 8.337 0.234 10.881 
141022062326 0.879 21.599 38.417 8.226 8.336 0.391 10.897 
141022063826 0.931 21.588 38.417 8.233 8.338 0.280 10.903 
141022065326 0.834 21.574 38.423 8.238 8.333 0.244 10.838 
141022070826 0.939 21.582 38.417 8.240 8.325 0.259 10.888 
141022072326 0.869 21.578 38.419 8.241 8.336 0.343 10.901 
141022073826 0.890 21.562 38.414 8.249 8.338 0.291 10.905 
141022075326 0.883 21.551 38.412 8.259 8.339 0.215 10.837 
141022080826 0.865 21.572 38.409 8.255 8.337 0.371 10.888 
141022082326 0.864 21.558 38.403 8.255 8.337 0.373 10.900 
141022083826 0.938 21.567 38.412 8.256 8.335 0.232 10.905 
141022085326 0.861 21.557 38.409 8.258 8.336 1.485 10.749 
141022090826 0.862 21.571 38.416 8.255 8.336 0.574 10.880 
141022092326 0.875 21.568 38.406 8.256 8.337 0.726 10.897 
141022093826 0.922 21.577 38.421 8.255 8.334 1.286 10.903 
141022095326 0.911 21.588 38.416 8.256 8.335 1.073 10.744 
141022100826 0.832 21.595 38.424 8.260 8.333 1.578 10.883 
141022102326 0.883 21.603 38.419 8.259 8.331 1.465 10.898 
141022103826 0.875 21.607 38.421 8.264 8.332 1.757 10.904 
141022105326 0.732 21.620 38.418 8.265 8.332 1.171 10.838 
141022110826 0.854 21.621 38.422 8.270 8.329 3.752 10.888 
141022112326 0.906 21.623 38.414 8.273 8.329 0.385 10.901 
141022113826 0.951 21.621 38.425 8.276 8.327 0.679 10.905 
141022115326 0.860 21.635 38.428 8.276 8.328 2.452 10.835 
141022120826 0.902 21.660 38.417 8.269 8.330 3.937 10.888 
141022122326 0.916 21.676 38.419 8.272 8.328 3.452 10.901 
141022123826 0.914 21.700 38.427 8.271 8.328 0.172 10.905 
141022125326 0.898 21.691 38.425 8.277 8.326 0.939 10.748 
141022130826 0.895 21.712 38.443 8.276 8.325 1.972 10.881 
141022132326 0.979 21.733 38.442 8.278 8.325 1.422 10.898 
141022133826 0.929 21.723 38.441 8.282 8.325 0.178 10.904 
141022135326 0.830 21.723 38.441 8.290 8.324 1.675 10.836 
141022140826 0.911 21.716 38.445 8.297 8.324 0.155 10.889 
141022142326 0.931 21.715 38.445 8.302 8.322 5.685 10.901 
141022143826 0.924 21.773 38.446 8.291 8.320 0.077 10.906 
141022145326 0.913 21.794 38.447 8.289 8.320 2.260 10.744 
141022150826 0.777 21.752 38.448 8.303 8.314 0.183 10.881 
141022152326 0.890 21.749 38.445 8.308 8.317 0.142 10.899 
141022153826 0.907 21.727 38.435 8.319 8.313 0.157 10.905 
