SAMBAT Sea Ti  C/T/D/Odo/Fluo/pH GPS : 50195 
V:0,Pression (0/50),dba
V:1,Température (-5/35),°C
V:2,Salinité (2/42),g/l
V:3,Oxygène (0/20),mgl
V:4,PH (0/14),pH
V:5,Fluorescence (0/500),ppb
V:6,Tension batterie,V
100523114333 0.724 18.554 38.174 9.756 8.248 1.154 10.762 
100523115832 0.923 18.565 38.170 9.756 8.246 0.744 10.854 
100523121332 0.744 18.555 38.176 9.759 8.247 1.245 10.883 
100523122832 0.664 18.538 38.175 9.768 8.246 1.306 10.893 
100523124332 0.766 18.540 38.173 9.769 8.243 0.471 10.863 
100523125832 0.853 18.535 38.173 9.770 8.243 0.820 10.888 
100523131332 0.837 18.559 38.172 9.762 8.243 0.547 10.896 
100523132832 0.713 18.569 38.174 9.759 8.242 1.389 10.898 
100523134332 0.798 18.600 38.171 9.757 8.242 0.600 10.853 
100523135832 0.758 18.616 38.167 9.753 8.241 0.516 10.886 
100523141332 0.828 18.603 38.155 9.755 8.240 0.812 10.895 
100523142832 0.795 18.626 38.158 9.754 8.239 0.721 10.898 
100523144332 0.733 18.645 38.166 9.746 8.239 0.934 10.865 
100523145832 0.760 18.654 38.163 9.739 8.239 0.638 10.890 
100523151332 0.847 18.674 38.157 9.735 8.238 0.554 10.897 
100523152832 0.801 18.685 38.165 9.728 8.239 0.463 10.900 
100523154332 0.716 18.696 38.164 9.727 8.241 0.850 10.866 
100523155832 0.780 18.703 38.167 9.723 8.244 0.235 10.891 
100523161332 0.831 18.740 38.162 9.713 8.243 0.349 10.898 
100523162832 0.772 18.748 38.164 9.709 8.245 0.767 10.900 
100523164332 0.671 18.757 38.164 9.703 8.247 0.812 10.863 
100523165832 0.824 18.778 38.159 9.700 8.248 1.442 10.890 
100523171332 0.802 18.795 38.158 9.698 8.250 0.949 10.897 
100523172832 0.714 18.820 38.163 9.694 8.250 1.017 10.901 
100523174332 0.683 18.834 38.160 9.696 8.251 1.875 10.854 
100523175832 0.737 18.869 38.134 9.690 8.267 1.981 10.887 
100523181332 0.679 18.945 38.111 9.683 8.272 2.232 10.897 
100523182832 0.793 18.968 38.094 9.685 8.274 1.852 10.900 
100523184332 0.836 18.992 38.089 9.685 8.275 1.533 10.870 
100523185832 0.653 19.035 38.090 9.687 8.274 1.609 10.893 
100523191332 0.781 19.059 38.095 9.692 8.274 1.769 10.899 
100523192832 0.760 19.065 38.094 9.701 8.274 1.883 10.902 
100523194332 0.860 19.041 38.098 9.717 8.274 1.685 10.854 
100523195832 0.784 19.041 38.112 9.728 8.277 1.579 10.888 
100523201332 0.723 19.014 38.102 9.751 8.280 1.617 10.897 
100523202832 0.828 18.983 38.099 9.777 8.289 1.784 10.901 
100523204332 0.856 18.952 38.082 9.808 8.289 1.647 10.867 
100523205832 0.707 18.956 38.093 9.829 8.287 2.034 10.892 
100523211332 0.712 18.921 38.102 9.860 8.284 1.700 10.899 
100523212832 0.764 18.972 38.082 9.868 8.291 2.368 10.901 
100523214332 0.840 18.968 38.079 9.891 8.293 1.951 10.871 
100523215832 0.781 18.962 38.089 9.910 8.292 1.867 10.894 
100523221332 0.814 18.876 38.099 9.953 8.288 1.632 10.899 
100523222832 0.826 18.827 38.098 9.990 8.286 2.217 10.901 
100523224332 0.772 18.727 38.121 10.030 8.275 1.526 10.866 
100523225832 0.863 18.710 38.117 10.047 8.277 1.708 10.892 
100523231332 0.798 18.735 38.113 10.056 8.281 1.533 10.898 
100523232832 0.783 18.711 38.109 10.076 8.279 1.746 10.900 
100523234332 0.725 18.685 38.113 10.091 8.277 1.389 10.854 
100523235832 0.806 18.642 38.122 10.116 8.278 1.670 10.886 
110523001332 0.730 18.633 38.111 10.125 8.277 1.685 10.896 
110523002832 0.850 18.646 38.123 10.124 8.276 1.374 10.898 
110523004332 0.789 18.622 38.119 10.139 8.277 1.435 10.865 
110523005832 0.772 18.627 38.123 10.140 8.277 1.366 10.889 
110523011332 0.814 18.616 38.125 10.144 8.278 1.427 10.896 
110523012832 0.796 18.604 38.112 10.154 8.278 1.670 10.899 
110523014332 0.799 18.587 38.105 10.161 8.279 1.723 10.864 
110523015832 0.814 18.602 38.109 10.159 8.279 1.306 10.889 
110523021332 0.800 18.580 38.111 10.166 8.279 1.792 10.896 
110523022832 0.750 18.582 38.112 10.162 8.279 1.533 10.898 
110523024332 0.776 18.549 38.142 10.160 8.278 1.761 10.851 
110523025832 0.766 18.506 38.118 10.169 8.279 1.746 10.884 
110523031332 0.772 18.541 38.136 10.150 8.278 1.754 10.894 
110523032832 0.748 18.547 38.150 10.142 8.278 1.511 10.897 
110523034332 0.810 18.537 38.147 10.139 8.279 1.700 10.863 
110523035832 0.729 18.500 38.149 10.139 8.279 1.495 10.888 
110523041332 0.785 18.530 38.146 10.120 8.279 1.458 10.895 
110523042832 0.789 18.505 38.144 10.119 8.279 1.655 10.897 
110523044332 0.767 18.521 38.135 10.108 8.279 1.533 10.862 
110523045832 0.780 18.505 38.139 10.109 8.279 1.541 10.888 
110523051332 0.794 18.485 38.141 10.108 8.279 1.761 10.895 
110523052832 0.779 18.480 38.139 10.105 8.279 1.594 10.897 
110523054332 0.787 18.483 38.136 10.101 8.280 1.518 10.851 
110523055832 0.888 18.501 38.133 10.094 8.281 1.860 10.883 
110523061332 0.817 18.519 38.132 10.090 8.281 1.549 10.893 
110523062832 0.824 18.519 38.132 10.091 8.281 1.632 10.896 
110523064332 0.803 18.532 38.128 10.090 8.282 1.708 10.862 
110523065832 0.810 18.548 38.128 10.086 8.283 1.776 10.887 
110523071332 0.818 18.542 38.127 10.090 8.283 1.283 10.894 
110523072832 0.790 18.553 38.125 10.085 8.283 1.427 10.897 
110523074332 0.832 18.567 38.122 10.085 8.283 1.473 10.851 
110523075832 0.837 18.570 38.123 10.084 8.284 1.207 10.883 
110523081332 0.853 18.602 38.125 10.080 8.284 0.994 10.893 
110523082832 0.821 18.618 38.120 10.082 8.282 0.812 10.896 
110523084332 0.810 18.634 38.133 10.082 8.284 1.124 10.862 
110523085832 0.804 18.656 38.115 10.078 8.284 0.979 10.888 
110523091332 0.663 18.691 38.125 10.076 8.283 0.759 10.895 
110523092832 0.755 18.678 38.114 10.085 8.283 1.086 10.897 
110523094332 0.757 18.713 38.116 10.083 8.283 0.911 10.862 
110523095832 0.834 18.750 38.121 10.077 8.282 0.486 10.888 
110523101332 0.782 18.757 38.117 10.081 8.279 0.827 10.895 
110523102832 0.777 18.655 38.181 10.093 8.277 0.865 10.897 
110523104332 0.875 18.574 38.121 10.125 8.268 0.858 10.852 
110523105832 0.860 18.531 38.100 10.140 8.258 0.357 10.884 
110523111332 0.814 18.648 38.013 10.123 8.259 0.539 10.894 
110523112832 0.774 18.386 38.116 10.170 8.252 0.175 10.896 
110523114332 0.790 18.441 38.165 10.133 8.252 0.357 10.866 
