SAMBAT Sea Ti  C/T/D/Odo/Fluo/pH GPS : 50195 
V:0,Pression (0/50),dba
V:1,Température (-5/35),°C
V:2,Salinité (2/42),g/l
V:3,Oxygène (0/20),mgl
V:4,PH (0/14),pH
V:5,Fluorescence (0/500),ppb
V:6,Tension batterie,V
071223113510 0.944 16.498 38.485 9.165 8.238 1.541 10.743 
071223115009 0.953 16.482 38.481 9.173 8.238 1.495 10.823 
071223120509 0.948 16.517 38.485 9.162 8.239 1.556 10.833 
071223122009 0.961 16.526 38.486 9.164 8.239 1.070 10.817 
071223123509 0.943 16.536 38.482 9.165 8.239 1.199 10.851 
071223125009 0.947 16.562 38.482 9.160 8.239 1.207 10.862 
071223130509 0.949 16.554 38.484 9.163 8.239 1.359 10.847 
071223132009 0.949 16.555 38.484 9.167 8.238 1.215 10.822 
071223133509 0.964 16.565 38.485 9.168 8.239 1.389 10.854 
071223135009 0.919 16.577 38.491 9.166 8.240 2.141 10.864 
071223140509 0.950 16.573 38.490 9.171 8.240 1.139 10.824 
071223142009 0.952 16.550 38.481 9.178 8.240 1.556 10.818 
071223143509 0.941 16.567 38.488 9.177 8.240 1.374 10.852 
071223145009 0.953 16.557 38.487 9.182 8.240 1.640 10.863 
071223150509 0.949 16.559 38.489 9.185 8.240 1.852 10.848 
071223152009 0.924 16.555 38.485 9.188 8.241 2.194 10.822 
071223153509 0.964 16.557 38.487 9.189 8.241 2.239 10.854 
071223155009 0.929 16.551 38.480 9.194 8.241 2.870 10.865 
071223160509 0.974 16.535 38.489 9.199 8.241 3.295 10.847 
071223162009 0.886 16.537 38.485 9.201 8.241 3.401 10.822 
071223163509 0.959 16.534 38.483 9.201 8.241 3.325 10.854 
071223165009 0.963 16.528 38.482 9.202 8.241 3.978 10.864 
071223170509 0.887 16.517 38.483 9.204 8.241 3.371 10.825 
071223172009 0.939 16.493 38.487 9.208 8.241 3.955 10.818 
071223173509 0.963 16.500 38.479 9.206 8.241 4.168 10.852 
071223175009 0.940 16.486 38.487 9.207 8.241 3.257 10.863 
071223180509 0.907 16.478 38.492 9.207 8.241 3.796 10.849 
071223182009 0.931 16.493 38.475 9.211 8.241 3.545 10.823 
071223183509 0.993 16.487 38.482 9.212 8.241 3.325 10.854 
071223185009 1.023 16.476 38.489 9.210 8.241 3.340 10.864 
071223190509 0.946 16.451 38.483 9.217 8.241 3.439 10.848 
071223192009 0.973 16.469 38.493 9.212 8.241 3.651 10.822 
071223193509 0.945 16.479 38.486 9.209 8.241 4.160 10.854 
071223195009 0.942 16.467 38.484 9.211 8.240 4.054 10.864 
071223200509 0.995 16.455 38.490 9.213 8.241 4.122 10.824 
071223202009 0.969 16.459 38.480 9.212 8.241 3.295 10.817 
071223203509 0.984 16.458 38.474 9.211 8.240 3.439 10.851 
071223205009 0.953 16.431 38.478 9.214 8.241 3.545 10.862 
071223210509 0.949 16.462 38.485 9.203 8.240 3.568 10.848 
071223212009 0.918 16.444 38.478 9.206 8.239 4.464 10.821 
071223213509 0.930 16.456 38.485 9.201 8.241 3.477 10.853 
071223215009 0.951 16.449 38.475 9.205 8.241 4.228 10.863 
071223220509 0.948 16.454 38.477 9.202 8.241 3.879 10.846 
071223222009 0.898 16.447 38.483 9.199 8.241 3.469 10.821 
071223223509 0.984 16.442 38.481 9.201 8.240 2.885 10.853 
071223225009 0.962 16.456 38.485 9.197 8.241 3.173 10.863 
071223230509 1.002 16.439 38.487 9.200 8.242 3.788 10.823 
071223232009 0.933 16.435 38.489 9.200 8.241 3.758 10.817 
071223233509 0.953 16.434 38.489 9.201 8.241 3.105 10.851 
071223235009 0.904 16.445 38.487 9.196 8.240 3.439 10.862 
081223000509 0.912 16.451 38.477 9.196 8.241 3.606 10.846 
081223002009 0.939 16.448 38.488 9.193 8.240 4.760 10.821 
081223003509 0.980 16.448 38.487 9.192 8.241 5.079 10.853 
081223005009 0.960 16.426 38.485 9.197 8.241 3.272 10.862 
081223010509 0.943 16.448 38.485 9.194 8.242 3.947 10.847 
081223012009 0.937 16.449 38.490 9.189 8.241 3.249 10.820 
081223013509 0.943 16.454 38.484 9.188 8.241 3.591 10.852 
081223015009 0.911 16.456 38.484 9.187 8.241 3.029 10.863 
081223020509 0.863 16.449 38.489 9.186 8.241 3.006 10.824 
081223022009 0.931 16.452 38.488 9.185 8.241 4.008 10.816 
081223023509 0.915 16.441 38.482 9.187 8.241 3.917 10.850 
081223025009 0.934 16.424 38.491 9.191 8.241 3.105 10.861 
081223030509 0.925 16.435 38.483 9.189 8.241 3.500 10.846 
081223032009 0.927 16.436 38.486 9.188 8.241 3.249 10.820 
081223033509 0.886 16.425 38.493 9.189 8.241 3.705 10.852 
081223035009 0.921 16.435 38.484 9.187 8.242 3.006 10.862 
081223040509 0.894 16.413 38.486 9.189 8.242 3.484 10.845 
081223042009 0.928 16.423 38.487 9.184 8.241 3.591 10.820 
081223043509 0.913 16.407 38.488 9.185 8.241 2.786 10.852 
081223045009 0.922 16.415 38.484 9.183 8.241 3.454 10.862 
081223050509 0.895 16.426 38.490 9.180 8.241 3.446 10.823 
081223052009 0.903 16.423 38.487 9.179 8.242 2.551 10.816 
081223053509 0.882 16.413 38.488 9.180 8.242 3.606 10.849 
081223055009 0.895 16.425 38.486 9.178 8.242 3.932 10.861 
081223060509 0.911 16.406 38.485 9.184 8.242 3.416 10.846 
081223062009 0.896 16.405 38.485 9.182 8.242 3.674 10.820 
081223063509 0.921 16.416 38.486 9.176 8.242 3.538 10.851 
081223065009 0.930 16.399 38.487 9.181 8.242 3.636 10.861 
081223070509 0.912 16.395 38.487 9.181 8.242 3.317 10.846 
081223072009 0.948 16.404 38.489 9.177 8.242 4.001 10.820 
081223073509 0.889 16.406 38.487 9.174 8.242 5.056 10.851 
081223075009 0.881 16.388 38.485 9.177 8.242 3.477 10.862 
081223080509 0.901 16.400 38.484 9.175 8.243 4.046 10.842 
081223082009 0.877 16.392 38.488 9.176 8.242 3.128 10.818 
081223083509 0.857 16.406 38.485 9.173 8.242 3.241 10.851 
081223085009 0.926 16.394 38.488 9.176 8.243 3.803 10.861 
081223090509 0.880 16.398 38.487 9.174 8.242 3.515 10.822 
081223092009 0.882 16.404 38.486 9.172 8.243 3.780 10.815 
081223093509 0.853 16.381 38.490 9.180 8.243 3.196 10.849 
081223095009 0.907 16.382 38.487 9.178 8.243 2.733 10.860 
081223100509 0.892 16.361 38.485 9.183 8.243 2.839 10.845 
081223102009 0.918 16.375 38.488 9.179 8.243 3.128 10.819 
081223103509 0.859 16.369 38.490 9.180 8.243 2.961 10.851 
081223105009 0.875 16.374 38.488 9.178 8.243 3.325 10.861 
081223110509 0.864 16.376 38.486 9.178 8.243 2.778 10.845 
081223112009 0.874 16.379 38.487 9.177 8.243 2.551 10.818 
081223113509 0.926 16.380 38.490 9.177 8.243 3.454 10.850 
