SAMBAT Sea Ti  C/T/D/Odo/Fluo/pH GPS : 50195 
V:0,Pression (0/50),dba
V:1,Température (-5/35),°C
V:2,Salinité (2/42),g/l
V:3,Oxygène (0/20),mgl
V:4,PH (0/14),pH
V:5,Fluorescence (0/500),ppb
V:6,Tension batterie,V
231223123241 0.901 15.717 38.446 9.339 8.255 1.723 10.741 
231223124740 0.967 15.729 38.446 9.337 8.254 1.943 10.822 
231223130240 0.927 15.729 38.445 9.338 8.254 1.458 10.849 
231223131740 0.929 15.727 38.450 9.341 8.253 1.192 10.848 
231223133240 0.965 15.715 38.448 9.346 8.253 1.298 10.844 
231223134740 0.901 15.718 38.451 9.345 8.254 1.389 10.859 
231223140240 0.916 15.717 38.446 9.348 8.254 1.382 10.865 
231223141740 0.918 15.718 38.443 9.350 8.253 1.754 10.856 
231223143240 0.834 15.720 38.446 9.351 8.254 1.640 10.848 
231223144740 0.833 15.718 38.446 9.351 8.253 2.277 10.862 
231223150240 0.897 15.718 38.443 9.352 8.254 2.293 10.867 
231223151740 0.874 15.718 38.439 9.354 8.254 2.186 10.848 
231223153240 0.841 15.701 38.444 9.361 8.253 2.710 10.846 
231223154740 0.905 15.706 38.446 9.361 8.255 3.310 10.860 
231223160240 0.884 15.704 38.441 9.365 8.254 3.371 10.867 
231223161740 0.819 15.696 38.447 9.366 8.254 3.917 10.848 
231223163240 0.838 15.695 38.443 9.366 8.254 3.826 10.846 
231223164740 0.862 15.683 38.445 9.370 8.254 4.069 10.861 
231223170240 0.918 15.681 38.443 9.372 8.254 4.357 10.867 
231223171740 0.894 15.692 38.443 9.369 8.253 4.486 10.857 
231223173240 0.867 15.676 38.446 9.375 8.253 4.312 10.849 
231223174740 0.872 15.661 38.442 9.379 8.253 4.046 10.862 
231223180240 0.963 15.636 38.439 9.385 8.254 3.879 10.867 
231223181740 0.792 15.645 38.449 9.381 8.255 4.942 10.857 
231223183240 0.992 15.654 38.448 9.378 8.254 4.213 10.849 
231223184740 0.836 15.648 38.443 9.381 8.255 4.661 10.862 
231223190240 0.887 15.648 38.432 9.382 8.255 4.896 10.868 
231223191740 0.867 15.638 38.441 9.382 8.253 4.403 10.849 
231223193240 0.852 15.619 38.445 9.390 8.253 4.130 10.846 
231223194740 0.870 15.617 38.445 9.392 8.253 3.530 10.861 
231223200240 0.954 15.619 38.438 9.394 8.254 4.023 10.867 
231223201740 0.938 15.603 38.438 9.403 8.253 4.137 10.856 
231223203240 0.875 15.622 38.443 9.400 8.253 3.818 10.848 
231223204740 0.900 15.623 38.438 9.401 8.253 4.001 10.861 
231223210240 0.917 15.614 38.442 9.406 8.253 3.910 10.867 
231223211740 0.991 15.611 38.445 9.408 8.254 3.985 10.857 
231223213240 0.929 15.643 38.445 9.398 8.254 3.773 10.848 
231223214740 0.943 15.646 38.448 9.398 8.253 3.659 10.862 
231223220240 0.905 15.647 38.446 9.397 8.253 3.636 10.867 
231223221740 0.890 15.649 38.443 9.400 8.252 3.667 10.848 
231223223240 0.939 15.660 38.446 9.397 8.253 3.743 10.846 
231223224740 0.836 15.664 38.446 9.398 8.254 4.388 10.861 
231223230240 0.925 15.649 38.440 9.403 8.254 4.046 10.866 
231223231740 0.896 15.649 38.444 9.404 8.253 3.477 10.857 
231223233240 0.915 15.655 38.443 9.403 8.254 4.593 10.848 
231223234740 0.907 15.660 38.449 9.403 8.252 3.803 10.862 
241223000240 0.963 15.656 38.447 9.402 8.253 4.152 10.867 
241223001740 0.976 15.666 38.444 9.401 8.253 4.957 10.857 
241223003240 0.898 15.658 38.440 9.403 8.254 3.591 10.848 
241223004740 0.840 15.644 38.448 9.405 8.253 4.137 10.862 
241223010240 0.929 15.661 38.441 9.405 8.254 3.682 10.867 
241223011740 0.921 15.656 38.450 9.407 8.254 3.978 10.848 
241223013240 0.896 15.667 38.444 9.407 8.254 3.947 10.846 
241223014740 0.941 15.672 38.438 9.408 8.253 3.538 10.861 
241223020240 0.970 15.667 38.443 9.407 8.255 3.697 10.867 
241223021740 0.912 15.660 38.438 9.405 8.254 3.325 10.856 
241223023240 0.902 15.660 38.445 9.402 8.255 4.039 10.848 
241223024740 0.872 15.654 38.440 9.401 8.253 3.780 10.862 
241223030240 0.925 15.659 38.441 9.398 8.255 4.616 10.867 
241223031740 0.938 15.649 38.436 9.400 8.254 4.312 10.857 
241223033240 0.945 15.675 38.445 9.393 8.255 5.056 10.848 
241223034740 0.941 15.660 38.442 9.393 8.254 3.727 10.862 
241223040240 0.981 15.659 38.438 9.391 8.255 3.044 10.867 
241223041740 1.007 15.656 38.443 9.391 8.254 4.069 10.857 
241223043240 0.849 15.663 38.437 9.391 8.255 3.545 10.848 
241223044740 0.911 15.643 38.438 9.393 8.255 3.667 10.862 
241223050240 0.865 15.660 38.444 9.387 8.254 3.173 10.867 
241223051740 0.866 15.668 38.438 9.386 8.255 3.796 10.849 
241223053240 0.875 15.667 38.444 9.385 8.255 3.545 10.846 
241223054740 0.974 15.667 38.439 9.383 8.255 3.674 10.860 
241223060240 1.011 15.664 38.439 9.383 8.253 4.646 10.866 
241223061740 0.974 15.654 38.442 9.384 8.254 3.811 10.856 
241223063240 0.900 15.661 38.443 9.383 8.255 4.114 10.848 
241223064740 0.958 15.636 38.439 9.388 8.254 3.515 10.861 
241223070240 0.961 15.661 38.441 9.381 8.255 3.226 10.867 
241223071740 0.895 15.664 38.443 9.380 8.255 3.340 10.854 
241223073240 1.007 15.662 38.445 9.380 8.256 3.947 10.847 
241223074740 0.958 15.651 38.439 9.382 8.254 4.426 10.861 
241223080240 0.927 15.638 38.441 9.385 8.255 3.317 10.866 
241223081740 0.906 15.660 38.441 9.380 8.256 3.287 10.857 
241223083240 0.955 15.637 38.443 9.384 8.255 3.188 10.848 
241223084740 0.964 15.655 38.443 9.379 8.256 4.092 10.861 
241223090240 1.015 15.643 38.435 9.383 8.255 2.247 10.867 
241223091740 0.998 15.643 38.446 9.380 8.255 2.429 10.856 
241223093240 0.908 15.656 38.442 9.376 8.255 1.822 10.848 
241223094740 0.967 15.660 38.446 9.374 8.255 1.807 10.861 
241223100240 1.017 15.656 38.444 9.375 8.255 1.693 10.867 
241223101740 0.917 15.659 38.447 9.374 8.255 1.306 10.856 
241223103240 1.037 15.662 38.444 9.373 8.255 2.065 10.848 
241223104740 0.951 15.670 38.445 9.371 8.254 1.746 10.861 
241223110240 0.974 15.677 38.446 9.371 8.254 1.351 10.867 
241223111740 0.895 15.682 38.445 9.371 8.254 1.427 10.857 
241223113240 0.930 15.694 38.445 9.367 8.254 1.268 10.848 
241223114740 0.944 15.705 38.447 9.365 8.254 1.298 10.861 
241223120240 0.933 15.717 38.447 9.363 8.254 1.480 10.867 
241223121740 0.888 15.696 38.450 9.368 8.253 1.473 10.857 
241223123240 0.939 15.736 38.449 9.355 8.255 0.850 10.849 
241223125317 0.964 15.744 38.445 9.357 8.255 1.420 10.765 
241223130817 0.942 15.756 38.447 9.355 8.254 1.442 10.797 
241223132317 0.998 15.780 38.449 9.354 8.254 1.571 10.815 
241223133817 0.965 15.778 38.440 9.356 8.253 1.640 10.846 
241223135317 0.928 15.774 38.446 9.358 8.254 1.253 10.859 
241223140817 0.920 15.759 38.446 9.361 8.253 1.700 10.836 
241223142317 0.874 15.766 38.442 9.362 8.254 1.488 10.826 
241223143817 0.952 15.750 38.442 9.370 8.253 1.693 10.853 
241223145317 0.889 15.764 38.447 9.367 8.254 1.564 10.864 
241223150817 0.968 15.761 38.448 9.371 8.253 6.855 10.821 
241223152317 0.973 15.759 38.447 9.374 8.254 2.308 10.824 
241223153817 0.970 15.760 38.443 9.376 8.254 4.274 10.853 
241223155317 0.869 15.754 38.445 9.379 8.254 3.538 10.863 
241223160817 0.896 15.747 38.445 9.385 8.254 3.211 10.841 
241223162317 0.828 15.721 38.446 9.397 8.253 3.659 10.829 
241223163817 0.944 15.716 38.434 9.401 8.253 4.008 10.855 
241223165317 0.948 15.715 38.442 9.404 8.254 3.879 10.865 
241223170817 0.974 15.692 38.440 9.410 8.254 4.388 10.842 
241223172317 0.917 15.696 38.440 9.411 8.254 3.477 10.828 
241223173817 0.959 15.680 38.445 9.415 8.253 3.219 10.855 
241223175317 0.892 15.686 38.443 9.415 8.253 3.067 10.865 
241223180817 0.999 15.670 38.439 9.418 8.253 4.327 10.844 
241223182317 0.967 15.675 38.449 9.415 8.254 3.150 10.829 
241223183817 0.913 15.669 38.450 9.416 8.253 3.659 10.855 
241223185317 0.880 15.674 38.445 9.414 8.252 3.105 10.865 
241223190817 0.961 15.662 38.446 9.417 8.253 2.945 10.842 
241223192317 1.018 15.658 38.446 9.416 8.253 3.302 10.828 
241223193817 0.943 15.667 38.446 9.413 8.253 2.930 10.855 
241223195317 0.924 15.661 38.443 9.413 8.253 3.606 10.865 
241223200817 0.921 15.659 38.444 9.411 8.252 3.173 10.826 
241223202317 1.001 15.655 38.438 9.411 8.253 4.327 10.825 
241223203817 1.000 15.645 38.446 9.412 8.252 3.538 10.854 
241223205317 0.983 15.654 38.447 9.406 8.253 4.889 10.864 
241223210817 1.017 15.653 38.445 9.404 8.253 3.500 10.824 
241223212317 0.961 15.660 38.442 9.400 8.253 4.244 10.825 
241223213817 0.967 15.652 38.444 9.398 8.252 4.433 10.853 
241223215317 0.949 15.649 38.443 9.396 8.253 4.016 10.864 
241223220817 0.985 15.647 38.441 9.395 8.254 4.023 10.824 
241223222317 0.960 15.638 38.443 9.394 8.252 3.955 10.825 
241223223817 0.888 15.637 38.439 9.391 8.253 4.130 10.853 
241223225317 1.027 15.646 38.441 9.388 8.253 3.644 10.864 
241223230817 1.000 15.638 38.439 9.387 8.253 3.424 10.841 
241223232317 0.963 15.635 38.448 9.384 8.252 3.196 10.828 
241223233817 0.984 15.639 38.438 9.382 8.253 3.522 10.854 
241223235317 1.024 15.628 38.440 9.384 8.254 3.317 10.864 
251223000817 0.984 15.617 38.443 9.386 8.250 3.932 10.842 
251223002317 0.961 15.627 38.446 9.380 8.253 3.173 10.828 
251223003817 1.023 15.614 38.443 9.385 8.253 3.188 10.855 
251223005317 1.010 15.607 38.444 9.386 8.252 3.727 10.864 
251223010817 1.048 15.615 38.444 9.381 8.255 3.689 10.844 
251223012317 1.000 15.607 38.441 9.382 8.254 3.621 10.828 
251223013817 0.957 15.603 38.441 9.382 8.252 3.932 10.855 
251223015317 0.887 15.598 38.441 9.380 8.253 3.925 10.864 
251223020817 0.984 15.600 38.444 9.378 8.254 2.854 10.842 
251223022317 0.945 15.609 38.446 9.374 8.254 3.348 10.828 
251223023817 0.974 15.605 38.445 9.374 8.253 3.469 10.855 
251223025317 0.989 15.591 38.448 9.375 8.253 3.879 10.864 
251223030817 0.939 15.604 38.440 9.372 8.253 3.682 10.841 
251223032317 1.065 15.594 38.446 9.373 8.253 3.932 10.827 
251223033817 0.927 15.582 38.444 9.376 8.253 4.600 10.854 
251223035317 0.947 15.597 38.444 9.373 8.255 3.469 10.864 
251223040817 0.953 15.600 38.444 9.373 8.253 3.591 10.841 
251223042317 0.993 15.589 38.438 9.375 8.255 3.515 10.827 
251223043817 0.982 15.594 38.443 9.372 8.255 4.122 10.854 
251223045317 1.003 15.590 38.442 9.374 8.254 4.213 10.864 
251223050817 0.962 15.580 38.441 9.375 8.253 4.107 10.842 
251223052317 0.952 15.590 38.442 9.372 8.253 3.416 10.827 
251223053817 0.986 15.583 38.442 9.372 8.255 3.302 10.854 
251223055317 0.946 15.581 38.441 9.371 8.253 4.927 10.864 
251223060817 0.985 15.561 38.439 9.375 8.254 3.583 10.838 
251223062317 0.940 15.576 38.441 9.371 8.254 3.887 10.827 
251223063817 1.008 15.565 38.443 9.372 8.255 3.446 10.854 
251223065317 0.969 15.561 38.440 9.372 8.253 4.502 10.863 
251223070817 0.991 15.577 38.442 9.368 8.254 3.856 10.823 
251223072317 1.030 15.561 38.445 9.373 8.254 4.304 10.824 
251223073817 1.024 15.561 38.449 9.370 8.252 4.099 10.852 
251223075317 0.960 15.554 38.448 9.370 8.253 3.985 10.862 
251223080817 1.004 15.562 38.446 9.368 8.254 4.084 10.822 
251223082317 0.945 15.575 38.444 9.364 8.255 3.500 10.824 
251223083817 0.982 15.562 38.434 9.367 8.253 3.796 10.852 
251223085317 0.922 15.568 38.446 9.365 8.253 3.150 10.862 
251223090817 0.939 15.572 38.445 9.365 8.254 2.558 10.839 
251223092317 0.906 15.565 38.444 9.365 8.254 2.179 10.826 
251223093817 0.951 15.561 38.446 9.364 8.253 2.611 10.853 
251223095317 0.958 15.562 38.443 9.363 8.253 1.700 10.863 
251223100817 0.977 15.576 38.444 9.359 8.254 1.609 10.841 
251223102317 0.962 15.574 38.441 9.359 8.253 1.427 10.826 
251223103817 0.952 15.583 38.440 9.355 8.253 1.184 10.853 
251223105317 1.001 15.582 38.448 9.355 8.252 1.222 10.863 
251223110817 0.923 15.588 38.440 9.354 8.253 1.199 10.838 
251223112317 1.034 15.596 38.443 9.354 8.254 1.366 10.826 
251223113817 0.992 15.603 38.440 9.353 8.253 1.154 10.853 
251223115317 0.982 15.618 38.450 9.348 8.252 1.040 10.863 
251223120817 0.982 15.618 38.442 9.351 8.251 2.285 10.840 
251223122317 0.990 15.634 38.446 9.346 8.252 0.843 10.826 
251223123817 0.965 15.647 38.447 9.345 8.253 1.078 10.853 
251223125317 0.986 15.655 38.445 9.345 8.253 1.207 10.863 
