SAMBAT Sea Ti  C/T/D/Odo/Fluo/pH GPS : 50195 
V:0,Pression (0/50),dba
V:1,Température (-5/35),°C
V:2,Salinité (2/42),g/l
V:3,Oxygène (0/20),mgl
V:4,PH (0/14),pH
V:5,Fluorescence (0/500),ppb
V:6,Tension batterie,V
141223121048 0.838 16.405 38.465 9.246 8.249 1.700 10.745 
141223122547 0.917 16.409 38.466 9.246 8.248 1.587 10.815 
141223124047 0.795 16.408 38.464 9.247 8.248 1.693 10.848 
141223125547 0.894 16.405 38.468 9.247 8.249 2.057 10.861 
141223131047 0.861 16.414 38.466 9.246 8.248 2.095 10.846 
141223132547 0.789 16.412 38.466 9.248 8.249 2.285 10.838 
141223134047 0.847 16.411 38.468 9.246 8.249 2.285 10.859 
141223135547 0.874 16.407 38.465 9.249 8.249 2.148 10.867 
141223141047 0.698 16.408 38.464 9.250 8.249 1.230 10.828 
141223142547 0.827 16.420 38.468 9.249 8.249 1.199 10.836 
141223144047 0.789 16.419 38.468 9.251 8.249 1.549 10.858 
141223145547 0.847 16.417 38.470 9.254 8.249 1.799 10.867 
141223151047 0.833 16.417 38.468 9.255 8.250 1.655 10.850 
141223152547 0.922 16.410 38.468 9.256 8.249 2.080 10.840 
141223154047 0.920 16.422 38.467 9.254 8.250 2.437 10.861 
141223155547 0.888 16.417 38.466 9.256 8.250 2.672 10.868 
141223161047 0.884 16.416 38.466 9.256 8.250 2.854 10.851 
141223162547 0.940 16.403 38.462 9.260 8.250 3.021 10.841 
141223164047 0.803 16.413 38.465 9.258 8.250 3.492 10.861 
141223165547 0.847 16.400 38.466 9.262 8.250 4.092 10.869 
141223171047 0.939 16.397 38.466 9.263 8.249 4.122 10.829 
141223172547 0.887 16.396 38.463 9.262 8.249 3.712 10.836 
141223174047 0.955 16.392 38.466 9.262 8.249 4.236 10.859 
141223175547 0.958 16.384 38.471 9.263 8.250 3.636 10.868 
141223181047 0.915 16.373 38.460 9.271 8.250 3.112 10.852 
141223182547 0.871 16.394 38.466 9.263 8.250 2.710 10.840 
141223184047 1.003 16.387 38.466 9.263 8.250 2.786 10.861 
141223185547 0.943 16.383 38.464 9.265 8.249 2.983 10.868 
141223191047 0.924 16.369 38.466 9.271 8.250 3.325 10.851 
141223192547 0.919 16.371 38.462 9.270 8.250 3.576 10.840 
141223194047 0.942 16.332 38.462 9.280 8.248 2.885 10.861 
141223195547 0.966 16.357 38.464 9.272 8.249 3.765 10.868 
141223201047 0.952 16.370 38.470 9.266 8.249 4.054 10.829 
141223202547 0.923 16.354 38.467 9.271 8.248 4.145 10.836 
141223204047 0.987 16.359 38.473 9.268 8.249 2.968 10.858 
141223205547 0.944 16.355 38.466 9.267 8.249 3.659 10.867 
141223211047 0.905 16.346 38.469 9.266 8.249 2.885 10.849 
141223212547 0.939 16.350 38.462 9.266 8.249 3.667 10.839 
141223214047 0.917 16.327 38.465 9.269 8.248 3.492 10.860 
141223215547 0.874 16.336 38.468 9.267 8.248 3.462 10.868 
141223221047 0.874 16.333 38.467 9.266 8.248 2.907 10.828 
141223222547 0.952 16.330 38.466 9.264 8.248 2.983 10.836 
141223224047 0.944 16.333 38.463 9.264 8.248 3.560 10.858 
141223225547 0.951 16.305 38.470 9.265 8.246 4.168 10.866 
141223231047 0.933 16.304 38.464 9.265 8.248 3.348 10.851 
141223232547 1.023 16.327 38.467 9.259 8.248 3.894 10.839 
141223234047 0.945 16.314 38.471 9.258 8.248 2.953 10.860 
141223235547 0.949 16.319 38.465 9.257 8.249 3.454 10.867 
151223001047 0.982 16.319 38.466 9.256 8.248 3.978 10.844 
151223002547 0.995 16.318 38.469 9.253 8.248 3.112 10.838 
151223004047 0.927 16.325 38.469 9.251 8.247 2.862 10.859 
151223005547 0.969 16.315 38.471 9.250 8.248 3.621 10.867 
151223011047 0.945 16.310 38.469 9.249 8.249 3.196 10.828 
151223012547 0.961 16.323 38.474 9.248 8.248 2.907 10.835 
151223014047 0.925 16.325 38.468 9.247 8.248 2.976 10.857 
151223015547 0.975 16.322 38.467 9.247 8.249 3.120 10.866 
151223021047 0.999 16.305 38.462 9.250 8.249 3.371 10.850 
151223022547 0.976 16.329 38.470 9.244 8.249 3.424 10.839 
151223024047 1.017 16.318 38.472 9.243 8.248 3.128 10.859 
151223025547 0.972 16.317 38.471 9.240 8.248 3.393 10.867 
151223031047 0.985 16.297 38.460 9.246 8.248 3.287 10.850 
151223032547 0.953 16.284 38.473 9.245 8.247 3.241 10.839 
151223034047 1.028 16.298 38.475 9.244 8.247 2.794 10.860 
151223035547 0.987 16.273 38.475 9.255 8.248 2.680 10.867 
151223041047 0.953 16.286 38.474 9.249 8.248 3.074 10.827 
151223042547 0.999 16.272 38.470 9.259 8.247 3.386 10.834 
151223044047 0.988 16.269 38.470 9.261 8.248 3.553 10.857 
151223045547 0.970 16.269 38.474 9.259 8.247 3.355 10.866 
151223051047 0.963 16.259 38.476 9.262 8.247 3.993 10.849 
151223052547 0.956 16.264 38.475 9.261 8.247 3.530 10.838 
151223054047 0.975 16.250 38.470 9.267 8.247 3.469 10.859 
151223055547 1.003 16.264 38.473 9.264 8.248 3.325 10.866 
151223061047 0.966 16.264 38.480 9.262 8.248 3.431 10.827 
151223062547 0.985 16.263 38.478 9.265 8.248 3.302 10.833 
151223064047 1.050 16.269 38.478 9.264 8.248 2.687 10.856 
151223065547 0.966 16.272 38.469 9.266 8.249 3.158 10.865 
151223071047 1.028 16.281 38.475 9.258 8.248 3.052 10.848 
151223072547 1.029 16.278 38.476 9.260 8.249 3.765 10.838 
151223074047 0.973 16.260 38.477 9.268 8.249 4.441 10.858 
151223075547 0.959 16.263 38.470 9.270 8.249 3.970 10.866 
151223081047 0.995 16.273 38.486 9.261 8.249 3.074 10.849 
151223082547 1.047 16.260 38.478 9.270 8.248 2.847 10.838 
151223084047 0.984 16.258 38.484 9.270 8.248 2.862 10.859 
151223085547 1.036 16.277 38.479 9.268 8.248 1.875 10.866 
151223091047 1.057 16.263 38.475 9.271 8.248 1.776 10.827 
151223092547 1.032 16.272 38.480 9.271 8.247 1.693 10.833 
151223094047 0.985 16.259 38.490 9.272 8.247 1.404 10.856 
151223095547 1.035 16.265 38.472 9.273 8.248 1.359 10.865 
151223101047 1.013 16.268 38.479 9.272 8.247 1.518 10.849 
151223102547 1.012 16.277 38.480 9.266 8.247 1.313 10.838 
151223104047 1.038 16.279 38.479 9.264 8.247 1.397 10.858 
151223105547 1.029 16.294 38.476 9.261 8.247 1.192 10.866 
151223111047 1.007 16.297 38.480 9.261 8.247 1.199 10.848 
151223112547 0.996 16.304 38.478 9.258 8.247 1.169 10.838 
151223114047 1.036 16.317 38.478 9.261 8.248 1.108 10.858 
151223115547 0.991 16.320 38.482 9.261 8.247 1.025 10.866 
151223121047 1.035 16.314 38.477 9.262 8.247 1.169 10.827 
