SAMBAT Sea Ti  C/T/D/Odo/Fluo/pH GPS : 50195 
V:0,Pression (0/50),dba
V:1,Température (-5/35),°C
V:2,Salinité (2/42),g/l
V:3,Oxygène (0/20),mgl
V:4,PH (0/14),pH
V:5,Fluorescence (0/500),ppb
V:6,Tension batterie,V
160423104526 0.814 15.211 38.139 10.643 8.259 0.547 10.721 
160423110025 0.788 15.292 38.173 10.606 8.258 0.600 10.804 
160423111525 0.861 15.482 38.180 10.577 8.257 0.235 10.835 
160423113025 0.766 15.566 38.190 10.546 8.256 0.251 10.849 
160423114525 0.777 15.819 38.175 10.488 8.253 0.326 10.823 
160423120025 0.802 15.453 38.100 10.599 8.252 0.068 10.846 
160423121525 0.826 15.691 38.209 10.513 8.248 0.736 10.855 
160423123025 0.810 15.610 38.148 10.539 8.254 0.896 10.859 
160423124525 0.725 15.613 38.175 10.541 8.254 0.676 10.817 
160423130025 0.851 15.659 38.199 10.515 8.253 0.630 10.845 
160423131525 0.771 15.674 38.184 10.515 8.252 0.615 10.855 
160423133025 0.745 15.689 38.181 10.515 8.252 0.782 10.860 
160423134525 0.795 15.680 38.163 10.495 8.251 0.972 10.830 
160423140025 0.808 15.860 38.153 10.467 8.250 0.410 10.851 
160423141525 0.765 15.947 38.131 10.432 8.250 0.410 10.860 
160423143025 0.844 16.026 38.202 10.404 8.249 0.402 10.863 
160423144525 0.720 16.075 38.205 10.382 8.249 0.805 10.820 
160423150025 0.743 16.123 38.201 10.371 8.249 0.592 10.848 
160423151525 0.799 16.215 38.191 10.341 8.249 1.002 10.859 
160423153025 0.774 16.121 38.204 10.363 8.248 0.607 10.864 
160423154525 0.765 16.081 38.178 10.375 8.248 0.501 10.834 
160423160025 0.750 16.054 38.222 10.387 8.248 0.524 10.855 
160423161525 0.832 15.920 38.208 10.399 8.249 0.873 10.862 
160423163025 0.728 16.021 38.148 10.392 8.249 0.577 10.866 
160423164525 0.728 16.104 38.164 10.360 8.248 1.116 10.822 
160423170025 0.812 16.134 38.188 10.343 8.249 0.774 10.850 
160423171525 0.830 16.102 38.174 10.351 8.250 1.495 10.860 
160423173025 0.701 16.127 38.177 10.335 8.250 1.495 10.865 
160423174525 0.773 16.134 38.174 10.340 8.250 1.814 10.833 
160423180025 0.809 16.104 38.143 10.359 8.248 2.475 10.855 
160423181525 0.786 16.009 38.190 10.371 8.247 3.166 10.863 
160423183025 0.830 15.933 38.201 10.383 8.248 3.446 10.866 
160423184525 0.800 15.956 38.195 10.377 8.248 3.181 10.829 
160423190025 0.818 15.877 38.202 10.395 8.248 3.515 10.853 
160423191525 0.794 15.852 38.199 10.402 8.249 3.591 10.861 
160423193025 0.735 15.757 38.193 10.428 8.253 2.703 10.864 
160423194525 0.814 15.725 38.191 10.439 8.252 3.325 10.821 
160423200025 0.801 15.671 38.188 10.457 8.254 3.257 10.847 
160423201525 0.747 15.629 38.189 10.472 8.256 3.006 10.857 
160423203025 0.742 15.589 38.188 10.486 8.259 3.059 10.862 
160423204525 0.857 15.558 38.189 10.497 8.261 3.014 10.835 
160423210025 0.816 15.530 38.187 10.511 8.265 2.870 10.853 
160423211525 0.750 15.478 38.187 10.537 8.268 2.482 10.859 
160423213025 0.826 15.460 38.191 10.549 8.270 2.680 10.862 
160423214525 0.850 15.416 38.183 10.576 8.271 2.308 10.831 
160423220025 0.843 15.394 38.186 10.594 8.276 2.634 10.850 
160423221525 0.819 15.382 38.190 10.609 8.277 2.566 10.858 
160423223025 0.777 15.321 38.184 10.637 8.276 2.232 10.861 
160423224525 0.784 15.259 38.189 10.669 8.275 1.997 10.828 
160423230025 0.790 15.215 38.189 10.687 8.272 2.710 10.849 
160423231525 0.768 15.198 38.189 10.706 8.272 2.164 10.856 
160423233025 0.823 15.158 38.196 10.718 8.271 2.452 10.859 
160423234525 0.788 15.146 38.183 10.729 8.269 2.748 10.815 
170423000025 0.836 15.122 38.182 10.736 8.268 2.376 10.842 
170423001525 0.793 15.101 38.184 10.743 8.267 2.490 10.852 
170423003025 0.845 15.093 38.182 10.747 8.266 1.959 10.856 
170423004525 0.845 15.048 38.180 10.766 8.265 2.725 10.825 
170423010025 0.820 15.073 38.179 10.760 8.265 2.763 10.846 
170423011525 0.881 15.054 38.181 10.765 8.266 2.429 10.853 
170423013025 0.794 15.090 38.181 10.750 8.267 2.475 10.857 
170423014525 0.820 15.094 38.178 10.748 8.267 2.945 10.824 
170423020025 0.828 15.094 38.178 10.749 8.268 2.171 10.845 
170423021525 0.830 15.053 38.179 10.765 8.268 2.778 10.853 
170423023025 0.769 15.049 38.178 10.766 8.268 2.323 10.857 
170423024525 0.782 15.055 38.179 10.762 8.269 3.014 10.813 
170423030025 0.784 15.072 38.175 10.754 8.269 2.452 10.839 
170423031525 0.790 15.043 38.184 10.756 8.268 2.665 10.850 
170423033025 0.777 15.050 38.184 10.747 8.268 2.642 10.855 
170423034525 0.776 15.059 38.179 10.736 8.268 2.710 10.824 
170423040025 0.834 15.066 38.179 10.726 8.268 2.627 10.844 
170423041525 0.773 15.056 38.178 10.715 8.268 2.794 10.852 
170423043025 0.814 15.058 38.182 10.700 8.269 2.718 10.856 
170423044525 0.797 15.045 38.175 10.691 8.268 3.143 10.824 
170423050025 0.703 15.036 38.185 10.682 8.268 2.968 10.844 
170423051525 0.770 15.040 38.177 10.672 8.268 2.498 10.853 
170423053025 0.771 15.024 38.169 10.670 8.268 3.401 10.856 
170423054525 0.730 15.027 38.173 10.664 8.268 2.596 10.812 
170423060025 0.787 15.003 38.170 10.663 8.268 3.044 10.839 
170423061525 0.790 15.013 37.836 10.657 8.268 2.452 10.850 
170423063025 0.784 14.996 38.170 10.661 8.268 2.634 10.854 
170423064525 0.832 15.018 38.170 10.651 8.267 1.913 10.823 
170423070025 0.788 15.014 37.740 10.652 8.267 1.389 10.844 
170423071525 0.788 15.016 38.027 10.651 8.266 1.154 10.852 
170423073025 0.828 15.012 38.042 10.652 8.265 1.640 10.855 
170423074525 0.836 15.006 38.105 10.652 8.265 0.994 10.824 
170423080025 0.824 15.016 38.127 10.648 8.265 0.949 10.844 
170423081525 0.838 15.023 38.141 10.645 8.265 0.926 10.852 
170423083025 0.801 15.036 38.142 10.642 8.264 0.744 10.856 
170423084525 0.830 15.049 38.148 10.636 8.263 0.752 10.813 
170423090025 0.787 15.080 38.147 10.627 8.262 0.478 10.840 
170423091525 0.766 15.104 38.151 10.613 8.262 0.615 10.850 
170423093025 0.800 15.150 38.153 10.604 8.262 0.622 10.855 
170423094525 0.793 15.171 38.170 10.597 8.262 0.455 10.824 
170423100025 0.822 15.221 38.170 10.581 8.261 0.668 10.844 
170423101525 0.786 15.252 38.162 10.576 8.260 0.554 10.853 
170423103025 0.802 15.407 38.188 10.530 8.260 0.827 10.857 
170423104525 0.821 15.405 38.172 10.531 8.259 0.676 10.825 
