SAMBAT Sea Ti  C/T/D/Odo/Fluo/pH GPS : 50195 
V:0,Pression (0/50),dba
V:1,Température (-5/35),°C
V:2,Salinité (2/42),g/l
V:3,Oxygène (0/20),mgl
V:4,PH (0/14),pH
V:5,Fluorescence (0/500),ppb
V:6,Tension batterie,V
271223130028 1.018 15.655 38.548 9.354 8.254 1.222 10.743 
271223131527 1.004 15.652 38.542 9.356 8.255 1.215 10.812 
271223133027 1.029 15.659 38.553 9.359 8.254 1.814 10.831 
271223134527 0.987 15.653 38.548 9.360 8.255 1.086 10.853 
271223140027 1.039 15.659 38.548 9.363 8.255 1.412 10.862 
271223141527 1.027 15.677 38.552 9.362 8.255 1.359 10.852 
271223143027 1.016 15.677 38.550 9.365 8.255 1.784 10.843 
271223144527 1.045 15.681 38.553 9.367 8.254 1.799 10.860 
271223150027 1.012 15.679 38.552 9.370 8.254 2.239 10.866 
271223151527 1.022 15.664 38.551 9.376 8.255 2.968 10.844 
271223153027 1.025 15.668 38.554 9.377 8.254 2.930 10.842 
271223154527 1.034 15.661 38.554 9.379 8.254 3.029 10.860 
271223160027 1.025 15.647 38.548 9.386 8.254 3.363 10.867 
271223161527 1.018 15.657 38.553 9.385 8.254 3.796 10.854 
271223163027 1.027 15.652 38.550 9.387 8.253 4.236 10.845 
271223164527 1.023 15.644 38.550 9.392 8.254 4.357 10.861 
271223170027 1.029 15.640 38.556 9.395 8.255 4.532 10.868 
271223171527 1.032 15.627 38.557 9.399 8.254 4.600 10.851 
271223173027 1.032 15.628 38.553 9.400 8.253 3.894 10.844 
271223174527 1.044 15.620 38.557 9.407 8.254 4.433 10.861 
271223180027 1.035 15.620 38.555 9.408 8.254 4.342 10.867 
271223181527 1.051 15.617 38.561 9.408 8.255 3.849 10.840 
271223183027 1.063 15.606 38.556 9.412 8.254 4.684 10.841 
271223184527 1.012 15.608 38.555 9.411 8.254 3.560 10.859 
271223190027 1.019 15.603 38.558 9.411 8.253 4.593 10.866 
271223191527 1.051 15.595 38.561 9.412 8.253 3.500 10.856 
271223193027 1.019 15.594 38.559 9.412 8.254 3.667 10.845 
271223194527 1.047 15.585 38.558 9.410 8.252 4.304 10.861 
271223200027 1.055 15.576 38.559 9.411 8.254 4.562 10.867 
271223201527 1.050 15.582 38.559 9.407 8.254 4.084 10.855 
271223203027 1.063 15.571 38.558 9.407 8.254 4.054 10.845 
271223204527 1.043 15.576 38.558 9.403 8.253 4.114 10.861 
271223210027 1.040 15.568 38.561 9.403 8.253 4.122 10.867 
271223211527 1.048 15.568 38.558 9.401 8.253 3.735 10.840 
271223213027 1.043 15.565 38.559 9.399 8.254 3.545 10.842 
271223214527 1.043 15.560 38.558 9.398 8.253 4.502 10.859 
271223220027 1.033 15.554 38.561 9.396 8.253 4.069 10.866 
271223221527 1.054 15.548 38.565 9.394 8.254 3.712 10.855 
271223223027 1.040 15.542 38.563 9.394 8.254 4.980 10.845 
271223224527 1.043 15.530 38.563 9.394 8.255 4.251 10.861 
271223230027 1.047 15.517 38.569 9.393 8.253 5.048 10.867 
271223231527 1.043 15.495 38.557 9.401 8.250 4.798 10.856 
271223233027 1.069 15.493 38.560 9.399 8.252 4.517 10.845 
271223234527 1.070 15.473 38.561 9.401 8.253 3.591 10.861 
281223000027 1.058 15.499 38.564 9.395 8.253 3.636 10.867 
281223001527 1.061 15.498 38.567 9.391 8.252 3.963 10.854 
281223003027 1.042 15.505 38.567 9.387 8.250 3.340 10.844 
281223004527 1.047 15.504 38.570 9.384 8.253 4.054 10.860 
281223010027 1.053 15.503 38.572 9.383 8.254 3.834 10.866 
281223011527 1.037 15.507 38.571 9.378 8.254 4.312 10.840 
281223013027 1.068 15.514 38.564 9.376 8.255 3.925 10.841 
281223014527 1.052 15.513 38.570 9.375 8.253 4.752 10.858 
281223020027 1.041 15.501 38.567 9.376 8.255 3.955 10.866 
281223021527 1.054 15.511 38.569 9.373 8.253 4.737 10.854 
281223023027 1.026 15.507 38.572 9.372 8.254 4.995 10.844 
281223024527 1.059 15.509 38.568 9.370 8.255 3.712 10.860 
281223030027 1.043 15.500 38.574 9.370 8.253 4.540 10.866 
281223031527 1.055 15.502 38.572 9.366 8.255 3.712 10.854 
281223033027 1.052 15.491 38.576 9.364 8.255 4.585 10.844 
281223034527 1.069 15.496 38.572 9.362 8.253 4.388 10.860 
281223040027 1.047 15.493 38.575 9.362 8.255 4.016 10.866 
281223041527 1.048 15.509 38.574 9.355 8.253 4.820 10.853 
281223043027 1.057 15.496 38.571 9.356 8.255 5.025 10.844 
281223044527 1.045 15.499 38.573 9.355 8.255 3.925 10.859 
281223050027 1.024 15.503 38.579 9.350 8.255 4.183 10.866 
281223051527 1.034 15.493 38.575 9.353 8.253 4.289 10.839 
281223053027 1.040 15.492 38.569 9.351 8.252 4.783 10.840 
281223054527 1.040 15.506 38.576 9.346 8.255 4.008 10.858 
281223060027 1.050 15.495 38.570 9.347 8.253 6.673 10.865 
281223061527 1.037 15.494 38.572 9.346 8.255 4.061 10.854 
281223063027 1.031 15.497 38.571 9.345 8.255 3.917 10.844 
281223064527 1.053 15.502 38.574 9.341 8.253 4.077 10.860 
281223070027 1.042 15.499 38.577 9.340 8.255 4.130 10.866 
281223071527 1.041 15.490 38.578 9.342 8.253 4.426 10.852 
281223073027 1.059 15.486 38.578 9.340 8.255 5.056 10.844 
281223074527 1.053 15.484 38.578 9.339 8.256 4.426 10.860 
281223080027 1.052 15.490 38.577 9.339 8.254 4.122 10.866 
281223081527 1.044 15.486 38.580 9.338 8.255 4.775 10.837 
281223083027 1.049 15.494 38.576 9.335 8.254 7.257 10.839 
281223084527 1.048 15.492 38.578 9.334 8.254 3.894 10.857 
281223090027 1.059 15.489 38.578 9.334 8.254 4.335 10.865 
281223091527 1.057 15.492 38.581 9.335 8.253 3.750 10.853 
281223093027 1.069 15.487 38.578 9.336 8.254 3.530 10.843 
281223094527 1.053 15.489 38.579 9.337 8.256 2.999 10.859 
281223100027 1.059 15.490 38.577 9.337 8.255 3.241 10.866 
281223101527 1.079 15.492 38.578 9.335 8.255 2.991 10.855 
281223103027 1.066 15.492 38.581 9.335 8.254 2.961 10.844 
281223104527 1.066 15.492 38.578 9.335 8.253 2.900 10.860 
281223110027 1.064 15.495 38.580 9.336 8.256 2.725 10.866 
281223111527 1.061 15.501 38.579 9.335 8.255 2.353 10.839 
281223113027 1.043 15.501 38.580 9.336 8.255 2.680 10.840 
281223114527 1.063 15.504 38.582 9.334 8.255 2.498 10.857 
281223120027 1.048 15.504 38.582 9.334 8.251 1.708 10.864 
281223121527 1.058 15.515 38.580 9.331 8.251 1.731 10.854 
281223123027 1.045 15.527 38.580 9.327 8.250 3.143 10.844 
281223124527 1.060 15.533 38.580 9.327 8.246 1.754 10.860 
281223130027 1.067 15.532 38.581 9.326 8.242 1.822 10.866 
