SAMBAT Sea Ti  C/T/D/Odo/Fluo/pH GPS : 50195 
V:0,Pression (0/50),dba
V:1,Température (-5/35),°C
V:2,Salinité (2/42),g/l
V:3,Oxygène (0/20),mgl
V:4,PH (0/14),pH
V:5,Fluorescence (0/500),ppb
V:6,Tension batterie,V
081223113735 0.814 16.377 38.491 9.178 8.243 3.204 10.742 
081223115234 0.879 16.376 38.498 9.172 8.243 2.665 10.822 
081223120734 0.814 16.379 38.494 9.178 8.242 2.733 10.835 
081223122234 0.824 16.380 38.493 9.173 8.243 2.475 10.824 
081223123734 0.729 16.374 38.490 9.179 8.243 2.657 10.851 
081223125234 0.825 16.386 38.492 9.172 8.243 3.044 10.861 
081223130734 0.873 16.382 38.488 9.180 8.243 2.809 10.831 
081223132234 0.840 16.378 38.486 9.180 8.243 2.740 10.825 
081223133734 0.847 16.381 38.498 9.175 8.243 3.067 10.852 
081223135234 0.880 16.376 38.489 9.185 8.242 3.074 10.862 
081223140734 0.822 16.382 38.492 9.183 8.243 3.211 10.850 
081223142234 0.811 16.368 38.490 9.187 8.243 3.264 10.828 
081223143734 0.907 16.372 38.493 9.186 8.243 3.484 10.855 
081223145234 0.799 16.371 38.489 9.187 8.243 3.378 10.864 
081223150734 0.689 16.364 38.491 9.188 8.243 3.181 10.850 
081223152234 0.837 16.370 38.493 9.186 8.243 3.712 10.829 
081223153734 0.888 16.368 38.490 9.188 8.243 3.606 10.855 
081223155234 0.891 16.373 38.489 9.187 8.243 4.084 10.864 
081223160734 0.772 16.384 38.490 9.182 8.243 4.008 10.832 
081223162234 0.863 16.373 38.494 9.188 8.243 4.130 10.825 
081223163734 0.857 16.370 38.490 9.189 8.242 4.775 10.853 
081223165234 0.926 16.366 38.488 9.190 8.242 4.008 10.863 
081223170734 0.810 16.344 38.490 9.195 8.242 4.987 10.851 
081223172234 0.838 16.348 38.494 9.191 8.242 4.540 10.829 
081223173734 0.880 16.364 38.489 9.187 8.242 3.910 10.854 
081223175234 0.881 16.369 38.495 9.185 8.242 3.894 10.864 
081223180734 0.770 16.353 38.492 9.189 8.242 3.917 10.853 
081223182234 0.922 16.365 38.492 9.186 8.242 3.963 10.830 
081223183734 0.857 16.360 38.490 9.188 8.242 3.826 10.855 
081223185234 0.903 16.360 38.492 9.187 8.242 4.168 10.864 
081223190734 0.885 16.373 38.494 9.184 8.243 3.128 10.832 
081223192234 0.962 16.373 38.490 9.183 8.242 3.674 10.826 
081223193734 0.872 16.356 38.489 9.187 8.242 3.484 10.853 
081223195234 0.854 16.357 38.488 9.184 8.242 3.720 10.863 
081223200734 0.837 16.349 38.492 9.182 8.242 3.887 10.850 
081223202234 0.835 16.358 38.486 9.182 8.243 3.295 10.829 
081223203734 0.829 16.343 38.485 9.184 8.243 3.674 10.855 
081223205234 0.787 16.363 38.489 9.181 8.243 3.431 10.864 
081223210734 0.929 16.349 38.485 9.183 8.243 4.570 10.831 
081223212234 0.845 16.346 38.490 9.184 8.242 3.484 10.826 
081223213734 0.831 16.347 38.492 9.183 8.242 3.743 10.853 
081223215234 0.883 16.357 38.491 9.180 8.242 4.160 10.862 
081223220734 0.863 16.347 38.489 9.182 8.242 3.454 10.850 
081223222234 0.827 16.332 38.481 9.187 8.243 3.659 10.829 
081223223734 0.852 16.355 38.489 9.182 8.243 4.046 10.854 
081223225234 0.889 16.359 38.487 9.180 8.243 3.211 10.863 
081223230734 0.856 16.372 38.490 9.176 8.243 3.317 10.832 
081223232234 0.906 16.346 38.489 9.182 8.242 3.591 10.826 
081223233734 0.854 16.350 38.492 9.180 8.243 3.955 10.853 
081223235234 0.893 16.371 38.490 9.176 8.243 3.340 10.862 
091223000734 0.864 16.375 38.488 9.174 8.243 4.638 10.849 
091223002234 0.910 16.368 38.486 9.175 8.243 3.105 10.829 
091223003734 0.879 16.373 38.480 9.176 8.243 3.553 10.854 
091223005234 0.868 16.373 38.487 9.177 8.243 3.272 10.863 
091223010734 0.840 16.372 38.486 9.174 8.243 3.864 10.850 
091223012234 0.892 16.348 38.483 9.179 8.243 3.743 10.829 
091223013734 0.912 16.332 38.467 9.183 8.243 3.636 10.854 
091223015234 0.911 16.363 38.490 9.176 8.243 3.811 10.863 
091223020734 0.849 16.353 38.494 9.177 8.243 3.393 10.832 
091223022234 0.867 16.344 38.491 9.179 8.243 4.198 10.825 
091223023734 0.825 16.333 38.487 9.182 8.243 3.674 10.852 
091223025234 0.916 16.336 38.487 9.180 8.243 3.500 10.862 
091223030734 0.864 16.337 38.492 9.177 8.243 3.454 10.850 
091223032234 0.891 16.326 38.490 9.179 8.243 3.712 10.829 
091223033734 0.922 16.330 38.490 9.176 8.243 4.092 10.853 
091223035234 0.881 16.330 38.490 9.176 8.243 3.272 10.862 
091223040734 0.914 16.326 38.493 9.175 8.243 3.500 10.849 
091223042234 0.968 16.315 38.487 9.176 8.243 3.826 10.828 
091223043734 0.936 16.335 38.490 9.171 8.243 3.689 10.853 
091223045234 0.922 16.336 38.491 9.167 8.243 3.378 10.862 
091223050734 0.934 16.337 38.488 9.167 8.243 3.773 10.831 
091223052234 0.942 16.333 38.490 9.165 8.243 3.074 10.825 
091223053734 0.912 16.337 38.491 9.165 8.243 3.682 10.851 
091223055234 0.931 16.322 38.490 9.169 8.243 3.272 10.861 
091223060734 0.886 16.325 38.490 9.171 8.243 3.401 10.849 
091223062234 0.927 16.334 38.492 9.169 8.243 4.691 10.828 
091223063734 0.895 16.331 38.489 9.173 8.242 3.538 10.853 
091223065234 0.878 16.315 38.492 9.175 8.244 3.750 10.862 
091223070734 0.881 16.326 38.490 9.176 8.243 3.363 10.848 
091223072234 0.908 16.318 38.491 9.178 8.243 3.743 10.828 
091223073734 0.880 16.322 38.493 9.179 8.243 3.955 10.852 
091223075234 0.918 16.312 38.498 9.181 8.243 3.887 10.862 
091223080734 0.911 16.321 38.493 9.182 8.243 3.317 10.842 
091223082234 0.945 16.314 38.489 9.184 8.243 3.052 10.827 
091223083734 0.906 16.320 38.494 9.185 8.243 2.718 10.852 
091223085234 0.886 16.320 38.490 9.187 8.243 2.308 10.861 
091223090734 0.939 16.323 38.493 9.187 8.243 2.323 10.830 
091223092234 0.910 16.327 38.494 9.188 8.243 1.875 10.824 
091223093734 0.924 16.330 38.492 9.190 8.242 1.678 10.851 
091223095234 0.936 16.338 38.492 9.191 8.242 1.230 10.860 
091223100734 0.925 16.344 38.492 9.192 8.242 1.283 10.848 
091223102234 0.945 16.354 38.493 9.193 8.242 1.518 10.827 
091223103734 0.962 16.357 38.491 9.194 8.242 1.404 10.853 
091223105234 0.945 16.365 38.491 9.196 8.242 1.359 10.862 
091223110734 0.946 16.375 38.495 9.196 8.242 1.351 10.848 
091223112234 0.933 16.385 38.494 9.194 8.241 1.640 10.828 
091223113734 0.923 16.390 38.494 9.196 8.241 1.055 10.853 
