SAMBAT Sea Ti  C/T/D/Odo/Fluo/pH GPS : 50195 
V:0,Pression (0/50),dba
V:1,Température (-5/35),°C
V:2,Salinité (2/42),g/l
V:3,Oxygène (0/20),mgl
V:4,PH (0/14),pH
V:5,Fluorescence (0/500),ppb
V:6,Tension batterie,V
281123111251 0.658 16.544 38.522 9.134 8.256 3.257 10.788 
281123112750 0.766 16.544 38.532 9.136 8.257 3.363 10.862 
281123114250 0.745 16.544 38.529 9.135 8.257 3.105 10.894 
281123115750 0.766 16.553 38.539 9.135 8.256 2.794 10.906 
281123121250 0.832 16.548 38.542 9.136 8.255 2.756 10.900 
281123122750 0.850 16.546 38.543 9.138 8.255 3.044 10.888 
281123124250 0.511 16.546 38.542 9.139 8.255 3.112 10.905 
281123125750 0.697 16.549 38.541 9.139 8.255 2.634 10.910 
281123131250 0.615 16.539 38.539 9.144 8.255 3.052 10.902 
281123132750 0.828 16.542 38.544 9.148 8.255 2.999 10.889 
281123134250 0.820 16.528 38.552 9.152 8.254 2.748 10.906 
281123135750 0.704 16.529 38.546 9.154 8.255 3.135 10.911 
281123141250 0.893 16.525 38.545 9.156 8.255 4.638 10.903 
281123142750 0.653 16.528 38.530 9.159 8.256 4.578 10.889 
281123144250 0.703 16.558 38.525 9.153 8.257 4.221 10.905 
281123145750 0.703 16.553 38.535 9.158 8.256 3.606 10.910 
281123151250 0.738 16.551 38.534 9.163 8.256 3.090 10.896 
281123152750 0.775 16.557 38.532 9.162 8.256 4.099 10.887 
281123154250 0.862 16.569 38.534 9.162 8.256 4.244 10.904 
281123155750 0.904 16.574 38.536 9.161 8.257 5.716 10.909 
281123161250 0.614 16.561 38.541 9.164 8.257 5.079 10.901 
281123162750 0.903 16.567 38.532 9.165 8.257 5.754 10.888 
281123164250 0.748 16.575 38.533 9.163 8.257 5.314 10.904 
281123165750 0.841 16.577 38.536 9.163 8.257 5.747 10.909 
281123171250 0.701 16.575 38.537 9.163 8.257 5.268 10.901 
281123172750 0.927 16.598 38.540 9.155 8.258 5.678 10.888 
281123174250 0.828 16.608 38.536 9.155 8.258 4.767 10.904 
281123175750 0.828 16.604 38.536 9.155 8.258 4.608 10.909 
281123181250 0.795 16.610 38.538 9.154 8.258 4.957 10.888 
281123182750 0.851 16.616 38.535 9.154 8.258 4.805 10.885 
281123184250 0.693 16.616 38.537 9.154 8.257 4.699 10.902 
281123185750 0.735 16.601 38.537 9.157 8.256 5.003 10.908 
281123191250 0.705 16.602 38.536 9.159 8.256 4.896 10.900 
281123192750 0.904 16.593 38.530 9.160 8.256 4.304 10.887 
281123194250 0.846 16.540 38.534 9.176 8.254 4.578 10.903 
281123195750 0.779 16.542 38.538 9.173 8.254 4.737 10.908 
281123201250 0.764 16.549 38.528 9.174 8.254 5.124 10.899 
281123202750 0.698 16.548 38.528 9.174 8.254 4.775 10.886 
281123204250 0.783 16.552 38.534 9.172 8.254 5.185 10.902 
281123205750 0.848 16.575 38.533 9.165 8.255 4.403 10.907 
281123211250 0.749 16.570 38.533 9.164 8.254 4.676 10.893 
281123212750 0.765 16.566 38.528 9.165 8.254 5.390 10.884 
281123214250 0.670 16.581 38.529 9.157 8.255 4.023 10.901 
281123215750 0.812 16.585 38.525 9.157 8.254 4.987 10.907 
281123221250 0.786 16.589 38.530 9.156 8.253 4.623 10.899 
281123222750 0.832 16.563 38.529 9.163 8.253 4.319 10.885 
281123224250 0.802 16.564 38.540 9.159 8.253 4.137 10.901 
281123225750 0.813 16.563 38.533 9.161 8.253 4.509 10.906 
281123231250 0.627 16.542 38.529 9.164 8.253 5.025 10.897 
281123232750 0.795 16.575 38.528 9.157 8.254 5.405 10.884 
281123234250 0.768 16.551 38.540 9.160 8.253 4.001 10.900 
281123235750 0.851 16.578 38.529 9.155 8.253 5.519 10.905 
291123001250 0.723 16.579 38.523 9.154 8.253 3.629 10.897 
291123002750 0.728 16.595 38.526 9.146 8.253 4.350 10.884 
291123004250 0.740 16.580 38.528 9.151 8.253 4.304 10.900 
291123005750 0.686 16.612 38.528 9.141 8.253 4.001 10.905 
291123011250 0.801 16.573 38.528 9.152 8.253 4.342 10.897 
291123012750 0.902 16.607 38.528 9.140 8.253 3.917 10.883 
291123014250 0.786 16.593 38.526 9.144 8.253 5.033 10.899 
291123015750 0.856 16.579 38.528 9.148 8.253 4.304 10.905 
291123021250 0.809 16.601 38.529 9.140 8.253 4.433 10.894 
291123022750 0.714 16.570 38.527 9.152 8.253 4.282 10.882 
291123024250 0.778 16.584 38.529 9.146 8.253 4.054 10.899 
291123025750 0.831 16.576 38.532 9.147 8.253 3.932 10.904 
291123031250 0.741 16.586 38.528 9.145 8.253 3.841 10.884 
291123032750 0.923 16.570 38.531 9.150 8.253 4.054 10.879 
291123034250 0.828 16.541 38.529 9.156 8.253 3.727 10.897 
291123035750 0.827 16.585 38.533 9.142 8.253 3.796 10.903 
291123041250 0.793 16.520 38.533 9.158 8.253 3.462 10.895 
291123042750 0.880 16.540 38.527 9.154 8.253 3.887 10.881 
291123044250 0.871 16.520 38.530 9.155 8.252 4.228 10.897 
291123045750 0.790 16.543 38.534 9.149 8.253 4.160 10.903 
291123051250 0.773 16.530 38.534 9.153 8.252 5.284 10.893 
291123052750 0.860 16.562 38.533 9.145 8.252 4.874 10.880 
291123054250 0.738 16.544 38.532 9.146 8.252 4.365 10.897 
291123055750 0.817 16.523 38.533 9.149 8.252 4.198 10.903 
291123061250 0.856 16.506 38.531 9.152 8.252 4.175 10.882 
291123062750 0.813 16.562 38.528 9.139 8.252 4.608 10.877 
291123064250 0.768 16.548 38.525 9.143 8.252 4.365 10.895 
291123065750 0.790 16.528 38.533 9.145 8.252 4.464 10.901 
291123071250 0.760 16.552 38.526 9.138 8.252 4.767 10.893 
291123072750 0.833 16.526 38.534 9.142 8.252 5.519 10.879 
291123074250 0.805 16.533 38.537 9.141 8.251 4.828 10.896 
291123075750 0.723 16.539 38.538 9.139 8.251 3.947 10.901 
291123081250 0.785 16.526 38.534 9.141 8.251 4.456 10.884 
291123082750 0.865 16.514 38.533 9.142 8.251 4.600 10.877 
291123084250 0.739 16.506 38.533 9.143 8.251 3.780 10.894 
291123085750 0.833 16.515 38.535 9.139 8.250 3.044 10.900 
291123091250 0.869 16.513 38.534 9.140 8.250 2.368 10.891 
291123092750 0.851 16.501 38.534 9.143 8.250 2.733 10.878 
291123094250 0.869 16.513 38.532 9.140 8.250 2.179 10.894 
291123095750 0.856 16.529 38.534 9.135 8.250 2.232 10.900 
291123101250 0.791 16.539 38.530 9.134 8.250 1.617 10.892 
291123102750 0.819 16.546 38.532 9.131 8.249 2.042 10.877 
291123104250 0.867 16.551 38.533 9.131 8.249 1.754 10.894 
291123105750 0.760 16.557 38.531 9.128 8.249 1.837 10.900 
291123111250 0.800 16.563 38.536 9.126 8.248 1.731 10.879 
