SAMBAT Sea Ti  C/T/D/Odo/Fluo/pH GPS : 50195 
V:0,Pression (0/50),dba
V:1,Température (-5/35),°C
V:2,Salinité (2/42),g/l
V:3,Oxygène (0/20),mgl
V:4,PH (0/14),pH
V:5,Fluorescence (0/500),ppb
V:6,Tension batterie,V
280523122630 0.817 20.956 37.858 9.251 8.244 0.767 10.791 
280523124129 0.794 21.102 37.860 9.214 8.243 0.569 10.850 
280523125629 0.794 21.148 37.838 9.192 8.241 0.668 10.899 
280523131129 0.797 20.990 37.812 9.233 8.242 0.660 10.913 
280523132629 0.789 20.995 37.837 9.232 8.243 0.410 10.918 
280523134129 0.805 20.831 37.817 9.259 8.246 0.516 10.878 
280523135629 0.819 20.883 37.832 9.258 8.250 0.524 10.911 
280523141129 0.794 20.952 37.827 9.244 8.250 0.759 10.918 
280523142629 0.782 21.057 37.804 9.220 8.250 0.691 10.920 
280523144129 0.781 21.073 37.795 9.217 8.250 0.607 10.879 
280523145629 0.808 21.046 37.806 9.222 8.250 0.812 10.912 
280523151129 0.799 21.128 37.825 9.210 8.250 0.607 10.919 
280523152629 0.800 21.257 37.799 9.183 8.252 0.782 10.922 
280523154129 0.789 21.275 37.723 9.192 8.256 0.547 10.870 
280523155629 0.831 21.415 37.778 9.148 8.260 0.607 10.911 
280523161129 0.783 21.616 37.769 9.108 8.267 1.632 10.920 
280523162629 0.753 21.624 37.788 9.107 8.272 1.602 10.923 
280523164129 0.801 21.530 37.746 9.165 8.271 1.533 10.883 
280523165629 0.809 21.545 37.802 9.165 8.272 0.903 10.916 
280523171129 0.772 21.107 37.692 9.337 8.261 1.708 10.922 
280523172629 0.763 20.782 37.798 9.345 8.256 1.784 10.923 
280523174129 0.751 20.836 37.746 9.350 8.256 1.086 10.882 
280523175629 0.812 20.839 37.771 9.359 8.257 1.268 10.915 
280523181129 0.813 20.887 37.796 9.372 8.259 1.139 10.921 
280523182629 0.832 20.710 37.738 9.384 8.261 1.253 10.922 
280523184129 0.793 20.855 37.742 9.387 8.262 3.128 10.870 
280523185629 0.778 21.252 37.628 9.297 8.263 1.822 10.910 
280523191129 0.775 21.436 37.729 9.287 8.264 1.640 10.919 
280523192629 0.845 21.209 38.099 9.351 8.264 1.549 10.922 
280523194129 0.769 21.335 38.076 9.327 8.262 1.723 10.882 
280523195629 0.809 21.354 38.078 9.333 8.261 1.617 10.914 
280523201129 0.758 21.335 38.041 9.342 8.261 2.050 10.920 
280523202629 0.817 21.443 37.953 9.312 8.259 1.640 10.923 
280523204129 0.756 21.307 37.923 9.351 8.260 1.298 10.882 
280523205629 0.802 21.262 38.050 9.378 8.260 1.541 10.914 
280523211129 0.800 21.097 38.103 9.411 8.256 1.306 10.920 
280523212629 0.785 21.196 38.072 9.387 8.250 1.283 10.922 
280523214129 0.831 21.078 38.126 9.412 8.249 1.647 10.870 
280523215629 0.822 20.966 37.878 9.439 8.250 1.685 10.910 
280523221129 0.817 20.837 37.870 9.454 8.254 1.298 10.918 
280523222629 0.820 20.749 37.819 9.447 8.262 1.617 10.920 
280523224129 0.809 20.778 37.844 9.438 8.265 1.397 10.880 
280523225629 0.802 20.925 37.826 9.421 8.265 1.685 10.911 
280523231129 0.833 20.955 37.821 9.406 8.267 1.731 10.918 
280523232629 0.792 20.775 37.728 9.427 8.274 2.110 10.920 
280523234129 0.820 20.780 37.746 9.430 8.276 2.247 10.879 
280523235629 0.821 20.757 37.771 9.435 8.277 2.095 10.911 
290523001129 0.798 20.688 37.774 9.438 8.276 1.943 10.917 
290523002629 0.806 20.653 37.764 9.440 8.278 1.549 10.919 
290523004129 0.811 20.624 37.818 9.446 8.279 1.488 10.866 
290523005629 0.804 20.629 37.769 9.449 8.279 1.746 10.906 
290523011129 0.785 20.593 37.793 9.452 8.280 1.708 10.915 
290523012629 0.799 20.762 37.797 9.452 8.282 1.731 10.917 
290523014129 0.794 20.769 37.770 9.456 8.284 1.966 10.877 
290523015629 0.787 20.716 37.780 9.464 8.286 1.556 10.909 
290523021129 0.796 20.753 37.778 9.469 8.286 1.852 10.916 
290523022629 0.801 20.699 37.762 9.480 8.288 2.217 10.918 
290523024129 0.781 20.716 37.766 9.489 8.286 1.875 10.875 
290523025629 0.797 20.733 37.761 9.495 8.288 2.004 10.909 
290523031129 0.822 20.764 37.744 9.502 8.288 1.830 10.916 
290523032629 0.779 20.706 37.725 9.511 8.285 1.518 10.918 
290523034129 0.789 20.880 37.776 9.517 8.287 2.429 10.866 
290523035629 0.789 20.876 37.764 9.528 8.287 1.799 10.906 
290523041129 0.801 20.852 37.671 9.540 8.286 1.571 10.915 
290523042629 0.803 20.902 37.720 9.546 8.286 1.625 10.918 
290523044129 0.788 20.906 37.753 9.557 8.284 1.905 10.877 
290523045629 0.808 20.876 37.533 9.565 8.282 2.186 10.909 
290523051129 0.811 20.826 37.560 9.570 8.282 1.723 10.916 
290523052629 0.787 20.781 37.594 9.572 8.277 1.587 10.918 
290523054129 0.802 20.695 37.651 9.567 8.265 1.344 10.877 
290523055629 0.801 20.580 37.740 9.560 8.259 1.632 10.909 
290523061129 0.796 20.571 37.781 9.550 8.258 1.541 10.916 
290523062629 0.812 20.573 37.805 9.538 8.260 1.245 10.918 
290523064129 0.806 20.584 37.787 9.527 8.261 1.017 10.864 
290523065629 0.818 20.567 37.782 9.513 8.260 0.881 10.905 
290523071129 0.798 20.541 37.784 9.500 8.258 0.888 10.914 
290523072629 0.803 20.494 37.806 9.493 8.256 0.934 10.916 
290523074129 0.816 20.487 37.806 9.480 8.256 0.835 10.875 
290523075629 0.805 20.490 37.812 9.463 8.255 0.812 10.907 
290523081129 0.804 20.512 37.806 9.442 8.255 1.473 10.914 
290523082629 0.804 20.579 37.813 9.417 8.255 0.585 10.916 
290523084129 0.811 20.623 37.797 9.400 8.254 0.000 10.874 
290523085629 0.812 20.717 37.809 9.382 8.255 0.577 10.907 
290523091129 0.807 20.797 37.803 9.367 8.255 0.539 10.915 
290523092629 0.798 20.826 37.796 9.354 8.255 0.569 10.917 
290523094129 0.795 20.868 37.800 9.340 8.253 0.516 10.865 
290523095629 0.801 20.815 37.792 9.329 8.254 0.562 10.906 
290523101129 0.806 20.912 37.804 9.309 8.253 0.729 10.915 
290523102629 0.803 21.078 37.799 9.254 8.253 0.395 10.917 
290523104129 0.796 20.880 37.766 9.295 8.255 0.395 10.877 
290523105629 0.802 20.932 37.778 9.281 8.264 0.516 10.909 
290523111129 0.787 20.965 37.721 9.281 8.265 0.455 10.916 
290523112629 0.817 20.877 37.722 9.289 8.270 0.547 10.919 
290523114129 0.809 20.918 37.727 9.290 8.269 0.759 10.878 
290523115629 0.798 21.092 37.721 9.240 8.271 0.486 10.911 
290523121129 0.790 21.102 37.700 9.250 8.270 0.600 10.917 
290523122629 0.781 21.560 37.789 9.144 8.271 0.349 10.920 
