SAMBAT Sea Ti  C/T/D/Odo/Fluo/pH GPS : 50195 
V:0,Pression (0/50),m
V:1,Température (-5/35),°C
V:2,Salinité (2/42),g/l
V:3,Oxygène (0/20),mgl
V:4,PH (0/14),pH
V:5,Fluorescence (0/50),µgl
V:6,Tension batterie,V
011222173745 0.910 17.413 36.023 8.542 8.336 0.599 10.737 
011222175244 0.909 17.419 36.027 8.547 8.338 0.620 10.797 
011222180744 0.927 17.409 36.020 8.552 8.337 0.545 10.833 
011222182244 0.927 17.410 36.034 8.557 8.337 0.686 10.855 
011222183744 0.979 17.401 36.043 8.555 8.338 0.489 10.865 
011222185244 0.919 17.392 36.034 8.563 8.338 0.529 10.820 
011222190744 0.891 17.404 36.046 8.559 8.337 0.510 10.847 
011222192244 0.903 17.396 36.035 8.562 8.337 0.533 10.862 
011222193744 0.937 17.369 36.035 8.573 8.338 0.591 10.869 
011222195244 0.932 17.334 36.025 8.590 8.338 0.709 10.822 
011222200744 0.910 17.297 36.014 8.606 8.337 0.670 10.837 
011222202244 0.944 17.296 36.030 8.613 8.338 0.506 10.859 
011222203744 0.909 17.310 36.016 8.617 8.337 0.694 10.866 
011222205244 0.955 17.318 36.010 8.620 8.337 0.465 10.821 
011222210744 0.963 17.297 35.982 8.626 8.337 0.629 10.847 
011222212244 0.924 17.283 36.000 8.634 8.337 0.482 10.863 
011222213744 0.935 17.235 35.992 8.646 8.335 0.562 10.869 
011222215244 0.940 17.218 36.002 8.652 8.335 0.621 10.821 
011222220744 0.926 17.240 36.008 8.650 8.336 0.668 10.846 
011222222244 0.882 17.246 36.014 8.643 8.336 0.565 10.862 
011222223744 0.923 17.247 36.013 8.640 8.336 0.613 10.868 
011222225244 0.951 17.240 36.006 8.635 8.336 0.624 10.821 
011222230744 0.926 17.232 36.005 8.637 8.337 0.561 10.837 
011222232244 0.939 17.228 36.007 8.629 8.336 0.583 10.858 
011222233744 0.948 17.219 36.010 8.622 8.335 0.584 10.866 
011222235244 0.960 17.216 36.503 8.623 8.336 0.549 10.820 
021222000744 0.950 17.221 36.035 8.622 8.336 0.571 10.847 
021222002244 0.960 17.225 36.027 8.618 8.336 0.580 10.862 
021222003744 0.922 17.205 35.997 8.616 8.336 0.496 10.868 
021222005244 0.925 17.193 35.992 8.613 8.336 0.511 10.821 
021222010744 0.906 17.198 35.992 8.616 8.336 0.647 10.847 
021222012244 0.938 17.217 36.005 8.610 8.336 0.522 10.862 
021222013744 0.907 17.236 36.014 8.608 8.335 0.551 10.868 
021222015244 0.919 17.238 36.308 8.614 8.335 0.542 10.821 
021222020744 0.928 17.246 35.955 8.618 8.334 0.543 10.836 
021222022244 0.925 17.247 35.960 8.617 8.334 0.457 10.858 
021222023744 0.913 17.238 35.999 8.626 8.336 0.526 10.866 
021222025244 0.934 17.240 36.013 8.628 8.336 0.568 10.820 
021222030744 0.943 17.235 36.023 8.629 8.334 0.547 10.846 
021222032244 0.959 17.248 36.003 8.628 8.336 0.597 10.861 
021222033744 0.932 17.240 36.006 8.629 8.334 0.494 10.868 
021222035244 0.942 17.259 36.005 8.633 8.337 0.559 10.821 
021222040744 0.962 17.252 36.019 8.633 8.336 0.554 10.846 
021222042244 0.900 17.270 36.016 8.633 8.337 0.536 10.862 
021222043744 0.899 17.269 36.011 8.639 8.338 0.433 10.868 
021222045244 0.931 17.267 35.977 8.645 8.338 0.460 10.821 
021222050744 0.912 17.273 36.015 8.645 8.338 0.429 10.837 
021222052244 0.920 17.264 36.013 8.644 8.337 0.492 10.858 
021222053744 0.881 17.267 36.020 8.648 8.338 0.535 10.866 
021222055244 0.906 17.282 36.022 8.648 8.339 0.542 10.820 
021222060744 0.918 17.274 36.014 8.649 8.338 0.438 10.846 
021222062244 0.932 17.289 35.989 8.637 8.339 0.527 10.862 
021222063744 0.925 17.290 36.035 8.635 8.338 0.623 10.868 
021222065244 0.927 17.290 36.020 8.626 8.339 0.492 10.820 
021222070744 0.917 17.285 36.027 8.617 8.339 0.434 10.847 
021222072244 0.931 17.272 36.026 8.610 8.339 0.429 10.862 
021222073744 0.911 17.279 36.025 8.597 8.337 0.449 10.868 
021222075244 0.929 17.281 36.023 8.594 8.339 0.434 10.821 
021222080744 0.913 17.276 36.013 8.588 8.337 0.539 10.845 
021222082244 0.931 17.269 36.010 8.582 8.338 0.467 10.862 
021222083744 0.916 17.272 36.019 8.583 8.340 0.438 10.868 
021222085244 0.924 17.275 36.009 8.586 8.339 0.459 10.820 
021222090744 0.921 17.276 36.027 8.589 8.340 0.416 10.837 
021222092244 0.912 17.271 35.970 8.599 8.341 0.506 10.858 
021222093744 0.922 17.265 36.006 8.611 8.341 0.412 10.866 
021222095244 0.927 17.248 36.005 8.615 8.340 0.560 10.820 
021222100744 0.928 17.253 36.005 8.621 8.339 0.255 10.846 
021222102244 0.886 17.240 35.995 8.625 8.339 0.221 10.862 
021222103744 0.903 17.234 36.002 8.635 8.339 0.188 10.867 
021222105244 0.940 17.234 35.994 8.651 8.338 0.156 10.820 
021222110744 0.930 17.232 35.991 8.665 8.338 0.212 10.847 
021222112244 0.945 17.218 36.589 8.677 8.338 0.176 10.862 
021222113744 0.921 17.220 36.018 8.678 8.338 0.206 10.868 
021222115244 0.940 17.205 36.005 8.683 8.337 0.146 10.820 
021222120744 0.886 17.203 36.003 8.686 8.336 0.159 10.836 
021222122244 0.955 17.217 36.004 8.699 8.336 0.185 10.857 
021222123744 0.943 17.211 36.016 8.708 8.335 0.202 10.866 
021222125244 0.905 17.205 36.018 8.706 8.334 0.205 10.820 
021222130744 0.906 17.204 35.993 8.701 8.331 0.160 10.845 
021222132244 0.907 17.203 35.997 8.684 8.331 0.199 10.861 
021222133744 0.946 17.196 35.998 8.664 8.330 0.167 10.867 
021222135244 0.921 17.217 35.998 8.645 8.331 0.157 10.820 
021222140744 0.929 17.217 35.992 8.640 8.331 0.139 10.846 
021222142244 0.898 17.219 35.975 8.620 8.329 0.185 10.862 
021222143744 0.897 17.217 35.953 8.608 8.329 0.173 10.868 
021222145244 0.930 17.217 35.948 8.601 8.330 0.162 10.820 
021222150744 0.897 17.215 35.944 8.588 8.329 0.178 10.836 
021222152244 0.908 17.220 35.944 8.593 8.329 0.211 10.857 
021222153744 0.903 17.221 35.932 8.598 8.328 0.229 10.866 
021222155244 0.868 17.220 35.959 8.600 8.329 0.366 10.820 
021222160744 0.893 17.217 35.956 8.604 8.330 0.328 10.845 
021222162244 0.925 17.212 35.954 8.606 8.330 0.374 10.861 
021222163744 0.903 17.216 35.950 8.603 8.330 0.386 10.867 
021222165244 0.886 17.212 35.959 8.606 8.330 0.482 10.820 
021222170744 0.890 17.201 35.953 8.607 8.330 0.544 10.839 
021222172244 0.905 17.201 35.936 8.608 8.330 0.478 10.859 
021222173744 0.886 17.199 35.926 8.610 8.330 0.658 10.866 
