SAMBAT Sea Ti  C/T/D/Odo/Fluo/pH GPS : 50195 
V:0,Pression (0/50),dba
V:1,Température (-5/35),°C
V:2,Salinité (2/42),g/l
V:3,Oxygène (0/20),mgl
V:4,PH (0/14),pH
V:5,Fluorescence (0/500),ppb
V:6,Tension batterie,V
210323094207 0.881 14.556 37.957 10.589 8.212 2.118 10.716 
210323095706 0.856 14.537 37.967 10.604 8.211 1.943 10.790 
210323101206 0.889 14.594 37.956 10.588 8.211 1.230 10.819 
210323102706 0.862 14.628 37.959 10.585 8.211 1.678 10.833 
210323104206 0.880 14.691 37.959 10.568 8.211 1.366 10.794 
210323105706 0.881 14.751 37.910 10.566 8.220 1.374 10.824 
210323111206 0.886 14.539 37.880 10.645 8.229 1.222 10.837 
210323112706 0.878 14.633 37.897 10.627 8.228 2.019 10.843 
210323114206 0.866 14.762 37.882 10.596 8.228 1.154 10.809 
210323115706 0.868 14.698 37.890 10.631 8.228 1.374 10.832 
210323121206 0.873 14.585 37.923 10.676 8.222 1.928 10.842 
210323122706 0.898 14.913 37.882 10.582 8.217 1.579 10.846 
210323124206 0.882 14.800 37.972 10.624 8.210 1.328 10.812 
210323125706 0.888 14.581 37.788 10.683 8.224 1.685 10.834 
210323131206 0.841 14.605 37.780 10.705 8.229 1.177 10.843 
210323132706 0.820 14.727 37.751 10.680 8.230 1.480 10.848 
210323134206 0.867 14.852 37.731 10.654 8.229 2.186 10.801 
210323135706 0.861 14.881 37.737 10.656 8.229 1.655 10.829 
210323141206 0.889 14.850 37.709 10.684 8.229 1.716 10.841 
210323142706 0.831 14.834 37.719 10.693 8.229 2.498 10.846 
210323144206 0.870 14.905 37.697 10.684 8.229 1.602 10.813 
210323145706 0.868 14.920 37.702 10.691 8.227 1.541 10.835 
210323151206 0.833 14.978 37.709 10.678 8.229 2.573 10.844 
210323152706 0.827 14.973 37.696 10.700 8.229 2.763 10.849 
210323154206 0.885 14.963 37.682 10.713 8.231 2.945 10.812 
210323155706 0.865 14.894 37.724 10.744 8.228 3.074 10.836 
210323161206 0.835 14.887 37.713 10.761 8.228 3.545 10.845 
210323162706 0.856 14.839 37.736 10.788 8.226 4.980 10.849 
210323164206 0.822 14.800 37.749 10.816 8.224 5.375 10.801 
210323165706 0.776 14.865 37.747 10.799 8.226 5.109 10.829 
210323171206 0.740 14.895 37.734 10.800 8.225 5.291 10.842 
210323172706 0.796 14.933 37.717 10.798 8.226 5.117 10.847 
210323174206 0.838 14.850 37.724 10.825 8.226 6.339 10.813 
210323175706 0.802 14.878 37.718 10.819 8.229 5.876 10.835 
210323181206 0.836 14.897 37.682 10.824 8.235 5.443 10.844 
210323182706 0.822 14.837 37.689 10.865 8.239 4.896 10.849 
210323184206 0.890 14.795 37.698 10.891 8.241 4.972 10.813 
210323185706 0.891 14.769 37.732 10.916 8.233 5.633 10.835 
210323191206 0.853 14.763 37.736 10.937 8.248 5.063 10.844 
210323192706 0.894 14.759 37.765 10.952 8.244 5.086 10.848 
210323194206 0.849 14.756 37.777 10.977 8.246 5.352 10.801 
210323195706 0.889 14.745 37.783 11.000 8.247 5.253 10.829 
210323201206 0.889 14.758 37.785 11.020 8.254 4.752 10.841 
210323202706 0.870 14.753 37.765 11.045 8.256 4.471 10.846 
210323204206 0.825 14.747 37.759 11.070 8.255 4.767 10.812 
210323205706 0.855 14.727 37.775 11.091 8.245 4.122 10.834 
210323211206 0.826 14.673 37.745 11.119 8.246 4.676 10.843 
210323212706 0.846 14.660 37.807 11.142 8.243 6.164 10.846 
210323214206 0.859 14.712 37.872 11.129 8.234 4.547 10.812 
210323215706 0.895 14.813 37.914 11.098 8.226 5.428 10.834 
210323221206 0.880 14.821 37.970 11.085 8.217 5.686 10.843 
210323222706 0.854 14.813 37.964 11.084 8.217 4.745 10.847 
210323224206 0.861 14.788 37.987 11.082 8.215 5.572 10.800 
210323225706 0.874 14.738 37.993 11.099 8.218 5.481 10.828 
210323231206 0.833 14.649 38.005 11.118 8.221 5.587 10.840 
210323232706 0.874 14.636 37.995 11.122 8.222 5.215 10.845 
210323234206 0.863 14.654 38.001 11.102 8.221 5.739 10.811 
210323235706 0.831 14.633 37.984 11.112 8.222 4.995 10.832 
220323001206 0.826 14.657 37.981 11.088 8.223 5.132 10.842 
220323002706 0.864 14.677 37.973 11.074 8.223 5.086 10.846 
220323004206 0.847 14.683 37.966 11.060 8.224 6.255 10.811 
220323005706 0.857 14.675 37.958 11.047 8.224 6.141 10.833 
220323011206 0.854 14.671 37.958 11.036 8.224 5.230 10.842 
220323012706 0.860 14.663 37.955 11.019 8.224 4.532 10.846 
220323014206 0.865 14.658 37.950 11.004 8.225 5.170 10.799 
220323015706 0.882 14.660 37.955 10.984 8.225 5.936 10.827 
220323021206 0.858 14.626 37.955 10.980 8.224 6.005 10.839 
220323022706 0.858 14.570 37.928 10.967 8.230 4.722 10.844 
220323024206 0.875 14.613 37.925 10.930 8.230 4.775 10.810 
220323025706 0.862 14.629 37.924 10.903 8.231 5.208 10.832 
220323031206 0.852 14.648 37.928 10.883 8.230 5.549 10.841 
220323032706 0.867 14.657 37.934 10.857 8.230 5.420 10.846 
220323034206 0.858 14.666 37.936 10.844 8.230 4.707 10.810 
220323035706 0.826 14.687 37.945 10.830 8.230 4.881 10.832 
220323041206 0.849 14.638 37.939 10.845 8.230 5.079 10.842 
220323042706 0.865 14.628 37.970 10.850 8.227 4.775 10.846 
220323044206 0.831 14.614 37.991 10.853 8.225 5.132 10.810 
220323045706 0.875 14.614 38.024 10.853 8.221 4.304 10.833 
220323051206 0.838 14.587 38.022 10.857 8.222 4.783 10.842 
220323052706 0.847 14.550 38.033 10.861 8.220 5.769 10.846 
220323054206 0.842 14.534 38.044 10.868 8.218 4.418 10.799 
220323055706 0.839 14.558 38.056 10.847 8.212 4.767 10.827 
220323061206 0.843 14.547 38.053 10.838 8.210 4.813 10.838 
220323062706 0.839 14.576 38.042 10.823 8.210 5.633 10.844 
220323064206 0.878 14.574 38.048 10.808 8.210 5.200 10.810 
220323065706 0.861 14.576 38.046 10.797 8.211 5.314 10.832 
220323071206 0.840 14.590 38.050 10.786 8.210 4.820 10.841 
220323072706 0.896 14.585 38.053 10.774 8.210 4.942 10.845 
220323074206 0.851 14.590 38.051 10.763 8.209 3.856 10.805 
220323075706 0.872 14.572 38.051 10.754 8.209 3.720 10.829 
220323081206 0.862 14.576 38.054 10.743 8.209 3.902 10.840 
220323082706 0.837 14.581 38.056 10.732 8.208 2.991 10.844 
220323084206 0.859 14.600 38.059 10.719 8.207 1.754 10.809 
220323085706 0.868 14.579 38.061 10.707 8.208 1.495 10.832 
220323091206 0.848 14.595 38.028 10.694 8.209 1.442 10.841 
220323092706 0.874 14.596 38.036 10.678 8.207 1.328 10.845 
220323094206 0.876 14.639 38.052 10.656 8.207 1.458 10.809 
