SAMBAT Sea Ti  C/T/D/Odo/Fluo/pH GPS : 50195 
V:0,Pression (0/50),m
V:1,Température (-5/35),°C
V:2,Salinité (2/42),g/l
V:3,Oxygène (0/20),mgl
V:4,PH (0/14),pH
V:5,Fluorescence (0/50),µgl
V:6,Tension batterie,V
110922142138 0.827 26.484 38.443 7.566 8.273 0.112 10.816 
110922143637 0.940 26.545 38.455 7.552 8.272 0.087 10.920 
110922145137 0.816 26.643 38.468 7.529 8.270 0.099 10.909 
110922150637 0.836 26.815 38.470 7.494 8.269 0.122 10.927 
110922152137 0.790 26.823 38.471 7.488 8.269 0.101 10.942 
110922153637 0.780 26.793 38.458 7.487 8.270 0.153 10.946 
110922155137 0.761 26.828 38.457 7.480 8.270 0.123 10.915 
110922160637 0.889 26.877 38.473 7.468 8.270 0.184 10.937 
110922162137 0.820 26.754 38.444 7.492 8.271 0.123 10.946 
110922163637 0.836 26.861 38.477 7.474 8.271 0.137 10.949 
110922165137 0.826 26.884 38.472 7.474 8.270 0.171 10.916 
110922170637 0.788 26.966 38.472 7.460 8.269 0.181 10.937 
110922172137 0.793 26.959 38.474 7.465 8.269 0.187 10.946 
110922173637 0.810 26.898 38.459 7.483 8.271 0.229 10.949 
110922175137 0.829 26.964 38.446 7.487 8.275 0.177 10.917 
110922180637 0.778 26.969 38.440 7.501 8.277 0.114 10.931 
110922182137 0.907 26.925 38.426 7.526 8.278 0.180 10.945 
110922183637 0.821 26.905 38.425 7.539 8.279 0.180 10.949 
110922185137 0.882 26.922 38.419 7.549 8.280 0.132 10.916 
110922190637 0.822 26.866 38.420 7.577 8.281 0.204 10.938 
110922192137 0.832 26.809 38.427 7.592 8.282 0.198 10.947 
110922193637 0.790 26.738 38.415 7.611 8.284 0.166 10.949 
110922195137 0.842 26.751 38.411 7.619 8.284 0.185 10.916 
110922200637 0.829 26.750 38.407 7.623 8.284 0.230 10.937 
110922202137 0.795 26.764 38.422 7.613 8.284 0.215 10.946 
110922203637 0.788 26.738 38.430 7.613 8.286 0.230 10.948 
110922205137 0.837 26.651 38.431 7.628 8.289 0.203 10.916 
110922210637 0.808 26.585 38.434 7.634 8.289 0.169 10.930 
110922212137 0.838 26.556 38.420 7.632 8.290 0.200 10.944 
110922213637 0.853 26.515 38.420 7.628 8.291 0.162 10.947 
110922215137 0.798 26.518 38.435 7.620 8.291 0.197 10.915 
110922220637 0.875 26.580 38.436 7.607 8.291 0.177 10.936 
110922222137 0.818 26.591 38.432 7.603 8.292 0.254 10.945 
110922223637 0.838 26.566 38.428 7.604 8.293 0.224 10.948 
110922225137 0.842 26.555 38.424 7.608 8.294 0.164 10.915 
110922230637 0.852 26.572 38.420 7.602 8.294 0.304 10.936 
110922232137 0.871 26.544 38.418 7.606 8.295 0.234 10.945 
110922233637 0.896 26.529 38.425 7.610 8.294 0.232 10.948 
110922235137 0.844 26.529 38.426 7.613 8.294 0.244 10.915 
120922000637 0.848 26.490 38.429 7.617 8.294 0.275 10.936 
120922002137 0.837 26.443 38.427 7.623 8.295 0.214 10.945 
120922003637 0.842 26.413 38.410 7.624 8.296 0.171 10.947 
120922005137 0.810 26.366 38.415 7.619 8.296 0.262 10.914 
120922010637 0.843 26.368 38.407 7.616 8.296 0.177 10.929 
120922012137 0.850 26.368 38.405 7.606 8.296 0.189 10.943 
120922013637 0.875 26.326 38.405 7.601 8.297 0.214 10.946 
120922015137 0.823 26.329 38.406 7.593 8.297 0.195 10.914 
120922020637 0.851 26.296 38.399 7.582 8.298 0.249 10.931 
120922022137 0.862 26.237 38.396 7.587 8.298 0.191 10.944 
120922023637 0.822 26.249 38.391 7.583 8.299 0.170 10.946 
120922025137 0.832 26.218 38.387 7.584 8.298 0.230 10.914 
120922030637 0.824 26.220 38.388 7.580 8.299 0.178 10.935 
120922032137 0.857 26.207 38.386 7.578 8.299 0.183 10.944 
120922033637 0.847 26.187 38.389 7.579 8.299 0.223 10.946 
120922035137 0.836 26.195 38.391 7.578 8.299 0.194 10.913 
120922040637 0.875 26.167 38.386 7.578 8.299 0.239 10.927 
120922042137 0.851 26.107 38.391 7.578 8.299 0.181 10.942 
120922043637 0.856 26.135 38.385 7.567 8.300 0.224 10.945 
120922045137 0.865 26.162 38.394 7.557 8.300 0.185 10.912 
120922050637 0.844 26.158 38.414 7.552 8.300 0.225 10.933 
120922052137 0.857 26.172 38.414 7.552 8.299 0.174 10.943 
120922053637 0.837 26.166 38.388 7.548 8.300 0.164 10.946 
120922055137 0.844 26.186 38.398 7.545 8.300 0.190 10.912 
120922060637 0.847 26.200 38.398 7.541 8.300 0.205 10.933 
120922062137 0.871 26.189 38.400 7.541 8.300 0.333 10.942 
120922063637 0.825 26.226 38.401 7.539 8.299 0.238 10.946 
120922065137 0.831 26.214 38.398 7.542 8.299 0.391 10.912 
120922070637 0.829 26.225 38.400 7.537 8.299 0.209 10.927 
120922072137 0.838 26.228 38.402 7.541 8.299 0.183 10.942 
120922073637 0.845 26.212 38.402 7.546 8.299 0.242 10.945 
120922075137 0.847 26.211 38.408 7.548 8.299 0.222 10.912 
120922080637 0.877 26.211 38.403 7.552 8.298 0.266 10.934 
120922082137 0.841 26.211 38.395 7.548 8.298 0.163 10.943 
120922083637 0.857 26.197 38.399 7.550 8.298 0.161 10.946 
120922085137 0.842 26.209 38.401 7.547 8.297 0.123 10.913 
120922090637 0.833 26.209 38.404 7.548 8.296 0.120 10.927 
120922092137 0.840 26.220 38.407 7.544 8.295 0.109 10.941 
120922093637 0.872 26.225 38.402 7.545 8.294 0.094 10.945 
120922095137 0.842 26.237 38.394 7.542 8.292 0.096 10.912 
120922100637 0.847 26.242 38.397 7.541 8.292 0.097 10.933 
120922102137 0.867 26.266 38.400 7.533 8.291 0.089 10.943 
120922103637 0.825 26.263 38.395 7.534 8.290 0.123 10.946 
120922105137 0.849 26.284 38.392 7.529 8.289 0.099 10.913 
120922110637 0.888 26.362 38.408 7.522 8.287 0.028 10.934 
120922112137 0.845 26.376 38.416 7.519 8.287 0.047 10.944 
120922113637 0.817 26.407 38.420 7.516 8.286 0.136 10.946 
120922115137 0.851 26.435 38.426 7.515 8.284 0.097 10.913 
120922120637 0.826 26.466 38.441 7.508 8.282 0.079 10.931 
120922122137 0.849 26.509 38.430 7.507 8.282 0.086 10.943 
120922123637 0.836 26.566 38.439 7.500 8.282 0.047 10.946 
120922125137 0.826 26.567 38.430 7.501 8.282 0.071 10.914 
120922130637 0.841 26.602 38.438 7.500 8.281 0.110 10.935 
120922132137 0.826 26.607 38.438 7.503 8.280 0.039 10.945 
120922133637 0.873 26.619 38.430 7.504 8.279 0.091 10.947 
120922135137 0.845 26.624 38.445 7.505 8.279 0.099 10.914 
120922140637 0.853 26.643 38.451 7.504 8.278 0.085 10.936 
120922142137 0.856 26.626 38.438 7.510 8.278 0.111 10.945 
