SAMBAT Sea Ti  C/T/D/Odo/Fluo/pH GPS : 50195 
V:0,Pression (0/50),m
V:1,Température (-5/35),°C
V:2,Salinité (2/42),g/l
V:3,Oxygène (0/20),mgl
V:4,PH (0/14),pH
V:5,Fluorescence (0/50),µgl
V:6,Tension batterie,V
220822132059 0.805 26.813 38.221 7.658 8.259 0.127 10.781 
220822133558 0.747 26.882 38.225 7.642 8.256 0.110 10.892 
220822135058 0.749 26.887 38.222 7.639 8.257 0.078 10.798 
220822140558 0.767 26.983 38.218 7.616 8.255 0.107 10.924 
220822142058 0.741 27.003 38.220 7.611 8.254 0.081 10.937 
220822143558 0.710 26.991 38.210 7.602 8.253 0.105 10.943 
220822145058 0.752 26.999 38.211 7.599 8.253 0.101 10.891 
220822150558 0.772 27.017 38.207 7.589 8.254 0.091 10.938 
220822152058 0.735 27.070 38.205 7.570 8.253 0.096 10.946 
220822153558 0.776 27.138 38.214 7.551 8.254 0.119 10.948 
220822155058 0.732 27.091 38.211 7.554 8.255 0.108 10.813 
220822160558 0.795 27.111 38.220 7.545 8.255 0.145 10.934 
220822162058 0.773 27.045 38.254 7.555 8.255 0.089 10.946 
220822163558 0.752 27.001 38.277 7.560 8.255 0.140 10.949 
220822165058 0.777 27.022 38.264 7.562 8.255 0.101 10.811 
220822170558 0.760 27.075 38.281 7.552 8.255 0.139 10.937 
220822172058 0.785 27.143 38.267 7.543 8.255 0.148 10.947 
220822173558 0.789 27.142 38.245 7.545 8.254 0.147 10.950 
220822175058 0.802 27.161 38.241 7.542 8.253 0.120 10.813 
220822180558 0.777 27.138 38.243 7.544 8.254 0.169 10.938 
220822182058 0.767 27.143 38.216 7.545 8.254 0.190 10.948 
220822183558 0.805 27.104 38.214 7.550 8.254 0.188 10.950 
220822185058 0.785 27.069 38.233 7.557 8.253 0.181 10.895 
220822190558 0.756 27.043 38.229 7.563 8.257 1.200 10.941 
220822192058 0.812 26.988 38.221 7.570 8.257 0.224 10.949 
220822193558 0.723 26.941 38.221 7.579 8.258 0.219 10.951 
220822195058 0.768 26.866 38.224 7.599 8.259 0.222 10.813 
220822200558 0.767 26.922 38.223 7.593 8.260 0.656 10.938 
220822202058 0.788 26.876 38.240 7.604 8.260 0.264 10.947 
220822203558 0.800 26.834 38.233 7.619 8.261 0.190 10.950 
220822205058 0.750 26.796 38.234 7.627 8.263 0.240 10.896 
220822210558 0.750 26.757 38.216 7.644 8.264 0.252 10.941 
220822212058 0.786 26.726 38.213 7.649 8.264 1.190 10.948 
220822213558 0.812 26.718 38.299 7.652 8.265 0.166 10.950 
220822215058 0.781 26.692 38.220 7.655 8.265 0.230 10.813 
220822220558 0.786 26.681 38.246 7.656 8.267 0.397 10.934 
220822222058 0.766 26.635 38.246 7.659 8.267 0.757 10.946 
220822223558 0.804 26.634 38.250 7.658 8.266 0.293 10.949 
220822225058 0.776 26.591 38.241 7.660 8.266 0.243 10.894 
220822230558 0.784 26.553 38.242 7.667 8.267 0.292 10.939 
220822232058 0.789 26.540 38.246 7.668 8.269 0.247 10.947 
220822233558 0.803 26.539 38.257 7.661 8.269 0.228 10.949 
220822235058 0.748 26.534 38.258 7.660 8.270 0.184 10.814 
230822000558 0.753 26.523 38.190 7.660 8.271 0.271 10.933 
230822002058 0.787 26.515 38.256 7.663 8.271 0.302 10.945 
230822003558 0.792 26.503 38.274 7.663 8.274 0.262 10.948 
230822005058 0.813 26.495 38.281 7.671 8.274 0.279 10.893 
230822010558 0.790 26.473 38.274 7.680 8.278 0.235 10.938 
230822012058 0.789 26.445 38.263 7.687 8.279 0.245 10.946 
230822013558 0.817 26.419 38.265 7.696 8.280 0.234 10.948 
230822015058 0.759 26.387 38.260 7.703 8.280 0.335 10.892 
230822020558 0.800 26.346 38.269 7.720 8.280 0.268 10.938 
230822022058 0.796 26.319 38.271 7.728 8.282 0.238 10.946 
230822023558 0.766 26.298 38.265 7.737 8.281 0.532 10.948 
230822025058 0.820 26.291 38.256 7.737 8.281 0.282 10.810 
230822030558 0.791 26.284 38.263 7.741 8.282 0.306 10.931 
230822032058 0.790 26.302 38.274 7.737 8.281 0.268 10.944 
230822033558 0.824 26.301 38.276 7.736 8.282 0.276 10.947 
230822035058 0.841 26.316 38.271 7.736 8.282 0.267 10.892 
230822040558 0.777 26.308 38.283 7.737 8.282 0.209 10.938 
230822042058 0.817 26.316 38.280 7.735 8.284 0.362 10.946 
230822043558 0.792 26.344 38.284 7.734 8.282 0.250 10.948 
230822045058 0.789 26.366 38.271 7.735 8.281 0.215 10.891 
230822050558 0.796 26.352 38.273 7.733 8.279 0.362 10.938 
230822052058 0.809 26.332 38.264 7.739 8.281 0.473 10.946 
230822053558 0.809 26.337 38.282 7.736 8.279 0.173 10.948 
230822055058 0.800 26.341 38.296 7.732 8.279 0.183 10.891 
230822060558 0.815 26.329 38.296 7.732 8.277 0.187 10.938 
230822062058 0.782 26.340 38.302 7.730 8.277 0.185 10.946 
230822063558 0.778 26.312 38.301 7.730 8.278 0.258 10.948 
230822065058 0.827 26.315 38.239 7.730 8.278 0.184 10.809 
230822070558 0.824 26.319 38.203 7.724 8.277 0.200 10.932 
230822072058 0.698 26.305 38.082 7.725 8.278 0.249 10.944 
230822073558 0.775 26.302 38.048 7.726 8.277 0.177 10.947 
230822075058 0.771 26.301 38.142 7.727 8.276 0.209 10.811 
230822080558 0.822 26.301 38.123 7.727 8.276 0.164 10.935 
230822082058 0.777 26.299 38.111 7.733 8.276 0.161 10.945 
230822083558 0.804 26.307 38.110 7.736 8.276 0.158 10.948 
230822085058 0.786 26.308 38.134 7.736 8.275 0.155 10.810 
230822090558 0.815 26.318 38.117 7.737 8.273 0.130 10.935 
230822092058 0.807 26.330 37.982 7.736 8.272 0.121 10.945 
230822093558 0.823 26.338 38.077 7.736 8.270 0.107 10.947 
230822095058 0.842 26.360 38.034 7.734 8.270 0.103 10.810 
230822100558 0.801 26.372 38.079 7.738 8.268 0.124 10.935 
230822102058 0.810 26.391 38.057 7.741 8.267 0.086 10.945 
230822103558 0.798 26.448 38.064 7.732 8.266 0.087 10.948 
230822105058 0.786 26.479 38.135 7.730 8.267 0.056 10.809 
230822110558 0.797 26.512 37.989 7.719 8.267 0.075 10.936 
230822112058 0.779 26.517 38.180 7.719 8.266 0.088 10.946 
230822113558 0.804 26.600 38.133 7.714 8.265 0.123 10.949 
230822115058 0.792 26.688 38.199 7.698 8.264 0.068 10.894 
230822120558 0.810 26.740 38.318 7.697 8.263 0.073 10.940 
230822122058 0.824 26.773 38.369 7.680 8.264 0.055 10.948 
230822123558 0.795 26.694 38.340 7.702 8.262 0.056 10.950 
230822125058 0.794 26.729 38.360 7.685 8.260 0.057 10.812 
230822130558 0.805 26.848 38.239 7.664 8.262 0.096 10.936 
230822132058 0.831 26.823 38.197 7.675 8.261 0.107 10.947 
