SAMBAT Sea Ti  C/T/D/Odo/Fluo/pH GPS : 50195 
V:0,Pression (0/50),dba
V:1,Température (-5/35),°C
V:2,Salinité (2/42),g/l
V:3,Oxygène (0/20),mgl
V:4,PH (0/14),pH
V:5,Fluorescence (0/500),ppb
V:6,Tension batterie,V
210523121011 0.808 17.581 37.972 10.031 8.275 1.207 10.765 
210523122510 0.827 17.855 37.907 9.952 8.274 1.511 10.854 
210523124010 0.752 17.930 37.905 9.932 8.274 1.860 10.838 
210523125510 0.764 17.937 37.914 9.932 8.273 1.792 10.879 
210523131010 0.812 17.918 37.895 9.939 8.273 2.080 10.891 
210523132510 0.808 18.041 37.926 9.910 8.271 1.268 10.896 
210523134010 0.799 18.248 37.876 9.855 8.270 1.184 10.848 
210523135510 0.803 18.235 37.862 9.867 8.269 0.493 10.886 
210523141010 0.774 18.123 37.888 9.902 8.269 1.017 10.896 
210523142510 0.763 18.208 37.932 9.866 8.269 1.230 10.900 
210523144010 0.795 18.415 37.953 9.823 8.269 1.306 10.851 
210523145510 0.796 18.415 37.971 9.824 8.268 1.533 10.888 
210523151010 0.823 18.509 37.987 9.801 8.268 2.194 10.898 
210523152510 0.808 18.569 37.985 9.787 8.267 1.860 10.902 
210523154010 0.777 18.552 37.986 9.797 8.267 2.019 10.837 
210523155510 0.719 18.525 37.986 9.806 8.266 1.678 10.885 
210523161010 0.744 18.459 37.990 9.823 8.266 1.495 10.898 
210523162510 0.796 18.429 37.988 9.835 8.265 1.830 10.902 
210523164010 0.840 18.398 37.979 9.848 8.266 1.738 10.852 
210523165510 0.791 18.358 37.981 9.856 8.266 1.792 10.890 
210523171010 0.816 18.290 37.972 9.883 8.266 1.662 10.899 
210523172510 0.750 18.455 37.909 9.836 8.267 1.921 10.903 
210523174010 0.769 18.403 37.892 9.858 8.267 1.412 10.852 
210523175510 0.785 18.375 37.884 9.867 8.267 1.799 10.890 
210523181010 0.838 18.379 37.883 9.869 8.268 2.566 10.900 
210523182510 0.750 18.472 37.832 9.845 8.268 2.907 10.903 
210523184010 0.768 18.410 37.838 9.865 8.268 3.021 10.837 
210523185510 0.754 18.376 37.776 9.878 8.269 2.353 10.885 
210523191010 0.785 18.378 37.707 9.881 8.269 2.634 10.898 
210523192510 0.733 18.318 37.852 9.905 8.270 2.649 10.902 
210523194010 0.786 18.250 37.824 9.921 8.270 2.277 10.853 
210523195510 0.838 18.204 37.913 9.940 8.270 2.505 10.889 
210523201010 0.764 18.169 37.732 9.948 8.270 2.201 10.899 
210523202510 0.861 18.157 37.575 9.951 8.271 2.870 10.901 
210523204010 0.834 18.154 37.506 9.953 8.271 2.004 10.850 
210523205510 0.817 18.139 37.508 9.958 8.271 2.513 10.888 
210523211010 0.859 18.135 37.512 9.965 8.272 2.201 10.898 
210523212510 0.787 18.121 37.539 9.969 8.272 2.513 10.901 
210523214010 0.791 18.114 37.531 9.973 8.272 2.384 10.835 
210523215510 0.829 18.096 37.523 9.975 8.272 2.520 10.882 
210523221010 0.819 18.086 37.530 9.981 8.273 2.133 10.895 
210523222510 0.809 18.079 37.541 9.982 8.273 2.346 10.899 
210523224010 0.809 18.067 37.518 9.985 8.273 2.224 10.849 
210523225510 0.840 18.054 37.541 9.987 8.274 2.201 10.886 
210523231010 0.802 18.053 37.570 9.986 8.274 2.748 10.896 
210523232510 0.851 18.046 37.580 9.989 8.274 2.361 10.900 
210523234010 0.847 18.046 37.587 9.989 8.274 2.224 10.850 
210523235510 0.805 18.040 37.576 9.989 8.275 2.406 10.886 
220523001010 0.798 18.005 37.418 9.996 8.275 2.604 10.896 
220523002510 0.809 18.008 37.561 9.997 8.275 2.520 10.899 
220523004010 0.828 18.025 37.591 9.988 8.275 2.323 10.833 
220523005510 0.802 18.002 37.583 9.997 8.275 2.353 10.880 
220523011010 0.831 17.992 37.603 9.997 8.276 2.536 10.893 
220523012510 0.823 17.960 37.584 10.001 8.277 2.126 10.898 
220523014010 0.790 17.975 37.602 9.996 8.277 2.110 10.848 
220523015510 0.809 17.903 37.613 10.017 8.280 2.164 10.885 
220523021010 0.805 17.850 37.624 10.030 8.282 2.323 10.894 
220523022510 0.780 17.848 37.600 10.030 8.281 2.065 10.898 
220523024010 0.811 17.824 37.594 10.036 8.282 2.239 10.848 
220523025510 0.838 17.823 37.604 10.035 8.282 2.232 10.884 
220523031010 0.811 17.780 37.613 10.050 8.281 2.391 10.894 
220523032510 0.820 17.770 37.591 10.052 8.282 2.065 10.898 
220523034010 0.803 17.761 37.592 10.055 8.282 2.293 10.831 
220523035510 0.800 17.749 37.533 10.056 8.282 2.300 10.878 
220523041010 0.795 17.796 37.627 10.043 8.282 2.596 10.891 
220523042510 0.812 17.816 37.523 10.032 8.282 2.665 10.896 
220523044010 0.806 17.836 37.717 10.027 8.281 2.467 10.846 
220523045510 0.797 17.827 37.767 10.025 8.281 3.006 10.883 
220523051010 0.809 17.835 37.736 10.023 8.281 2.703 10.893 
220523052510 0.790 17.815 37.645 10.026 8.280 2.346 10.896 
220523054010 0.803 17.889 37.635 10.006 8.279 2.437 10.846 
220523055510 0.795 17.900 37.660 10.000 8.279 2.627 10.883 
220523061010 0.821 17.909 37.681 9.995 8.278 2.566 10.893 
220523062510 0.797 17.924 37.676 9.985 8.278 2.239 10.897 
220523064010 0.818 17.932 37.620 9.983 8.278 2.862 10.831 
220523065510 0.833 17.941 37.641 9.976 8.277 2.566 10.878 
220523071010 0.788 17.952 37.640 9.973 8.277 2.065 10.892 
220523072510 0.789 17.979 37.682 9.968 8.276 1.898 10.896 
220523074010 0.787 17.974 37.400 9.964 8.276 1.215 10.847 
220523075510 0.783 18.023 37.695 9.954 8.275 1.032 10.884 
220523081010 0.787 18.067 37.667 9.940 8.274 0.994 10.894 
220523082510 0.780 18.067 37.780 9.940 8.274 0.949 10.897 
220523084010 0.779 18.083 37.698 9.937 8.273 0.789 10.847 
220523085510 0.827 18.133 37.732 9.918 8.273 0.782 10.885 
220523091010 0.831 18.160 37.718 9.911 8.272 0.630 10.895 
220523092510 0.798 18.199 37.698 9.900 8.272 0.789 10.899 
220523094010 0.795 18.353 37.690 9.868 8.271 0.979 10.830 
220523095510 0.773 18.229 37.737 9.886 8.271 0.531 10.880 
220523101010 0.791 18.315 37.690 9.872 8.271 0.721 10.894 
220523102510 0.788 18.407 37.690 9.854 8.270 0.630 10.899 
220523104010 0.789 18.494 37.737 9.803 8.269 0.911 10.850 
220523105510 0.823 18.915 37.707 9.712 8.267 0.934 10.888 
220523111010 0.838 19.107 37.772 9.662 8.265 0.987 10.898 
220523112510 0.803 18.862 37.726 9.718 8.265 0.774 10.902 
220523114010 0.805 18.960 37.748 9.709 8.264 0.600 10.852 
220523115510 0.811 19.091 37.679 9.657 8.263 1.002 10.890 
220523121010 0.788 19.080 37.693 9.661 8.262 0.888 10.901 
