SAMBAT Sea Ti  C/T/D/Odo/Fluo/pH GPS : 50195 
V:0,Pression (0/50),m
V:1,Température (-5/35),°C
V:2,Salinité (2/42),g/l
V:3,Oxygène (0/20),mgl
V:4,PH (0/14),pH
V:5,Fluorescence (0/50),µgl
V:6,Tension batterie,V
070922141139 0.837 27.637 38.434 7.466 8.274 0.060 10.824 
070922142638 0.819 27.689 38.438 7.463 8.274 0.065 10.930 
070922144138 0.796 27.633 38.431 7.466 8.273 0.069 10.949 
070922145638 0.849 27.618 38.432 7.472 8.273 0.084 10.912 
070922151138 0.786 27.614 38.434 7.475 8.273 0.104 10.946 
070922152638 0.852 27.691 38.442 7.475 8.272 0.077 10.952 
070922154138 0.848 27.729 38.439 7.473 8.272 0.101 10.955 
070922155638 0.833 27.726 38.439 7.473 8.272 0.080 10.913 
070922161138 0.830 27.736 38.449 7.470 8.272 0.118 10.947 
070922162638 0.869 27.659 38.444 7.468 8.272 0.091 10.953 
070922164138 0.786 27.637 38.452 7.468 8.272 0.087 10.955 
070922165638 0.820 27.646 38.438 7.468 8.273 0.089 10.922 
070922171138 0.824 27.639 38.436 7.471 8.273 0.103 10.949 
070922172638 0.793 27.671 38.446 7.467 8.273 0.121 10.954 
070922174138 0.847 27.679 38.441 7.465 8.273 0.139 10.955 
070922175638 0.830 27.742 38.450 7.462 8.272 0.109 10.914 
070922181138 0.834 27.751 38.449 7.462 8.273 0.155 10.947 
070922182638 0.805 27.741 38.450 7.459 8.274 0.103 10.954 
070922184138 0.806 27.704 38.449 7.463 8.274 0.106 10.955 
070922185638 0.746 27.686 38.449 7.462 8.274 0.117 10.923 
070922191138 0.875 27.649 38.448 7.461 8.275 0.109 10.949 
070922192638 0.791 27.627 38.453 7.463 8.276 0.140 10.954 
070922194138 0.858 27.604 38.454 7.465 8.277 0.177 10.955 
070922195638 0.830 27.581 38.451 7.467 8.278 0.112 10.923 
070922201138 0.825 27.546 38.451 7.474 8.279 0.133 10.949 
070922202638 0.812 27.513 38.451 7.482 8.280 0.135 10.954 
070922204138 0.772 27.508 38.449 7.484 8.281 0.145 10.955 
070922205638 0.825 27.498 38.449 7.488 8.282 0.148 10.913 
070922211138 0.790 27.497 38.450 7.489 8.282 0.118 10.947 
070922212638 0.829 27.477 38.454 7.495 8.283 0.119 10.953 
070922214138 0.817 27.475 38.449 7.498 8.284 0.147 10.955 
070922215638 0.826 27.459 38.453 7.504 8.284 0.188 10.903 
070922221138 0.832 27.436 38.450 7.508 8.285 0.128 10.944 
070922222638 0.836 27.424 38.446 7.509 8.285 0.133 10.952 
070922224138 0.846 27.418 38.441 7.513 8.286 0.138 10.954 
070922225638 0.829 27.403 38.443 7.517 8.286 0.146 10.921 
070922231138 0.844 27.398 38.449 7.520 8.287 0.156 10.948 
070922232638 0.801 27.398 38.446 7.522 8.287 0.150 10.953 
070922234138 0.809 27.401 38.446 7.520 8.288 0.193 10.954 
070922235638 0.823 27.390 38.446 7.522 8.289 0.121 10.920 
080922001138 0.846 27.393 38.447 7.517 8.289 0.163 10.947 
080922002638 0.855 27.386 38.446 7.515 8.289 0.170 10.953 
080922004138 0.799 27.385 38.440 7.516 8.290 0.142 10.954 
080922005638 0.845 27.375 38.446 7.514 8.290 0.141 10.903 
080922011138 0.800 27.345 38.445 7.517 8.291 0.176 10.944 
080922012638 0.815 27.337 38.446 7.517 8.291 0.118 10.952 
080922014138 0.798 27.314 38.446 7.517 8.291 0.209 10.954 
080922015638 0.807 27.283 38.437 7.521 8.292 0.209 10.922 
080922021138 0.801 27.251 38.433 7.525 8.292 0.192 10.947 
080922022638 0.784 27.229 38.432 7.530 8.293 0.182 10.953 
080922024138 0.793 27.238 38.441 7.528 8.293 0.164 10.954 
080922025638 0.803 27.205 38.437 7.530 8.293 0.138 10.921 
080922031138 0.815 27.187 38.443 7.533 8.294 0.160 10.947 
080922032638 0.818 27.186 38.443 7.533 8.294 0.177 10.952 
080922034138 0.823 27.179 38.444 7.532 8.294 0.149 10.953 
080922035638 0.802 27.172 38.443 7.534 8.294 0.174 10.920 
080922041138 0.818 27.169 38.444 7.536 8.294 0.188 10.947 
080922042638 0.821 27.161 38.452 7.538 8.294 0.129 10.952 
080922044138 0.835 27.169 38.460 7.534 8.294 0.157 10.953 
080922045638 0.807 27.172 38.459 7.531 8.294 0.153 10.901 
080922051138 0.805 27.174 38.466 7.528 8.295 0.153 10.943 
080922052638 0.796 27.182 38.473 7.528 8.295 0.123 10.951 
080922054138 0.798 27.181 38.473 7.528 8.295 0.166 10.953 
080922055638 0.808 27.190 38.477 7.526 8.295 0.165 10.920 
080922061138 0.817 27.190 38.467 7.527 8.295 0.179 10.946 
080922062638 0.810 27.203 38.475 7.522 8.294 0.115 10.952 
080922064138 0.822 27.207 38.474 7.518 8.294 0.172 10.953 
080922065638 0.790 27.205 38.473 7.521 8.294 0.129 10.920 
080922071138 0.795 27.194 38.472 7.524 8.294 0.131 10.946 
080922072638 0.811 27.203 38.470 7.527 8.294 0.174 10.952 
080922074138 0.800 27.202 38.467 7.526 8.294 0.165 10.953 
080922075638 0.832 27.202 38.468 7.529 8.294 0.131 10.920 
080922081138 0.781 27.186 38.472 7.530 8.293 0.210 10.947 
080922082638 0.780 27.198 38.463 7.532 8.294 0.140 10.952 
080922084138 0.776 27.182 38.462 7.537 8.292 0.150 10.953 
080922085638 0.809 27.187 38.463 7.537 8.292 0.163 10.901 
080922091138 0.794 27.181 38.463 7.542 8.293 0.209 10.943 
080922092638 0.787 27.176 38.458 7.537 8.292 0.168 10.951 
080922094138 0.763 27.186 38.460 7.538 8.291 0.095 10.953 
080922095638 0.767 27.189 38.457 7.536 8.290 0.108 10.920 
080922101138 0.777 27.202 38.457 7.534 8.289 0.071 10.947 
080922102638 0.772 27.216 38.452 7.532 8.288 0.114 10.952 
080922104138 0.853 27.233 38.454 7.533 8.287 0.087 10.953 
080922105638 0.781 27.249 38.460 7.532 8.286 0.075 10.920 
080922111138 0.802 27.264 38.454 7.531 8.285 0.080 10.947 
080922112638 0.838 27.260 38.451 7.537 8.285 0.098 10.952 
080922114138 0.805 27.290 38.452 7.530 8.284 0.071 10.954 
080922115638 0.816 27.349 38.445 7.528 8.283 0.095 10.918 
080922121138 0.760 27.395 38.463 7.516 8.282 0.054 10.947 
080922122638 0.804 27.363 38.451 7.526 8.281 0.065 10.953 
080922124138 0.793 27.375 38.455 7.522 8.280 0.110 10.954 
080922125638 0.845 27.413 38.454 7.518 8.279 0.079 10.903 
080922131138 0.805 27.396 38.451 7.517 8.278 0.079 10.944 
080922132638 0.801 27.470 38.453 7.502 8.277 0.041 10.952 
080922134138 0.815 27.487 38.449 7.492 8.277 0.064 10.954 
080922135638 0.794 27.564 38.466 7.478 8.276 0.109 10.922 
080922141138 0.835 27.624 38.462 7.474 8.275 0.067 10.948 
