SAMBAT Sea Ti  C/T/D/Odo/Fluo/pH GPS : 50195 
V:0,Pression (0/50),m
V:1,Température (-5/35),°C
V:2,Salinité (2/42),g/l
V:3,Oxygène (0/20),mgl
V:4,PH (0/14),pH
V:5,Fluorescence (0/50),µgl
V:6,Tension batterie,V
301222184800 1.117 16.031 37.685 9.305 8.347 0.440 10.727 
301222190259 1.062 16.026 37.685 9.302 8.348 0.469 10.799 
301222191759 1.085 16.012 37.683 9.307 8.348 0.411 10.833 
301222193259 1.033 16.004 37.689 9.303 8.348 0.523 10.846 
301222194759 0.981 16.006 37.664 9.299 8.348 0.401 10.852 
301222200259 0.998 15.994 37.667 9.298 8.348 0.409 10.806 
301222201759 1.004 16.004 37.686 9.296 8.349 0.458 10.838 
301222203259 1.041 16.013 37.715 9.293 8.348 0.509 10.849 
301222204759 0.958 16.007 37.694 9.291 8.349 0.526 10.855 
301222210259 1.008 15.999 37.736 9.284 8.348 0.616 10.820 
301222211759 1.003 15.997 37.793 9.284 8.349 0.431 10.843 
301222213259 1.017 15.985 37.822 9.284 8.349 0.465 10.852 
301222214759 1.034 16.008 37.814 9.277 8.349 0.434 10.856 
301222220259 0.980 15.990 37.762 9.279 8.349 0.591 10.820 
301222221759 1.010 16.007 37.719 9.277 8.349 0.408 10.844 
301222223259 0.988 16.021 37.694 9.270 8.349 0.458 10.852 
301222224759 0.957 16.021 37.721 9.272 8.349 0.475 10.857 
301222230259 1.044 16.007 37.818 9.274 8.349 0.486 10.808 
301222231759 1.042 16.019 37.739 9.273 8.349 0.471 10.839 
301222233259 1.013 16.013 37.837 9.276 8.349 0.436 10.850 
301222234759 1.042 16.016 37.747 9.272 8.349 0.475 10.855 
311222000259 0.996 16.013 37.738 9.275 8.349 0.604 10.820 
311222001759 1.014 16.012 37.829 9.274 8.349 0.585 10.844 
311222003259 0.999 16.015 37.805 9.275 8.349 0.459 10.853 
311222004759 1.003 16.019 37.812 9.273 8.349 0.478 10.856 
311222010259 1.010 16.005 37.797 9.275 8.350 0.467 10.820 
311222011759 1.021 15.990 37.676 9.273 8.350 0.573 10.843 
311222013259 1.086 15.995 37.679 9.270 8.350 0.396 10.852 
311222014759 1.027 16.013 37.728 9.267 8.350 0.522 10.857 
311222020259 1.010 15.994 37.824 9.263 8.351 0.502 10.820 
311222021759 1.088 16.003 37.827 9.261 8.351 0.480 10.844 
311222023259 1.050 16.013 37.798 9.259 8.351 0.457 10.853 
311222024759 1.086 15.996 37.755 9.260 8.351 0.398 10.857 
311222030259 1.021 15.982 37.822 9.260 8.352 0.478 10.808 
311222031759 1.036 15.995 37.666 9.259 8.352 0.435 10.838 
311222033259 1.015 16.004 37.661 9.261 8.352 0.391 10.850 
311222034759 1.047 15.990 37.754 9.261 8.352 0.412 10.855 
311222040259 1.091 16.002 37.809 9.259 8.353 0.418 10.820 
311222041759 0.980 15.990 37.846 9.262 8.352 0.477 10.844 
311222043259 1.060 15.988 37.644 9.265 8.353 0.480 10.852 
311222044759 0.997 15.998 37.645 9.265 8.353 0.622 10.856 
311222050259 1.047 15.954 37.694 9.274 8.353 0.436 10.819 
311222051759 1.035 16.001 37.709 9.265 8.353 0.517 10.843 
311222053259 1.019 15.979 37.812 9.265 8.353 0.359 10.852 
311222054759 1.046 15.996 37.672 9.263 8.353 0.433 10.856 
311222060259 1.019 15.993 37.673 9.262 8.353 0.427 10.818 
311222061759 1.009 15.989 37.657 9.267 8.353 0.391 10.843 
311222063259 1.062 15.995 37.749 9.268 8.354 0.436 10.852 
311222064759 1.010 15.986 37.761 9.265 8.354 0.389 10.856 
311222070259 1.036 15.971 37.809 9.264 8.354 0.531 10.807 
311222071759 1.057 15.985 37.811 9.258 8.354 0.385 10.838 
311222073259 1.071 15.986 37.761 9.254 8.354 0.492 10.850 
311222074759 1.047 15.980 37.658 9.256 8.355 0.466 10.855 
311222080259 1.058 15.960 37.648 9.258 8.354 0.370 10.820 
311222081759 1.011 15.976 37.699 9.255 8.355 0.461 10.843 
311222083259 1.080 15.977 37.743 9.255 8.354 0.576 10.852 
311222084759 1.071 15.972 37.715 9.255 8.354 0.517 10.856 
311222090259 1.037 15.969 37.664 9.252 8.354 0.471 10.820 
311222091759 1.049 15.976 37.637 9.254 8.354 0.421 10.843 
311222093259 1.061 15.971 37.747 9.255 8.354 0.437 10.852 
311222094759 1.010 15.976 37.624 9.255 8.354 0.441 10.856 
311222100259 1.040 15.977 37.635 9.259 8.354 0.382 10.807 
311222101759 1.070 15.978 37.636 9.261 8.354 0.265 10.838 
311222103259 1.062 15.968 37.770 9.265 8.354 0.266 10.850 
311222104759 1.085 15.982 37.772 9.266 8.354 0.254 10.855 
311222110259 1.102 15.984 37.809 9.268 8.354 0.270 10.820 
311222111759 1.115 15.985 37.769 9.264 8.353 0.225 10.843 
311222113259 1.085 15.994 37.664 9.268 8.353 0.221 10.852 
311222114759 1.074 15.995 37.809 9.269 8.352 0.223 10.856 
311222120259 1.067 15.999 37.681 9.274 8.352 0.165 10.819 
311222121759 1.088 16.000 37.787 9.276 8.352 0.163 10.843 
311222123259 1.080 16.030 37.676 9.270 8.351 0.125 10.852 
311222124759 1.090 16.044 37.823 9.269 8.350 0.251 10.856 
311222130259 1.067 16.050 37.807 9.271 8.349 0.114 10.807 
311222131759 1.065 16.057 37.835 9.272 8.349 0.157 10.838 
311222133259 1.071 16.034 37.810 9.279 8.349 0.128 10.850 
311222134759 1.065 16.056 37.713 9.281 8.349 0.106 10.855 
311222140259 1.045 16.078 37.797 9.277 8.348 0.189 10.819 
311222141759 1.089 16.092 37.675 9.278 8.347 0.138 10.843 
311222143259 1.092 16.110 37.667 9.276 8.347 0.158 10.852 
311222144759 1.042 16.117 37.681 9.281 8.347 0.161 10.857 
311222150259 1.026 16.116 37.677 9.286 8.346 0.189 10.821 
311222151759 1.066 16.127 37.622 9.286 8.346 0.223 10.844 
311222153259 1.050 16.138 37.619 9.287 8.346 0.223 10.853 
311222154759 1.055 16.148 37.621 9.282 8.346 0.411 10.857 
311222160259 1.056 16.139 37.610 9.288 8.346 0.268 10.819 
311222161759 1.072 16.131 37.754 9.292 8.346 0.330 10.844 
311222163259 1.089 16.138 37.752 9.295 8.346 0.329 10.853 
311222164759 1.023 16.130 37.783 9.297 8.346 0.389 10.857 
311222170259 1.056 16.115 37.771 9.300 8.346 0.533 10.808 
311222171759 1.077 16.102 37.754 9.300 8.347 0.454 10.839 
311222173259 1.086 16.094 37.617 9.305 8.347 0.530 10.851 
311222174759 1.070 16.075 37.684 9.310 8.347 0.464 10.856 
311222180259 1.098 16.069 37.762 9.311 8.348 0.490 10.820 
311222181759 1.064 16.053 37.713 9.318 8.347 0.681 10.844 
311222183259 1.076 16.045 37.644 9.316 8.348 0.480 10.853 
311222184759 1.086 16.028 37.731 9.318 8.348 0.498 10.857 
