SAMBAT Sea Ti  C/T/D/Odo/Fluo/pH GPS : 50195 
V:0,Pression (0/50),dba
V:1,Température (-5/35),°C
V:2,Salinité (2/42),g/l
V:3,Oxygène (0/20),mgl
V:4,PH (0/14),pH
V:5,Fluorescence (0/500),ppb
V:6,Tension batterie,V
150623131144 0.783 24.497 38.172 8.596 8.262 0.941 10.823 
150623132643 0.770 24.432 38.170 8.611 8.263 0.805 10.924 
150623134143 0.776 24.468 38.167 8.607 8.263 1.139 10.898 
150623135643 0.797 24.447 38.184 8.606 8.262 0.926 10.937 
150623141143 0.753 24.398 38.170 8.609 8.262 1.154 10.942 
150623142643 0.714 24.414 38.187 8.608 8.262 0.858 10.944 
150623144143 0.735 24.364 38.186 8.609 8.262 1.048 10.901 
150623145643 0.820 24.334 38.182 8.609 8.261 1.078 10.938 
150623151143 0.745 24.320 38.192 8.609 8.261 1.177 10.943 
150623152643 0.816 24.298 38.195 8.607 8.262 1.040 10.944 
150623154143 0.845 24.302 38.192 8.607 8.261 0.888 10.880 
150623155643 0.797 24.274 38.195 8.608 8.260 1.283 10.935 
150623161143 0.797 24.312 38.195 8.605 8.260 1.002 10.942 
150623162643 0.785 24.351 38.201 8.604 8.258 1.116 10.944 
150623164143 0.651 24.356 38.207 8.604 8.258 1.366 10.900 
150623165643 0.716 24.361 38.209 8.603 8.256 1.351 10.938 
150623171143 0.773 24.308 38.209 8.603 8.256 1.632 10.943 
150623172643 0.761 24.231 38.211 8.604 8.255 1.169 10.944 
150623174143 0.781 24.200 38.219 8.605 8.255 1.435 10.896 
150623175643 0.808 24.118 38.222 8.608 8.254 1.351 10.938 
150623181143 0.780 24.083 38.224 8.611 8.254 1.541 10.943 
150623182643 0.680 24.057 38.230 8.619 8.254 1.268 10.944 
150623184143 0.791 24.028 38.225 8.626 8.254 1.594 10.881 
150623185643 0.776 24.003 38.229 8.631 8.253 1.731 10.935 
150623191143 0.801 23.972 38.236 8.638 8.254 1.495 10.941 
150623192643 0.770 23.965 38.232 8.639 8.255 1.837 10.942 
150623194143 0.745 23.997 38.241 8.628 8.253 1.298 10.899 
150623195643 0.727 24.039 38.241 8.618 8.253 1.723 10.937 
150623201143 0.770 24.070 38.232 8.611 8.255 1.556 10.942 
150623202643 0.774 24.115 38.230 8.604 8.257 1.974 10.943 
150623204143 0.806 24.157 38.222 8.601 8.257 1.769 10.899 
150623205643 0.783 24.162 38.216 8.599 8.258 1.784 10.938 
150623211143 0.788 24.153 38.215 8.596 8.258 1.571 10.942 
150623212643 0.739 24.155 38.219 8.593 8.259 2.065 10.943 
150623214143 0.754 24.144 38.214 8.592 8.258 1.670 10.881 
150623215643 0.775 24.151 38.212 8.590 8.260 1.617 10.934 
150623221143 0.788 24.162 38.211 8.587 8.261 1.852 10.942 
150623222643 0.796 24.161 38.211 8.586 8.261 1.647 10.943 
150623224143 0.807 24.143 38.208 8.584 8.260 1.754 10.899 
150623225643 0.811 24.125 38.209 8.584 8.261 1.693 10.937 
150623231143 0.717 24.095 38.207 8.583 8.262 1.981 10.942 
150623232643 0.763 24.073 38.204 8.587 8.262 1.746 10.943 
150623234143 0.790 24.071 38.199 8.584 8.262 1.852 10.899 
150623235643 0.806 24.046 38.204 8.586 8.262 1.579 10.937 
160623001143 0.760 24.011 38.203 8.591 8.261 1.723 10.942 
160623002643 0.785 23.986 38.206 8.593 8.261 1.776 10.943 
160623004143 0.753 23.952 38.206 8.601 8.261 1.662 10.892 
160623005643 0.757 23.934 38.207 8.604 8.261 1.602 10.936 
160623011143 0.715 23.910 38.210 8.606 8.260 1.845 10.941 
160623012643 0.749 23.884 38.208 8.606 8.261 2.110 10.940 
160623014143 0.814 23.870 38.209 8.611 8.262 1.860 10.880 
160623015643 0.734 23.886 38.208 8.603 8.262 1.518 10.933 
160623021143 0.777 23.867 38.214 8.605 8.262 1.594 10.940 
160623022643 0.742 23.860 38.214 8.605 8.262 1.830 10.941 
160623024143 0.823 23.860 38.211 8.604 8.262 1.473 10.898 
160623025643 0.773 23.831 38.212 8.608 8.262 1.526 10.935 
160623031143 0.795 23.817 38.216 8.608 8.262 1.814 10.940 
160623032643 0.784 23.798 38.215 8.610 8.261 1.587 10.941 
160623034143 0.759 23.769 38.219 8.611 8.261 1.974 10.898 
160623035643 0.764 23.743 38.220 8.613 8.262 1.784 10.935 
160623041143 0.767 23.735 38.221 8.613 8.261 1.473 10.940 
160623042643 0.794 23.729 38.225 8.611 8.260 1.852 10.941 
160623044143 0.785 23.730 38.229 8.607 8.260 1.852 10.879 
160623045643 0.792 23.696 38.233 8.609 8.260 2.133 10.932 
160623051143 0.808 23.695 38.229 8.606 8.260 1.617 10.938 
160623052643 0.766 23.681 38.230 8.606 8.260 1.799 10.940 
160623054143 0.833 23.665 38.229 8.602 8.260 1.776 10.895 
160623055643 0.762 23.636 38.234 8.604 8.258 1.450 10.934 
160623061143 0.713 23.640 38.232 8.600 8.258 1.670 10.938 
160623062643 0.778 23.633 38.240 8.594 8.258 1.822 10.936 
160623064143 0.850 23.618 38.245 8.590 8.257 1.495 10.897 
160623065643 0.781 23.628 38.242 8.587 8.257 1.048 10.934 
160623071143 0.806 23.636 38.242 8.583 8.258 0.919 10.939 
160623072643 0.746 23.647 38.246 8.578 8.258 0.926 10.940 
160623074143 0.784 23.665 38.242 8.573 8.257 0.934 10.877 
160623075643 0.779 23.663 38.241 8.572 8.257 0.789 10.930 
160623081143 0.828 23.673 38.245 8.568 8.256 1.048 10.938 
160623082643 0.814 23.715 38.240 8.556 8.257 0.767 10.939 
160623084143 0.806 23.725 38.242 8.553 8.256 0.767 10.895 
160623085643 0.816 23.806 38.249 8.535 8.257 0.797 10.930 
160623091143 0.787 23.772 38.240 8.546 8.255 0.820 10.938 
160623092643 0.797 23.769 38.230 8.552 8.255 0.827 10.940 
160623094143 0.743 23.799 38.246 8.548 8.255 0.653 10.891 
160623095643 0.836 23.784 38.252 8.552 8.255 0.600 10.934 
160623101143 0.838 23.799 38.250 8.551 8.254 0.653 10.939 
160623102643 0.813 23.907 38.235 8.538 8.254 0.812 10.940 
160623104143 0.795 23.904 38.196 8.537 8.254 0.615 10.878 
160623105643 0.794 24.111 38.252 8.499 8.252 0.463 10.931 
160623111143 0.804 24.169 38.268 8.501 8.252 0.440 10.938 
160623112643 0.753 24.325 38.283 8.500 8.249 0.645 10.941 
160623114143 0.812 24.322 38.260 8.503 8.248 0.630 10.897 
160623115643 0.810 24.366 38.264 8.503 8.248 0.744 10.936 
160623121143 0.840 24.414 38.256 8.506 8.247 0.547 10.941 
160623122643 0.771 24.387 38.258 8.510 8.247 0.615 10.942 
160623124143 0.818 24.284 38.240 8.514 8.247 0.911 10.880 
160623125643 0.844 24.398 38.250 8.516 8.246 0.539 10.934 
160623131143 0.798 24.370 38.266 8.517 8.246 0.691 10.940 
