SAMBAT Sea Ti  C/T/D/Odo/Fluo/pH GPS : 50195 
V:0,Pression (0/50),dba
V:1,Température (-5/35),°C
V:2,Salinité (2/42),g/l
V:3,Oxygène (0/20),mgl
V:4,PH (0/14),pH
V:5,Fluorescence (0/500),ppb
V:6,Tension batterie,V
050423101849 0.861 14.525 38.165 10.560 8.241 1.215 10.721 
050423103348 0.857 14.562 38.164 10.545 8.241 1.283 10.801 
050423104848 0.842 14.558 38.153 10.547 8.241 1.321 10.812 
050423110348 0.869 14.568 38.162 10.543 8.240 1.048 10.834 
050423111848 0.819 14.609 38.167 10.535 8.240 1.192 10.844 
050423113348 0.802 14.630 38.163 10.534 8.239 1.412 10.849 
050423114848 0.837 14.644 38.167 10.531 8.239 1.010 10.827 
050423120348 0.855 14.664 38.165 10.524 8.238 1.822 10.842 
050423121848 0.851 14.712 38.164 10.513 8.238 1.055 10.849 
050423123348 0.849 14.789 38.168 10.492 8.238 1.177 10.853 
050423124848 0.850 14.800 38.192 10.491 8.237 1.207 10.823 
050423130348 0.808 14.777 38.179 10.502 8.237 1.389 10.842 
050423131848 0.856 14.765 38.167 10.522 8.237 4.388 10.850 
050423133348 0.790 14.733 38.174 10.531 8.236 1.192 10.853 
050423134848 0.800 14.724 38.164 10.539 8.236 1.055 10.830 
050423140348 0.864 14.699 38.168 10.550 8.236 2.558 10.845 
050423141848 0.765 14.689 38.159 10.556 8.236 0.000 10.852 
050423143348 0.741 14.703 38.160 10.559 8.235 0.759 10.855 
050423144848 0.756 14.685 38.159 10.567 8.235 1.458 10.831 
050423150348 0.849 14.657 38.149 10.580 8.235 4.896 10.845 
050423151848 0.885 14.666 38.157 10.581 8.235 0.395 10.851 
050423153348 0.748 14.665 38.154 10.585 8.235 0.395 10.854 
050423154848 0.812 14.664 38.156 10.589 8.235 1.230 10.824 
050423160348 0.802 14.651 38.157 10.595 8.235 5.716 10.840 
050423161848 0.715 14.644 38.155 10.609 8.235 1.511 10.847 
050423163348 0.854 14.637 38.156 10.613 8.236 1.822 10.852 
050423164848 0.917 14.633 38.159 10.616 8.236 2.126 10.829 
050423170348 0.839 14.627 38.157 10.620 8.236 2.961 10.840 
050423171848 0.829 14.623 38.157 10.622 8.236 1.450 10.850 
050423173348 0.755 14.633 38.143 10.619 8.236 2.847 10.849 
050423174848 0.830 14.608 38.157 10.619 8.237 3.416 10.829 
050423180348 0.822 14.614 38.154 10.616 8.238 4.737 10.844 
050423181848 0.872 14.610 38.162 10.618 8.238 4.889 10.851 
050423183348 0.876 14.609 38.160 10.618 8.238 4.623 10.853 
050423184848 0.821 14.607 38.154 10.619 8.239 5.929 10.823 
050423190348 0.844 14.596 38.149 10.621 8.239 6.187 10.841 
050423191848 0.872 14.607 38.153 10.615 8.240 5.724 10.849 
050423193348 0.853 14.593 38.156 10.617 8.240 6.817 10.852 
050423194848 0.885 14.587 38.159 10.616 8.240 5.921 10.829 
050423200348 0.838 14.588 38.157 10.615 8.241 6.240 10.844 
050423201848 0.879 14.583 38.163 10.614 8.241 5.443 10.849 
050423203348 0.860 14.581 38.151 10.613 8.242 6.020 10.853 
050423204848 0.880 14.567 38.152 10.620 8.242 5.595 10.823 
050423210348 0.853 14.569 38.161 10.615 8.243 5.777 10.840 
050423211848 0.852 14.544 38.161 10.624 8.243 6.043 10.848 
050423213348 0.875 14.533 38.160 10.628 8.243 5.306 10.851 
050423214848 0.831 14.526 38.164 10.629 8.244 4.653 10.828 
050423220348 0.852 14.529 38.170 10.626 8.244 5.640 10.843 
050423221848 0.875 14.521 38.164 10.631 8.245 6.005 10.849 
050423223348 0.852 14.531 38.168 10.625 8.246 5.709 10.852 
050423224848 0.880 14.510 38.167 10.634 8.246 5.678 10.827 
050423230348 0.866 14.513 38.168 10.630 8.246 4.752 10.843 
050423231848 0.872 14.485 38.162 10.641 8.248 5.215 10.849 
050423233348 0.875 14.513 38.164 10.635 8.249 4.767 10.852 
050423234848 0.845 14.526 37.148 10.643 8.251 5.451 10.818 
060423000348 0.869 14.508 36.878 10.649 8.250 5.451 10.839 
060423001848 0.896 14.500 37.042 10.652 8.250 5.451 10.847 
060423003348 0.881 14.505 37.468 10.655 8.250 5.693 10.851 
060423004848 0.858 14.497 38.164 10.659 8.250 6.240 10.827 
060423010348 0.852 14.501 38.411 10.658 8.250 4.828 10.842 
060423011848 0.882 14.504 38.411 10.659 8.250 6.771 10.848 
060423013348 0.862 14.510 38.422 10.659 8.250 6.642 10.851 
060423014848 0.849 14.500 38.433 10.661 8.249 6.362 10.825 
060423020348 0.888 14.472 38.416 10.673 8.250 5.656 10.842 
060423021848 0.871 14.486 38.416 10.676 8.250 5.663 10.846 
060423023348 0.877 14.474 38.431 10.682 8.250 6.005 10.851 
060423024848 0.841 14.477 38.430 10.682 8.249 6.847 10.821 
060423030348 0.866 14.468 38.422 10.687 8.250 5.564 10.839 
060423031848 0.891 14.471 38.428 10.695 8.250 5.663 10.843 
060423033348 0.881 14.473 38.413 10.697 8.250 6.119 10.849 
060423034848 0.866 14.459 38.408 10.700 8.250 6.096 10.822 
060423040348 0.852 14.462 38.416 10.701 8.250 5.876 10.841 
060423041848 0.874 14.442 38.420 10.696 8.249 6.954 10.843 
060423043348 0.857 14.478 38.420 10.688 8.248 6.794 10.849 
060423044848 0.887 14.459 38.393 10.688 8.249 7.690 10.827 
060423050348 0.872 14.475 38.420 10.683 8.249 6.847 10.840 
060423051848 0.866 14.470 38.419 10.681 8.248 6.976 10.847 
060423053348 0.839 14.459 38.409 10.681 8.248 7.030 10.851 
060423054848 0.855 14.470 38.425 10.677 8.248 7.531 10.819 
060423060348 0.884 14.485 38.419 10.671 8.248 5.785 10.839 
060423061848 0.855 14.464 38.431 10.667 8.248 5.701 10.844 
060423063348 0.850 14.465 38.422 10.663 8.247 5.633 10.849 
060423064848 0.872 14.455 38.424 10.663 8.248 5.587 10.826 
060423070348 0.873 14.446 38.428 10.664 8.247 4.828 10.842 
060423071848 0.892 14.469 38.403 10.646 8.247 3.173 10.844 
060423073348 0.889 14.468 38.410 10.644 8.246 3.128 10.850 
060423074848 0.884 14.480 38.418 10.639 8.246 2.566 10.826 
060423080348 0.882 14.477 38.416 10.635 8.245 2.171 10.840 
060423081848 0.897 14.488 38.420 10.631 8.244 2.088 10.848 
060423083348 0.891 14.507 38.418 10.625 8.244 2.171 10.851 
060423084848 0.887 14.517 38.418 10.623 8.243 1.640 10.821 
060423090348 0.877 14.524 38.410 10.619 8.243 1.404 10.840 
060423091848 0.866 14.536 38.416 10.613 8.243 1.678 10.843 
060423093348 0.871 14.538 38.387 10.612 8.242 1.587 10.849 
060423094848 0.873 14.599 38.413 10.595 8.241 1.086 10.827 
060423100348 0.875 14.602 38.422 10.594 8.241 1.511 10.842 
060423101848 0.878 14.601 38.410 10.598 8.241 1.124 10.849 
