SAMBAT Sea Ti  C/T/D/Odo/Fluo/pH GPS : 50195 
V:0,Pression (0/50),m
V:1,Température (-5/35),°C
V:2,Salinité (2/42),g/l
V:3,Oxygène (0/20),mgl
V:4,PH (0/14),pH
V:5,Fluorescence (0/50),µgl
V:6,Tension batterie,V
220123194412 0.973 14.707 37.032 9.337 8.338 0.520 10.711 
220123195911 0.929 14.740 37.029 9.327 8.338 0.564 10.768 
220123201411 0.969 14.727 37.030 9.329 8.338 0.575 10.814 
220123202911 0.958 14.719 37.034 9.325 8.338 0.508 10.830 
220123204411 0.899 14.716 37.053 9.327 8.339 0.426 10.838 
220123205911 0.907 14.696 37.033 9.332 8.338 0.510 10.786 
220123211411 0.942 14.728 37.033 9.318 8.338 0.610 10.823 
220123212911 0.909 14.717 37.036 9.324 8.338 0.532 10.836 
220123214411 0.889 14.722 37.058 9.320 8.339 0.445 10.841 
220123215911 0.977 14.662 36.993 9.330 8.339 0.647 10.771 
220123221411 0.970 14.704 37.025 9.318 8.338 0.518 10.820 
220123222911 0.897 14.710 37.015 9.317 8.338 0.542 10.834 
220123224411 1.010 14.701 37.023 9.318 8.339 0.526 10.840 
220123225911 0.944 14.706 37.008 9.316 8.339 0.612 10.788 
220123231411 0.942 14.701 37.025 9.313 8.338 0.465 10.825 
220123232911 0.891 14.698 37.019 9.311 8.338 0.602 10.836 
220123234411 0.908 14.689 37.106 9.310 8.338 0.548 10.842 
220123235911 0.916 14.685 37.093 9.306 8.339 0.553 10.789 
230123001411 0.941 14.702 37.100 9.301 8.337 0.539 10.825 
230123002911 0.940 14.686 37.096 9.306 8.338 0.607 10.837 
230123004411 0.963 14.696 37.109 9.303 8.338 0.483 10.842 
230123005911 0.957 14.685 37.571 9.300 8.339 0.567 10.771 
230123011411 0.922 14.691 37.101 9.299 8.338 0.560 10.820 
230123012911 0.902 14.662 37.104 9.309 8.338 0.607 10.834 
230123014411 0.911 14.678 37.070 9.306 8.339 0.412 10.841 
230123015911 0.902 14.668 37.088 9.309 8.339 0.493 10.788 
230123021411 0.913 14.684 37.055 9.304 8.338 0.589 10.825 
230123022911 0.902 14.675 37.083 9.302 8.339 0.516 10.836 
230123024411 0.947 14.685 37.087 9.301 8.340 0.495 10.842 
230123025911 0.993 14.677 37.109 9.301 8.339 0.561 10.787 
230123031411 0.944 14.684 37.096 9.295 8.339 0.512 10.824 
230123032911 0.976 14.682 37.103 9.294 8.340 0.435 10.836 
230123034411 0.961 14.677 37.105 9.288 8.339 0.508 10.842 
230123035911 0.890 14.659 37.107 9.290 8.339 0.472 10.771 
230123041411 0.977 14.663 37.122 9.287 8.339 0.540 10.820 
230123042911 0.950 14.655 37.111 9.283 8.339 0.441 10.834 
230123044411 0.925 14.675 37.108 9.274 8.339 0.404 10.841 
230123045911 0.929 14.658 37.121 9.278 8.339 0.400 10.787 
230123051411 0.895 14.670 37.120 9.272 8.339 0.522 10.824 
230123052911 0.913 14.673 37.135 9.264 8.339 0.423 10.836 
230123054411 0.820 14.675 37.125 9.265 8.338 0.435 10.842 
230123055911 0.949 14.658 37.124 9.273 8.340 0.387 10.786 
230123061411 0.947 14.665 37.088 9.276 8.339 0.363 10.824 
230123062911 1.010 14.661 37.134 9.271 8.340 0.374 10.836 
230123064411 0.967 14.655 37.139 9.276 8.339 0.396 10.842 
230123065911 1.003 14.654 37.170 9.278 8.339 0.406 10.786 
230123071411 0.874 14.670 37.072 9.273 8.339 0.398 10.824 
230123072911 0.892 14.648 37.079 9.277 8.339 0.450 10.836 
230123074411 0.896 14.663 37.025 9.268 8.339 0.512 10.841 
230123075911 0.971 14.655 37.058 9.272 8.339 0.438 10.788 
230123081411 0.925 14.662 37.074 9.267 8.339 0.431 10.824 
230123082911 0.886 14.660 37.087 9.263 8.339 0.379 10.836 
230123084411 0.955 14.655 37.093 9.259 8.339 0.494 10.841 
230123085911 0.952 14.631 37.125 9.265 8.339 0.462 10.770 
230123091411 0.841 14.625 37.093 9.265 8.339 0.590 10.820 
230123092911 0.832 14.656 37.081 9.251 8.339 0.409 10.834 
230123094411 0.944 14.646 37.256 9.255 8.339 0.408 10.840 
230123095911 0.920 14.639 37.099 9.261 8.339 0.450 10.786 
230123101411 0.924 14.624 37.107 9.266 8.339 0.386 10.824 
230123102911 0.905 14.650 37.067 9.256 8.339 0.433 10.836 
230123104411 0.892 14.642 37.077 9.260 8.339 0.394 10.841 
230123105911 0.822 14.634 37.119 9.258 8.340 0.444 10.770 
230123111411 0.917 14.627 37.068 9.262 8.341 0.418 10.820 
230123112911 0.946 14.607 37.094 9.270 8.341 0.453 10.834 
230123114411 0.871 14.622 37.126 9.267 8.342 0.419 10.840 
230123115911 0.878 14.611 37.153 9.275 8.342 0.450 10.784 
230123121411 0.891 14.627 37.173 9.272 8.341 0.543 10.823 
230123122911 0.971 14.620 37.130 9.276 8.341 0.620 10.835 
230123124411 0.891 14.614 37.150 9.280 8.341 0.533 10.841 
230123125911 0.938 14.573 37.055 9.292 8.342 0.572 10.787 
230123131411 0.889 14.580 37.055 9.289 8.342 0.544 10.824 
230123132911 0.924 14.596 37.045 9.291 8.342 0.576 10.836 
230123134411 0.920 14.590 37.045 9.296 8.342 0.631 10.841 
230123135911 0.926 14.599 37.064 9.294 8.341 0.601 10.786 
230123141411 0.936 14.591 37.081 9.300 8.342 0.734 10.823 
230123142911 0.899 14.586 37.104 9.301 8.341 0.651 10.836 
230123144411 0.911 14.604 37.073 9.302 8.341 0.595 10.841 
230123145911 0.904 14.606 37.336 9.300 8.341 0.734 10.781 
230123151411 0.902 14.594 37.216 9.302 8.340 0.642 10.823 
230123152911 0.912 14.599 37.392 9.306 8.339 0.595 10.834 
230123154411 0.866 14.607 37.429 9.307 8.339 0.657 10.840 
230123155911 0.919 14.607 37.592 9.305 8.339 0.564 10.786 
230123161411 0.868 14.641 37.373 9.296 8.339 0.589 10.823 
230123162911 0.974 14.616 37.250 9.304 8.339 0.616 10.836 
230123164411 0.986 14.623 37.325 9.301 8.339 0.718 10.841 
230123165911 0.900 14.620 37.118 9.299 8.339 0.653 10.787 
230123171411 0.872 14.610 37.095 9.300 8.339 0.668 10.824 
230123172911 0.998 14.601 37.078 9.306 8.339 0.702 10.836 
230123174411 0.941 14.619 37.077 9.300 8.339 0.730 10.841 
230123175911 0.928 14.593 37.077 9.304 8.340 0.813 10.787 
230123181411 0.944 14.595 37.076 9.305 8.340 0.850 10.824 
230123182911 0.937 14.590 37.088 9.309 8.341 0.847 10.836 
230123184411 0.986 14.577 37.065 9.314 8.341 0.988 10.841 
230123185911 0.993 14.581 37.107 9.316 8.341 0.852 10.770 
230123191411 0.962 14.564 37.198 9.325 8.342 0.847 10.819 
230123192911 0.911 14.564 37.093 9.327 8.342 0.704 10.833 
230123194411 0.919 14.553 37.112 9.333 8.342 0.975 10.839 
