SAMBAT Sea Ti  C/T/D/Odo/Fluo/pH GPS : 50195 
V:0,Pression (0/50),m
V:1,Température (-5/35),°C
V:2,Salinité (2/42),g/l
V:3,Oxygène (0/20),mgl
V:4,PH (0/14),pH
V:5,Fluorescence (0/50),µgl
V:6,Tension batterie,V
050123190253 1.012 15.976 37.443 9.385 8.345 0.386 10.720 
050123191752 0.966 15.958 37.435 9.382 8.345 0.460 10.810 
050123193252 1.026 15.934 37.440 9.384 8.346 0.440 10.836 
050123194752 0.972 15.923 37.445 9.382 8.346 0.386 10.846 
050123200252 1.059 15.907 37.434 9.382 8.347 0.452 10.812 
050123201752 1.010 15.921 37.440 9.375 8.347 0.451 10.839 
050123203252 1.010 15.908 37.449 9.376 8.347 0.455 10.849 
050123204752 1.008 15.888 37.453 9.375 8.348 0.344 10.853 
050123210252 1.009 15.891 37.461 9.370 8.347 1.434 10.815 
050123211752 1.017 15.890 37.454 9.367 8.347 0.458 10.840 
050123213252 1.043 15.881 37.459 9.363 8.348 0.419 10.850 
050123214752 0.982 15.872 37.451 9.363 8.348 0.347 10.854 
050123220252 1.018 15.868 37.452 9.362 8.348 0.527 10.805 
050123221752 1.006 15.866 37.448 9.361 8.348 0.445 10.837 
050123223252 0.971 15.861 37.452 9.362 8.348 0.415 10.848 
050123224752 1.046 15.862 37.450 9.362 8.348 0.465 10.853 
050123230252 1.005 15.868 37.450 9.358 8.349 0.503 10.814 
050123231752 1.004 15.857 37.446 9.363 8.349 0.369 10.840 
050123233252 1.039 15.869 37.448 9.358 8.349 0.429 10.850 
050123234752 0.993 15.870 37.447 9.354 8.349 0.427 10.854 
060123000252 1.039 15.861 37.446 9.356 8.349 0.468 10.815 
060123001752 1.029 15.868 37.445 9.355 8.349 0.475 10.840 
060123003252 1.016 15.867 37.454 9.352 8.349 0.490 10.850 
060123004752 1.044 15.864 37.438 9.356 8.349 0.502 10.854 
060123010252 1.029 15.865 37.452 9.352 8.350 0.465 10.805 
060123011752 0.976 15.862 37.434 9.349 8.349 0.529 10.837 
060123013252 1.018 15.863 37.451 9.349 8.350 0.511 10.849 
060123014752 1.046 15.867 37.435 9.347 8.350 0.478 10.853 
060123020252 1.000 15.868 37.462 9.349 8.350 0.399 10.815 
060123021752 0.995 15.861 37.334 9.352 8.350 0.397 10.840 
060123023252 0.991 15.869 37.505 9.349 8.351 0.483 10.850 
060123024752 1.004 15.869 37.478 9.349 8.350 0.512 10.855 
060123030252 1.035 15.874 37.487 9.346 8.351 0.461 10.805 
060123031752 1.038 15.868 37.500 9.350 8.351 0.555 10.837 
060123033252 1.014 15.872 37.547 9.350 8.351 0.348 10.849 
060123034752 1.051 15.862 37.636 9.352 8.351 0.410 10.854 
060123040252 1.000 15.876 37.525 9.344 8.351 0.570 10.815 
060123041752 0.987 15.868 37.395 9.344 8.351 0.448 10.841 
060123043252 1.015 15.874 37.483 9.335 8.351 0.523 10.850 
060123044752 1.047 15.866 37.511 9.337 8.351 0.512 10.855 
060123050252 0.997 15.863 37.542 9.337 8.352 0.458 10.815 
060123051752 1.028 15.858 37.499 9.337 8.352 0.394 10.840 
060123053252 1.010 15.859 37.471 9.335 8.352 0.480 10.850 
060123054752 1.017 15.858 37.520 9.333 8.352 0.514 10.854 
060123060252 0.990 15.846 37.447 9.338 8.352 0.396 10.806 
060123061752 0.906 15.861 37.513 9.327 8.352 0.383 10.837 
060123063252 0.984 15.856 37.522 9.328 8.352 0.435 10.848 
060123064752 1.001 15.853 37.474 9.327 8.352 0.413 10.854 
060123070252 1.044 15.856 37.516 9.330 8.353 0.467 10.815 
060123071752 1.026 15.857 37.492 9.328 8.353 0.549 10.840 
060123073252 1.019 15.855 37.489 9.326 8.352 0.460 10.850 
060123074752 1.013 15.848 37.495 9.331 8.353 0.450 10.854 
060123080252 1.011 15.858 37.471 9.328 8.353 0.444 10.814 
060123081752 1.023 15.849 37.506 9.324 8.354 0.396 10.840 
060123083252 0.980 15.841 37.507 9.331 8.354 0.415 10.850 
060123084752 0.982 15.841 37.485 9.333 8.354 0.559 10.854 
060123090252 1.023 15.847 37.485 9.335 8.354 0.465 10.813 
060123091752 0.996 15.845 37.489 9.334 8.354 0.636 10.840 
060123093252 1.009 15.835 37.508 9.337 8.354 0.386 10.850 
060123094752 1.028 15.841 37.422 9.334 8.354 0.379 10.854 
060123100252 1.043 15.837 37.494 9.333 8.353 0.415 10.815 
060123101752 1.066 15.833 37.519 9.327 8.353 0.354 10.840 
060123103252 1.000 15.835 37.287 9.326 8.353 0.370 10.850 
060123104752 1.038 15.838 37.384 9.324 8.353 0.369 10.854 
060123110252 1.044 15.841 37.489 9.322 8.352 0.291 10.813 
060123111752 1.024 15.839 37.482 9.320 8.353 0.385 10.840 
060123113252 1.045 15.842 37.472 9.313 8.353 0.300 10.850 
060123114752 1.020 15.841 37.477 9.315 8.352 0.261 10.854 
060123120252 1.038 15.844 37.476 9.309 8.352 0.315 10.814 
060123121752 1.033 15.854 37.470 9.304 8.352 0.368 10.840 
060123123252 1.016 15.859 37.471 9.299 8.352 0.212 10.850 
060123124752 1.014 15.866 37.473 9.304 8.352 0.242 10.854 
060123130252 1.007 15.871 37.474 9.304 8.351 0.202 10.815 
060123131752 1.034 15.874 37.470 9.300 8.351 0.182 10.840 
060123133252 1.033 15.881 37.479 9.298 8.350 0.236 10.850 
060123134752 1.009 15.882 37.478 9.298 8.351 0.222 10.854 
060123140252 1.015 15.884 37.482 9.302 8.351 0.247 10.806 
060123141752 1.010 15.889 37.482 9.304 8.351 0.220 10.837 
060123143252 1.002 15.890 37.475 9.307 8.350 0.243 10.848 
060123144752 1.015 15.893 37.466 9.307 8.350 0.265 10.853 
060123150252 1.025 15.893 37.485 9.313 8.350 0.250 10.815 
060123151752 1.012 15.896 37.488 9.315 8.350 0.238 10.840 
060123153252 1.034 15.898 37.493 9.319 8.349 0.221 10.850 
060123154752 1.000 15.901 37.511 9.323 8.349 0.243 10.854 
060123160252 1.019 15.901 37.496 9.328 8.349 0.298 10.815 
060123161752 0.999 15.898 37.486 9.333 8.349 0.227 10.841 
060123163252 1.003 15.893 37.483 9.333 8.348 0.280 10.850 
060123164752 1.035 15.867 37.479 9.333 8.349 0.388 10.855 
060123170252 1.042 15.856 37.353 9.333 8.347 0.361 10.806 
060123171752 0.994 15.830 37.468 9.339 8.347 0.474 10.837 
060123173252 1.016 15.830 37.468 9.335 8.346 0.427 10.848 
060123174752 1.011 15.798 37.464 9.334 8.347 0.444 10.853 
060123180252 1.019 15.816 37.462 9.327 8.349 0.677 10.813 
060123181752 1.011 15.816 37.457 9.320 8.349 0.518 10.840 
060123183252 1.029 15.815 37.454 9.313 8.349 0.541 10.850 
060123184752 1.009 15.821 37.458 9.311 8.349 0.624 10.854 
060123190252 1.019 15.825 37.463 9.310 8.349 0.494 10.815 
