SAMBAT Sea Ti  C/T/D/Odo/Fluo/pH GPS : 50195 
V:0,Pression (0/50),m
V:1,Température (-5/35),°C
V:2,Salinité (2/42),g/l
V:3,Oxygène (0/20),mgl
V:4,PH (0/14),pH
V:5,Fluorescence (0/50),µgl
V:6,Tension batterie,V
080123191007 0.759 15.776 37.504 9.339 8.347 0.421 10.720 
080123192506 0.890 15.813 37.496 9.333 8.348 0.371 10.809 
080123194006 0.814 15.743 37.531 9.351 8.348 0.447 10.834 
080123195506 0.854 15.793 37.517 9.343 8.348 0.452 10.798 
080123201006 0.880 15.779 37.503 9.347 8.349 0.460 10.827 
080123202506 0.857 15.782 37.533 9.348 8.349 0.374 10.843 
080123204006 0.866 15.776 37.520 9.349 8.349 0.450 10.850 
080123205506 0.914 15.777 37.479 9.347 8.348 0.416 10.803 
080123211006 0.900 15.778 37.504 9.345 8.349 0.442 10.830 
080123212506 0.910 15.749 37.489 9.350 8.349 0.384 10.845 
080123214006 0.814 15.737 37.500 9.352 8.349 0.435 10.851 
080123215506 0.776 15.752 37.477 9.345 8.349 0.358 10.803 
080123221006 0.842 15.757 37.480 9.338 8.349 0.404 10.829 
080123222506 0.894 15.758 37.490 9.334 8.349 0.428 10.845 
080123224006 0.886 15.757 37.485 9.328 8.349 0.352 10.851 
080123225506 0.859 15.760 37.522 9.326 8.349 0.417 10.803 
080123231006 0.854 15.758 37.507 9.326 8.349 0.415 10.829 
080123232506 0.853 15.763 37.480 9.321 8.349 0.481 10.845 
080123234006 0.878 15.762 37.472 9.321 8.350 0.390 10.851 
080123235506 0.888 15.766 37.490 9.318 8.350 0.410 10.803 
090123001006 0.835 15.764 37.500 9.320 8.350 0.429 10.829 
090123002506 0.868 15.766 37.492 9.320 8.350 0.374 10.845 
090123004006 0.816 15.774 37.493 9.321 8.351 0.357 10.851 
090123005506 0.853 15.766 37.543 9.324 8.350 0.377 10.803 
090123011006 0.840 15.762 37.503 9.325 8.351 0.457 10.829 
090123012506 0.843 15.754 37.487 9.326 8.351 0.359 10.845 
090123014006 0.881 15.756 37.491 9.326 8.351 0.345 10.851 
090123015506 0.838 15.741 37.527 9.330 8.351 0.358 10.803 
090123021006 0.852 15.741 37.564 9.331 8.351 0.442 10.830 
090123022506 0.781 15.758 37.496 9.329 8.351 0.358 10.845 
090123024006 0.853 15.788 37.526 9.326 8.351 0.321 10.852 
090123025506 0.876 15.783 37.530 9.328 8.351 0.329 10.803 
090123031006 0.839 15.785 37.478 9.328 8.351 0.348 10.830 
090123032506 0.896 15.786 37.588 9.327 8.351 0.344 10.845 
090123034006 0.836 15.791 37.496 9.330 8.351 0.374 10.852 
090123035506 0.879 15.790 37.486 9.334 8.351 0.350 10.803 
090123041006 0.805 15.792 37.408 9.335 8.351 0.351 10.831 
090123042506 1.002 15.794 37.419 9.336 8.352 0.425 10.845 
090123044006 0.832 15.791 37.532 9.339 8.352 0.450 10.852 
090123045506 0.747 15.793 37.446 9.341 8.352 0.387 10.803 
090123051006 0.835 15.791 37.533 9.337 8.352 0.421 10.830 
090123052506 0.756 15.790 37.431 9.334 8.352 0.414 10.845 
090123054006 0.808 15.782 37.477 9.336 8.352 0.313 10.852 
090123055506 0.898 15.785 37.484 9.337 8.353 0.343 10.803 
090123061006 0.687 15.787 37.469 9.337 8.353 0.370 10.831 
090123062506 0.768 15.775 37.559 9.331 8.353 0.323 10.846 
090123064006 0.761 15.782 37.491 9.332 8.353 0.410 10.852 
090123065506 0.836 15.780 37.491 9.331 8.353 0.326 10.803 
090123071006 0.821 15.771 37.669 9.332 8.353 0.374 10.830 
090123072506 0.942 15.781 37.562 9.330 8.353 0.433 10.845 
090123074006 0.935 15.781 37.537 9.331 8.353 0.464 10.851 
090123075506 0.865 15.779 37.513 9.333 8.353 0.329 10.813 
090123081006 0.911 15.760 37.536 9.334 8.354 0.328 10.832 
090123082506 0.731 15.777 37.500 9.332 8.354 0.352 10.846 
090123084006 0.884 15.774 37.486 9.329 8.354 0.423 10.852 
090123085506 0.810 15.762 37.540 9.336 8.353 0.468 10.797 
090123091006 0.817 15.769 37.543 9.328 8.354 0.359 10.828 
090123092506 0.738 15.765 37.377 9.332 8.353 0.386 10.844 
090123094006 0.762 15.765 37.468 9.328 8.354 0.327 10.851 
090123095506 0.879 15.763 37.538 9.325 8.353 0.423 10.803 
090123101006 0.839 15.757 37.543 9.325 8.353 0.416 10.825 
090123102506 0.931 15.758 37.652 9.327 8.353 0.283 10.843 
090123104006 0.974 15.752 37.528 9.328 8.353 0.291 10.851 
090123105506 0.789 15.761 37.491 9.327 8.352 0.207 10.802 
090123111006 0.644 15.763 37.473 9.328 8.352 0.211 10.829 
090123112506 0.934 15.753 37.494 9.329 8.352 0.296 10.845 
090123114006 0.720 15.755 37.497 9.332 8.352 0.229 10.851 
090123115506 0.769 15.749 37.469 9.332 8.352 0.271 10.802 
090123121006 0.781 15.747 37.547 9.334 8.351 0.279 10.830 
090123122506 0.647 15.753 37.464 9.335 8.350 0.200 10.845 
090123124006 0.802 15.752 37.582 9.332 8.349 0.167 10.851 
090123125506 0.887 15.754 37.497 9.329 8.349 0.161 10.803 
090123131006 0.678 15.752 37.459 9.333 8.348 0.149 10.830 
090123132506 0.848 15.748 37.494 9.329 8.348 0.163 10.845 
090123134006 0.865 15.749 37.484 9.327 8.347 0.168 10.851 
090123135506 0.867 15.742 37.541 9.329 8.346 0.201 10.803 
090123141006 0.719 15.744 37.417 9.327 8.345 0.199 10.828 
090123142506 0.759 15.742 37.532 9.325 8.345 0.162 10.844 
090123144006 0.721 15.733 37.503 9.330 8.344 0.183 10.851 
090123145506 0.787 15.731 37.517 9.334 8.343 0.174 10.803 
090123151006 0.748 15.743 37.495 9.329 8.343 0.173 10.829 
090123152506 0.735 15.742 37.446 9.329 8.343 0.248 10.845 
090123154006 0.818 15.738 37.463 9.334 8.343 0.190 10.851 
090123155506 0.846 15.746 37.521 9.335 8.342 0.200 10.803 
090123161006 0.712 15.736 37.457 9.340 8.342 0.217 10.825 
090123162506 0.821 15.732 37.506 9.345 8.341 0.221 10.843 
090123164006 0.953 15.726 37.548 9.346 8.341 0.308 10.850 
090123165506 0.771 15.727 37.505 9.349 8.341 0.309 10.802 
090123171006 0.767 15.725 37.460 9.351 8.341 0.409 10.820 
090123172506 0.896 15.698 37.509 9.352 8.340 0.416 10.840 
090123174006 0.869 15.695 37.487 9.352 8.340 0.393 10.849 
090123175506 0.832 15.699 37.494 9.348 8.340 0.528 10.801 
090123181006 0.826 15.710 37.994 9.339 8.341 0.474 10.829 
090123182506 0.791 15.694 37.513 9.336 8.341 0.490 10.844 
090123184006 0.892 15.684 37.543 9.334 8.340 0.425 10.851 
090123185506 0.803 15.701 37.493 9.326 8.341 0.428 10.802 
090123191006 0.877 15.727 37.477 9.323 8.342 0.403 10.829 
