SAMBAT Sea Ti  C/T/D/Odo/Fluo/pH GPS : 50195 
V:0,Pression (0/50),m
V:1,Température (-5/35),°C
V:2,Salinité (2/42),g/l
V:3,Oxygène (0/20),mgl
V:4,PH (0/14),pH
V:5,Fluorescence (0/50),µgl
V:6,Tension batterie,V
271122172814 0.991 18.916 36.092 8.269 8.331 0.414 10.751 
271122174313 0.982 18.922 36.094 8.265 8.332 0.438 10.842 
271122175813 0.999 18.954 36.112 8.260 8.332 0.388 10.828 
271122181313 0.988 18.961 36.129 8.266 8.334 0.378 10.864 
271122182813 0.976 18.965 36.163 8.269 8.334 0.342 10.876 
271122184313 0.957 18.959 36.175 8.271 8.334 0.392 10.882 
271122185813 0.983 18.949 36.158 8.276 8.334 0.339 10.816 
271122191313 0.930 18.971 36.159 8.279 8.333 0.346 10.862 
271122192813 0.948 18.957 36.143 8.284 8.335 0.452 10.877 
271122194313 0.958 18.948 36.162 8.288 8.334 0.315 10.882 
271122195813 0.994 18.944 36.164 8.300 8.336 0.366 10.837 
271122201313 0.965 18.962 36.175 8.302 8.335 0.377 10.869 
271122202813 0.972 18.956 36.161 8.319 8.335 0.349 10.880 
271122204313 0.987 18.942 36.173 8.328 8.335 0.302 10.884 
271122205813 0.970 18.935 36.181 8.334 8.335 0.363 10.837 
271122211313 0.940 18.930 36.160 8.343 8.336 0.371 10.869 
271122212813 0.959 18.932 36.185 8.346 8.335 0.325 10.880 
271122214313 0.984 18.931 36.170 8.343 8.333 0.330 10.885 
271122215813 0.953 18.935 36.160 8.341 8.334 0.354 10.817 
271122221313 0.929 18.910 36.150 8.348 8.337 0.406 10.863 
271122222813 1.007 18.925 36.165 8.351 8.336 0.322 10.877 
271122224313 0.968 18.915 36.171 8.353 8.336 0.279 10.883 
271122225813 0.948 18.917 36.170 8.347 8.336 0.415 10.836 
271122231313 0.958 18.909 36.159 8.344 8.336 0.324 10.868 
271122232813 0.960 18.914 36.156 8.335 8.337 0.383 10.879 
271122234313 0.951 18.904 36.168 8.331 8.336 0.408 10.884 
271122235813 0.990 18.905 36.168 8.325 8.336 0.339 10.836 
281122001313 0.982 18.902 36.167 8.331 8.336 0.389 10.869 
281122002813 0.958 18.893 36.170 8.333 8.338 0.345 10.880 
281122004313 0.971 18.878 36.163 8.336 8.338 0.326 10.884 
281122005813 0.961 18.893 36.158 8.329 8.337 0.295 10.816 
281122011313 0.967 18.887 36.159 8.322 8.337 0.333 10.862 
281122012813 0.980 18.889 36.150 8.313 8.336 0.322 10.877 
281122014313 0.966 18.863 36.155 8.319 8.337 0.353 10.882 
281122015813 0.949 18.875 36.147 8.323 8.339 0.251 10.836 
281122021313 0.945 18.878 36.165 8.324 8.339 0.372 10.868 
281122022813 0.954 18.863 36.179 8.331 8.340 0.279 10.879 
281122024313 0.984 18.877 36.170 8.325 8.339 0.338 10.884 
281122025813 0.966 18.873 36.176 8.319 8.339 0.336 10.833 
281122031313 0.956 18.861 36.173 8.311 8.338 0.341 10.868 
281122032813 0.941 18.854 36.176 8.307 8.339 0.333 10.879 
281122034313 0.962 18.846 36.173 8.322 8.339 0.303 10.884 
281122035813 0.933 18.846 36.171 8.318 8.339 0.265 10.816 
281122041313 0.963 18.839 36.181 8.312 8.340 0.300 10.862 
281122042813 0.960 18.825 36.182 8.301 8.340 0.396 10.876 
281122044313 0.939 18.821 36.170 8.291 8.340 0.290 10.882 
281122045813 0.946 18.814 36.178 8.286 8.341 0.287 10.836 
281122051313 0.942 18.809 36.156 8.281 8.340 0.399 10.868 
281122052813 0.935 18.801 36.165 8.276 8.341 0.306 10.879 
281122054313 0.937 18.802 36.172 8.278 8.340 0.346 10.883 
281122055813 0.892 18.788 36.169 8.276 8.339 0.369 10.836 
281122061313 0.948 18.779 36.167 8.274 8.342 0.246 10.868 
281122062813 0.954 18.771 36.167 8.275 8.340 0.301 10.879 
281122064313 0.944 18.767 36.160 8.278 8.342 0.370 10.883 
281122065813 0.935 18.753 36.159 8.284 8.341 0.328 10.817 
281122071313 0.940 18.752 36.140 8.283 8.343 0.404 10.862 
281122072813 0.962 18.744 36.173 8.283 8.342 0.276 10.875 
281122074313 0.919 18.738 36.161 8.286 8.342 0.356 10.882 
281122075813 0.947 18.734 36.157 8.287 8.342 0.353 10.836 
281122081313 0.937 18.727 36.157 8.283 8.341 0.314 10.868 
281122082813 0.933 18.721 36.155 8.284 8.342 0.460 10.878 
281122084313 0.929 18.731 36.145 8.280 8.343 0.451 10.883 
281122085813 0.955 18.736 36.157 8.276 8.342 0.411 10.835 
281122091313 0.936 18.739 36.158 8.278 8.342 0.415 10.867 
281122092813 0.928 18.731 36.166 8.279 8.342 0.344 10.878 
281122094313 0.936 18.737 36.169 8.285 8.342 0.273 10.882 
281122095813 0.914 18.725 36.162 8.292 8.342 0.464 10.835 
281122101313 0.930 18.735 36.159 8.290 8.343 0.317 10.867 
281122102813 0.938 18.734 36.139 8.292 8.343 0.322 10.878 
281122104313 0.937 18.731 36.179 8.300 8.343 0.368 10.883 
281122105813 0.936 18.740 36.169 8.303 8.343 0.289 10.812 
281122111313 0.912 18.730 36.172 8.314 8.342 0.435 10.860 
281122112813 0.930 18.743 36.173 8.313 8.342 0.331 10.875 
281122114313 0.921 18.736 36.169 8.312 8.342 0.409 10.881 
281122115813 0.913 18.734 36.170 8.316 8.342 0.336 10.832 
281122121313 0.943 18.740 36.118 8.307 8.339 0.321 10.866 
281122122813 0.890 18.738 36.197 8.298 8.341 0.300 10.878 
281122124313 0.910 18.741 36.197 8.292 8.339 0.334 10.882 
281122125813 0.920 18.737 36.176 8.295 8.342 0.286 10.814 
281122131313 0.905 18.717 36.149 8.295 8.342 0.314 10.861 
281122132813 0.892 18.735 36.171 8.283 8.342 0.232 10.875 
281122134313 0.889 18.732 36.170 8.283 8.342 0.205 10.881 
281122135813 0.890 18.725 36.164 8.277 8.341 0.241 10.836 
281122141313 0.886 18.732 36.170 8.274 8.341 0.412 10.868 
281122142813 0.899 18.731 36.166 8.269 8.342 0.333 10.878 
281122144313 0.906 18.737 36.159 8.266 8.339 0.262 10.882 
281122145813 0.907 18.732 36.159 8.266 8.340 0.220 10.834 
281122151313 0.902 18.739 36.170 8.268 8.340 0.203 10.867 
281122152813 0.906 18.737 36.162 8.253 8.341 0.225 10.877 
281122154313 0.876 18.754 36.169 8.246 8.342 0.326 10.882 
281122155813 0.902 18.757 36.168 8.239 8.341 0.275 10.816 
281122161313 0.874 18.757 36.167 8.231 8.340 0.332 10.861 
281122162813 0.880 18.767 36.156 8.228 8.339 0.339 10.875 
281122164313 0.891 18.771 36.163 8.230 8.340 0.341 10.881 
281122165813 0.901 18.759 36.173 8.225 8.339 0.392 10.836 
281122171313 0.903 18.773 36.167 8.226 8.339 0.499 10.868 
281122172813 0.903 18.759 36.174 8.243 8.341 0.469 10.878 
