SAMBAT Sea Ti  C/T/D/Odo/Fluo/pH GPS : 50195 
V:0,Pression (0/50),m
V:1,Température (-5/35),°C
V:2,Salinité (2/42),g/l
V:3,Oxygène (0/20),mgl
V:4,PH (0/14),pH
V:5,Fluorescence (0/50),µgl
V:6,Tension batterie,V
240822132540 0.833 26.852 38.222 7.632 8.261 0.105 10.819 
240822134039 0.845 26.887 38.236 7.620 8.262 0.109 10.925 
240822135539 0.834 26.925 38.217 7.613 8.261 0.084 10.916 
240822141039 0.813 26.913 38.211 7.614 8.261 0.067 10.942 
240822142539 0.832 26.949 38.226 7.609 8.260 0.108 10.948 
240822144039 0.868 26.956 38.249 7.614 8.260 0.050 10.950 
240822145539 0.848 26.969 38.254 7.610 8.260 0.100 10.919 
240822151039 0.817 26.967 38.270 7.613 8.260 0.066 10.944 
240822152539 0.820 27.001 38.175 7.609 8.260 0.076 10.949 
240822154039 0.842 26.988 38.146 7.610 8.260 0.070 10.951 
240822155539 0.844 26.977 38.137 7.612 8.260 0.109 10.901 
240822161039 0.802 26.954 38.137 7.620 8.260 0.046 10.940 
240822162539 0.848 26.937 38.165 7.629 8.260 0.078 10.949 
240822164039 0.822 26.897 38.206 7.639 8.260 0.098 10.950 
240822165539 0.831 26.897 38.210 7.644 8.260 0.073 10.919 
240822171039 0.791 26.871 38.219 7.649 8.259 0.106 10.944 
240822172539 0.816 26.858 38.251 7.653 8.260 0.085 10.949 
240822174039 0.824 26.837 38.204 7.657 8.260 0.136 10.951 
240822175539 0.762 26.757 38.174 7.673 8.261 0.114 10.901 
240822181039 0.831 26.700 38.170 7.686 8.262 0.122 10.940 
240822182539 0.777 26.684 38.148 7.685 8.262 0.162 10.948 
240822184039 0.837 26.649 38.144 7.691 8.262 0.132 10.950 
240822185539 0.827 26.634 38.130 7.696 8.263 0.149 10.919 
240822191039 0.780 26.621 38.132 7.703 8.264 0.143 10.943 
240822192539 0.836 26.596 38.127 7.704 8.265 0.159 10.949 
240822194039 0.845 26.564 38.141 7.708 8.265 0.201 10.950 
240822195539 0.830 26.555 38.133 7.712 8.266 0.153 10.917 
240822201039 0.806 26.536 38.166 7.715 8.266 0.190 10.942 
240822202539 0.829 26.520 38.147 7.711 8.266 0.174 10.948 
240822204039 0.807 26.495 38.237 7.709 8.267 0.202 10.949 
240822205539 0.828 26.481 38.173 7.703 8.267 0.181 10.899 
240822211039 0.865 26.485 38.212 7.698 8.267 0.173 10.939 
240822212539 0.849 26.487 38.222 7.692 8.267 0.191 10.946 
240822214039 0.845 26.468 38.223 7.688 8.267 0.213 10.949 
240822215539 0.816 26.468 38.205 7.682 8.267 0.188 10.917 
240822221039 0.812 26.471 38.241 7.672 8.267 0.184 10.942 
240822222539 0.842 26.503 38.237 7.661 8.268 0.252 10.948 
240822224039 0.836 26.499 38.223 7.653 8.269 0.209 10.949 
240822225539 0.841 26.473 38.224 7.654 8.269 0.181 10.902 
240822231039 0.828 26.476 38.225 7.647 8.270 0.197 10.939 
240822232539 0.832 26.448 38.228 7.651 8.270 0.207 10.946 
240822234039 0.838 26.430 38.228 7.653 8.272 0.219 10.948 
240822235539 0.851 26.445 38.216 7.647 8.272 0.312 10.918 
250822001039 0.836 26.448 38.235 7.644 8.273 0.184 10.942 
250822002539 0.840 26.413 38.268 7.648 8.272 0.244 10.947 
250822004039 0.849 26.441 38.256 7.646 8.273 0.266 10.949 
250822005539 0.843 26.430 38.254 7.648 8.273 0.198 10.917 
250822011039 0.845 26.426 38.298 7.651 8.274 0.233 10.942 
250822012539 0.849 26.412 38.291 7.658 8.274 0.200 10.947 
250822014039 0.827 26.412 38.257 7.658 8.274 0.246 10.949 
250822015539 0.846 26.405 38.311 7.664 8.274 0.182 10.899 
250822021039 0.860 26.376 38.252 7.666 8.275 0.246 10.938 
250822022539 0.843 26.379 38.165 7.667 8.274 0.239 10.946 
250822024039 0.822 26.380 38.199 7.669 8.274 0.261 10.948 
250822025539 0.839 26.357 38.309 7.673 8.275 0.258 10.918 
250822031039 0.821 26.371 38.307 7.671 8.275 0.224 10.942 
250822032539 0.828 26.360 38.301 7.674 8.276 0.253 10.947 
250822034039 0.828 26.358 38.308 7.680 8.277 0.737 10.948 
250822035539 0.823 26.315 38.307 7.686 8.277 0.239 10.916 
250822041039 0.840 26.333 38.316 7.680 8.277 0.240 10.941 
250822042539 0.838 26.324 38.295 7.682 8.276 0.238 10.947 
250822044039 0.849 26.335 38.302 7.684 8.277 0.249 10.948 
250822045539 0.854 26.316 38.164 7.688 8.279 0.251 10.898 
250822051039 0.849 26.329 38.280 7.688 8.278 0.212 10.937 
250822052539 0.841 26.319 38.265 7.695 8.279 0.212 10.946 
250822054039 0.830 26.319 38.275 7.693 8.277 0.168 10.948 
250822055539 0.826 26.319 38.244 7.692 8.277 0.176 10.918 
250822061039 0.832 26.299 38.224 7.689 8.275 0.214 10.942 
250822062539 0.832 26.316 38.254 7.686 8.272 0.258 10.946 
250822064039 0.851 26.299 38.336 7.684 8.272 0.244 10.948 
250822065539 0.836 26.305 38.469 7.681 8.271 0.190 10.916 
250822071039 0.837 26.304 38.243 7.682 8.271 0.225 10.941 
250822072539 0.837 26.293 38.289 7.682 8.273 0.225 10.946 
250822074039 0.850 26.282 38.320 7.682 8.272 0.193 10.948 
250822075539 0.826 26.266 38.249 7.683 8.270 0.176 10.897 
250822081039 0.841 26.273 38.264 7.682 8.269 0.184 10.937 
250822082539 0.837 26.270 38.263 7.681 8.270 0.192 10.945 
250822084039 0.841 26.263 38.267 7.682 8.268 0.130 10.947 
250822085539 0.840 26.256 38.254 7.685 8.270 0.122 10.917 
250822091039 0.830 26.259 38.264 7.689 8.269 0.139 10.941 
250822092539 0.818 26.302 38.267 7.685 8.269 0.106 10.946 
250822094039 0.832 26.343 38.270 7.681 8.270 0.094 10.948 
250822095539 0.848 26.372 38.227 7.683 8.268 0.109 10.897 
250822101039 0.831 26.405 38.243 7.684 8.268 0.098 10.937 
250822102539 0.851 26.471 38.256 7.682 8.268 0.081 10.945 
250822104039 0.844 26.482 38.315 7.685 8.267 0.070 10.948 
250822105539 0.841 26.473 38.264 7.697 8.267 0.060 10.917 
250822111039 0.812 26.511 38.253 7.702 8.266 0.101 10.941 
250822112539 0.837 26.564 38.284 7.700 8.267 0.075 10.947 
250822114039 0.833 26.583 38.263 7.708 8.267 0.042 10.949 
250822115539 0.856 26.589 38.273 7.710 8.266 0.028 10.917 
250822121039 0.861 26.615 38.278 7.709 8.265 0.050 10.942 
250822122539 0.842 26.605 38.276 7.714 8.266 0.043 10.948 
250822124039 0.825 26.615 38.264 7.713 8.266 0.057 10.949 
250822125539 0.847 26.656 38.265 7.710 8.267 0.067 10.900 
250822131039 0.823 26.653 38.237 7.714 8.265 0.047 10.939 
250822132539 0.829 26.669 38.233 7.710 8.266 0.020 10.947 
