SAMBAT Sea Ti  C/T/D/Odo/Fluo/pH GPS : 50195 
V:0,Pression (0/50),m
V:1,Température (-5/35),°C
V:2,Salinité (2/42),g/l
V:3,Oxygène (0/20),mgl
V:4,PH (0/14),pH
V:5,Fluorescence (0/50),µgl
V:6,Tension batterie,V
170123193228 0.726 15.302 36.669 9.372 8.343 0.431 10.719 
170123194727 0.607 15.301 36.651 9.372 8.344 0.498 10.805 
170123200227 0.658 15.301 36.637 9.378 8.344 0.478 10.796 
170123201727 0.623 15.289 36.685 9.384 8.344 0.429 10.828 
170123203227 0.675 15.282 36.667 9.387 8.344 0.431 10.840 
170123204727 0.678 15.286 36.635 9.387 8.344 0.451 10.845 
170123210227 0.709 15.297 36.679 9.382 8.344 0.485 10.805 
170123211727 0.630 15.271 36.670 9.386 8.344 0.473 10.833 
170123213227 0.680 15.289 36.661 9.384 8.344 0.472 10.843 
170123214727 0.592 15.291 36.649 9.381 8.344 0.438 10.847 
170123220227 0.676 15.283 36.695 9.384 8.344 0.404 10.794 
170123221727 0.749 15.281 36.679 9.381 8.344 0.480 10.828 
170123223227 0.743 15.281 36.643 9.379 8.344 0.426 10.841 
170123224727 0.640 15.284 36.705 9.374 8.344 0.465 10.847 
170123230227 0.721 15.266 36.683 9.379 8.344 0.427 10.807 
170123231727 0.643 15.268 36.660 9.377 8.344 0.456 10.834 
170123233227 0.657 15.257 36.655 9.380 8.344 0.430 10.844 
170123234727 0.582 15.255 36.671 9.380 8.344 0.466 10.848 
180123000227 0.520 15.249 36.727 9.378 8.344 0.597 10.808 
180123001727 0.648 15.248 36.688 9.378 8.345 0.362 10.834 
180123003227 0.829 15.249 36.654 9.373 8.345 0.529 10.844 
180123004727 0.847 15.243 36.701 9.377 8.345 0.383 10.848 
180123010227 0.746 15.254 36.671 9.376 8.345 0.486 10.797 
180123011727 0.640 15.249 36.718 9.378 8.345 0.459 10.831 
180123013227 0.524 15.228 36.691 9.381 8.346 0.530 10.842 
180123014727 0.711 15.235 36.678 9.382 8.346 0.438 10.847 
180123020227 0.722 15.247 36.709 9.381 8.346 0.435 10.807 
180123021727 0.626 15.240 36.730 9.380 8.346 0.470 10.834 
180123023227 0.799 15.227 36.705 9.380 8.346 0.410 10.843 
180123024727 0.661 15.235 36.695 9.377 8.346 0.499 10.848 
180123030227 0.794 15.232 36.675 9.376 8.346 0.398 10.805 
180123031727 0.650 15.225 36.699 9.376 8.346 0.413 10.833 
180123033227 0.537 15.232 36.684 9.367 8.347 0.397 10.843 
180123034727 0.654 15.230 36.744 9.365 8.347 0.457 10.848 
180123040227 0.685 15.229 36.762 9.367 8.347 0.440 10.794 
180123041727 0.730 15.207 36.706 9.366 8.347 0.446 10.829 
180123043227 0.771 15.218 36.765 9.364 8.348 0.409 10.841 
180123044727 0.695 15.221 36.718 9.361 8.348 0.459 10.846 
180123050227 0.600 15.228 36.767 9.364 8.347 0.494 10.807 
180123051727 0.555 15.229 36.735 9.360 8.348 0.438 10.833 
180123053227 0.703 15.210 36.669 9.366 8.348 0.456 10.843 
180123054727 0.686 15.218 36.738 9.365 8.348 0.479 10.848 
180123060227 0.605 15.209 36.775 9.365 8.348 0.468 10.802 
180123061727 0.617 15.221 36.713 9.366 8.349 0.374 10.832 
180123063227 0.721 15.203 37.161 9.377 8.349 0.502 10.843 
180123064727 0.669 15.221 36.761 9.364 8.349 0.456 10.847 
180123070227 0.709 15.223 36.720 9.360 8.349 0.372 10.793 
180123071727 0.641 15.183 36.710 9.376 8.349 0.492 10.828 
180123073227 0.662 15.212 36.700 9.361 8.349 0.465 10.841 
180123074727 0.616 15.186 36.734 9.362 8.349 0.454 10.846 
180123080227 0.668 15.210 36.759 9.357 8.349 0.527 10.807 
180123081727 0.640 15.212 36.747 9.352 8.349 0.548 10.833 
180123083227 0.707 15.218 36.711 9.350 8.349 0.445 10.843 
180123084727 0.684 15.214 36.750 9.346 8.350 0.527 10.848 
180123090227 0.753 15.207 36.725 9.348 8.350 0.428 10.804 
180123091727 0.756 15.199 36.725 9.356 8.350 0.475 10.832 
180123093227 0.729 15.181 36.744 9.360 8.350 0.489 10.843 
180123094727 0.772 15.209 36.681 9.347 8.349 0.337 10.847 
180123100227 0.759 15.210 36.719 9.355 8.349 0.322 10.793 
180123101727 0.724 15.183 36.726 9.361 8.349 0.225 10.828 
180123103227 0.607 15.177 36.710 9.363 8.348 0.317 10.840 
180123104727 0.732 15.170 36.737 9.368 8.347 0.213 10.846 
180123110227 0.787 15.153 36.714 9.371 8.347 0.180 10.799 
180123111727 0.685 15.164 36.736 9.368 8.348 0.334 10.831 
180123113227 0.756 15.157 36.688 9.373 8.349 0.434 10.842 
180123114727 0.719 15.159 36.753 9.373 8.349 0.416 10.847 
180123120227 0.810 15.151 36.772 9.370 8.349 0.489 10.793 
180123121727 0.815 15.122 36.748 9.374 8.347 0.325 10.827 
180123123227 0.768 15.115 36.711 9.374 8.348 0.202 10.840 
180123124727 0.755 15.151 36.714 9.364 8.347 0.230 10.846 
180123130227 0.758 15.156 36.722 9.362 8.347 0.222 10.805 
180123131727 0.751 15.166 36.752 9.358 8.347 0.346 10.832 
180123133227 0.813 15.136 36.708 9.365 8.347 0.394 10.842 
180123134727 0.745 15.157 36.702 9.364 8.346 0.413 10.847 
180123140227 0.806 15.139 36.798 9.364 8.346 0.469 10.793 
180123141727 0.792 15.134 36.710 9.361 8.346 0.444 10.827 
180123143227 0.647 15.120 36.731 9.365 8.346 0.494 10.840 
180123144727 0.705 15.126 36.728 9.359 8.345 0.544 10.846 
180123150227 0.772 15.140 36.720 9.356 8.346 0.459 10.806 
180123151727 0.648 15.137 36.733 9.353 8.346 0.519 10.832 
180123153227 0.715 15.137 36.736 9.352 8.346 0.467 10.842 
180123154727 0.728 15.158 36.763 9.349 8.345 0.469 10.847 
180123160227 0.729 15.128 36.766 9.355 8.345 0.516 10.790 
180123161727 0.627 15.138 36.760 9.352 8.345 0.448 10.827 
180123163227 0.753 15.158 36.764 9.352 8.344 0.364 10.840 
180123164727 0.741 15.153 36.759 9.352 8.344 0.363 10.846 
180123170227 0.651 15.160 36.788 9.359 8.344 0.284 10.802 
180123171727 0.723 15.161 36.777 9.354 8.344 0.375 10.832 
180123173227 0.696 15.160 36.791 9.355 8.344 0.478 10.842 
180123174727 0.691 15.142 36.755 9.359 8.344 0.469 10.846 
180123180227 0.791 15.114 36.799 9.365 8.344 0.414 10.802 
180123181727 0.769 15.151 36.809 9.362 8.344 0.464 10.832 
180123183227 0.744 15.136 36.827 9.364 8.344 0.444 10.842 
180123184727 0.715 15.144 36.873 9.357 8.344 0.520 10.847 
180123190227 0.771 15.120 36.864 9.359 8.344 0.420 10.800 
180123191727 0.755 15.140 36.797 9.355 8.344 0.474 10.830 
180123193227 0.849 15.141 36.815 9.356 8.344 0.551 10.841 
