SAMBAT Sea Ti  C/T/D/Odo/Fluo/pH GPS : 50195 
V:0,Pression (0/50),m
V:1,Température (-5/35),°C
V:2,Salinité (2/42),g/l
V:3,Oxygène (0/20),mgl
V:4,PH (0/14),pH
V:5,Fluorescence (0/50),µgl
V:6,Tension batterie,V
020123185547 1.031 15.944 37.624 9.350 8.346 0.512 10.721 
020123191046 1.021 15.953 37.634 9.345 8.347 0.490 10.809 
020123192546 1.032 15.945 37.626 9.349 8.347 0.431 10.836 
020123194046 1.030 15.939 37.570 9.345 8.346 0.439 10.846 
020123195546 1.047 15.939 37.635 9.344 8.346 0.486 10.807 
020123201046 1.037 15.928 37.638 9.343 8.347 0.423 10.826 
020123202546 1.058 15.928 37.627 9.341 8.346 0.495 10.843 
020123204046 1.013 15.925 37.376 9.341 8.347 0.488 10.851 
020123205546 1.035 15.917 37.488 9.341 8.346 0.435 10.808 
020123211046 0.989 15.913 37.628 9.336 8.347 0.491 10.833 
020123212546 1.046 15.915 37.502 9.339 8.346 0.421 10.848 
020123214046 1.018 15.921 37.502 9.335 8.347 0.586 10.853 
020123215546 1.018 15.922 37.551 9.330 8.346 0.572 10.809 
020123221046 1.046 15.927 37.450 9.329 8.347 0.591 10.834 
020123222546 1.030 15.917 37.453 9.322 8.346 0.533 10.848 
020123224046 1.046 15.920 37.575 9.326 8.347 0.641 10.854 
020123225546 1.040 15.907 37.577 9.327 8.347 0.589 10.810 
020123231046 1.050 15.920 37.553 9.322 8.348 0.589 10.827 
020123232546 1.033 15.887 37.458 9.325 8.348 0.537 10.845 
020123234046 1.037 15.915 37.471 9.318 8.349 0.530 10.853 
020123235546 1.040 15.915 37.478 9.314 8.348 0.563 10.809 
030123001046 1.046 15.906 37.569 9.317 8.349 0.674 10.834 
030123002546 1.049 15.916 37.528 9.319 8.349 0.652 10.848 
030123004046 1.047 15.913 37.483 9.320 8.349 0.559 10.854 
030123005546 1.039 15.916 37.475 9.323 8.348 0.556 10.809 
030123011046 1.037 15.910 37.465 9.323 8.349 0.491 10.834 
030123012546 1.048 15.892 37.561 9.326 8.350 0.552 10.848 
030123014046 1.008 15.902 37.588 9.322 8.350 0.467 10.854 
030123015546 0.995 15.906 37.545 9.326 8.350 0.517 10.810 
030123021046 1.026 15.903 37.598 9.327 8.350 0.521 10.827 
030123022546 1.063 15.890 37.397 9.330 8.350 0.506 10.845 
030123024046 1.037 15.900 37.370 9.325 8.350 0.426 10.852 
030123025546 1.041 15.907 37.450 9.317 8.351 0.524 10.809 
030123031046 1.057 15.893 37.388 9.322 8.351 0.555 10.835 
030123032546 1.030 15.902 37.576 9.318 8.351 0.494 10.848 
030123034046 1.050 15.908 37.336 9.318 8.351 0.510 10.854 
030123035546 1.055 15.893 37.520 9.323 8.351 0.533 10.809 
030123041046 1.025 15.901 37.344 9.321 8.351 0.441 10.834 
030123042546 1.062 15.896 37.387 9.320 8.352 0.478 10.848 
030123044046 1.033 15.900 37.347 9.318 8.352 0.491 10.854 
030123045546 1.034 15.903 37.382 9.323 8.351 0.459 10.809 
030123051046 1.040 15.891 37.356 9.326 8.352 0.549 10.827 
030123052546 1.039 15.900 37.467 9.329 8.352 0.514 10.845 
030123054046 1.049 15.895 37.459 9.331 8.352 0.465 10.852 
030123055546 1.029 15.900 37.696 9.331 8.352 0.459 10.809 
030123061046 1.039 15.881 37.494 9.337 8.353 0.515 10.834 
030123062546 1.058 15.893 37.326 9.338 8.353 0.410 10.848 
030123064046 1.045 15.899 37.327 9.340 8.353 0.567 10.854 
030123065546 1.007 15.894 37.390 9.343 8.353 0.442 10.809 
030123071046 1.055 15.880 37.326 9.345 8.353 0.427 10.834 
030123072546 1.046 15.885 37.324 9.341 8.353 0.559 10.848 
030123074046 1.040 15.882 37.395 9.340 8.353 0.500 10.854 
030123075546 1.048 15.885 37.550 9.338 8.353 0.568 10.809 
030123081046 1.039 15.891 37.315 9.337 8.354 0.450 10.833 
030123082546 1.046 15.878 37.343 9.338 8.354 0.529 10.847 
030123084046 1.058 15.893 37.541 9.336 8.354 0.590 10.853 
030123085546 1.038 15.878 37.438 9.333 8.354 0.579 10.809 
030123091046 1.059 15.890 37.542 9.331 8.354 0.684 10.827 
030123092546 1.034 15.891 37.411 9.327 8.354 0.534 10.845 
030123094046 1.064 15.886 37.375 9.326 8.354 0.516 10.852 
030123095546 1.061 15.876 37.454 9.328 8.354 0.553 10.810 
030123101046 1.062 15.873 37.448 9.329 8.355 0.492 10.834 
030123102546 1.058 15.889 37.458 9.322 8.354 0.389 10.848 
030123104046 1.066 15.894 37.523 9.318 8.354 0.408 10.853 
030123105546 1.062 15.893 37.493 9.318 8.353 0.229 10.809 
030123111046 1.071 15.898 37.556 9.315 8.353 0.190 10.834 
030123112546 1.062 15.905 37.563 9.316 8.352 0.362 10.848 
030123114046 1.073 15.930 37.565 9.313 8.351 0.187 10.853 
030123115546 1.044 15.942 37.565 9.313 8.351 0.199 10.809 
030123121046 1.066 15.949 37.562 9.316 8.350 0.217 10.827 
030123122546 1.074 15.944 37.533 9.318 8.350 0.126 10.845 
030123124046 1.056 15.939 37.530 9.322 8.350 0.130 10.852 
030123125546 1.055 15.948 37.552 9.322 8.349 0.169 10.809 
030123131046 1.058 16.021 37.555 9.312 8.348 0.118 10.834 
030123132546 1.056 15.955 37.546 9.326 8.349 0.169 10.848 
030123134046 1.048 15.985 37.690 9.325 8.348 0.112 10.854 
030123135546 1.058 16.032 37.553 9.322 8.347 0.183 10.810 
030123141046 1.050 15.987 37.535 9.331 8.348 0.162 10.834 
030123142546 1.063 16.010 37.512 9.331 8.347 0.225 10.848 
030123144046 1.066 16.004 37.511 9.335 8.347 0.165 10.854 
030123145546 1.045 16.010 37.678 9.339 8.347 0.187 10.810 
030123151046 1.052 15.997 37.517 9.345 8.347 0.138 10.828 
030123152546 1.052 15.990 37.522 9.352 8.347 0.248 10.846 
030123154046 1.061 16.004 37.535 9.353 8.346 0.206 10.853 
030123155546 1.059 15.997 37.512 9.358 8.346 0.221 10.810 
030123161046 1.054 15.989 37.572 9.359 8.346 0.293 10.834 
030123162546 1.065 15.981 37.560 9.363 8.346 0.342 10.848 
030123164046 1.046 15.980 37.542 9.366 8.346 0.469 10.854 
030123165546 1.060 15.985 37.555 9.366 8.346 0.404 10.810 
030123171046 1.068 15.972 37.517 9.370 8.346 0.418 10.835 
030123172546 1.039 15.977 37.487 9.370 8.346 0.423 10.849 
030123174046 1.072 15.977 37.552 9.373 8.347 0.456 10.854 
030123175546 1.028 15.962 37.339 9.375 8.346 0.586 10.810 
030123181046 1.035 15.963 37.327 9.373 8.346 0.464 10.828 
030123182546 1.067 15.944 37.316 9.380 8.347 0.564 10.845 
030123184046 1.055 15.924 37.273 9.385 8.347 0.568 10.853 
030123185546 1.054 15.925 37.271 9.382 8.347 0.441 10.810 
