SAMBAT Sea Ti  C/T/D/Odo/Fluo/pH GPS : 50195 
V:0,Pression (0/50),dba
V:1,Température (-5/35),°C
V:2,Salinité (2/42),g/l
V:3,Oxygène (0/20),mgl
V:4,PH (0/14),pH
V:5,Fluorescence (0/500),ppb
V:6,Tension batterie,V
310323100608 0.861 14.791 38.149 10.649 8.235 0.903 10.720 
310323102107 0.825 14.822 38.152 10.644 8.234 0.782 10.799 
310323103607 0.860 14.824 38.152 10.638 8.233 0.759 10.771 
310323105107 0.819 14.839 38.153 10.635 8.233 0.721 10.822 
310323110607 0.887 14.835 38.151 10.636 8.232 0.592 10.837 
310323112107 0.769 14.828 38.149 10.638 8.231 0.448 10.845 
310323113607 0.797 14.845 38.150 10.635 8.231 0.812 10.781 
310323115107 0.796 14.831 38.153 10.638 8.231 0.592 10.829 
310323120607 0.819 14.816 38.147 10.644 8.231 0.653 10.842 
310323122107 0.773 14.854 38.145 10.636 8.230 0.721 10.848 
310323123607 0.800 14.873 38.149 10.630 8.230 0.683 10.783 
310323125107 0.843 14.994 38.161 10.591 8.228 0.585 10.831 
310323130607 0.843 14.980 38.163 10.594 8.227 0.683 10.844 
310323132107 0.829 15.045 38.164 10.574 8.228 0.349 10.850 
310323133607 0.774 15.163 38.157 10.542 8.229 0.585 10.760 
310323135107 0.806 15.195 38.171 10.531 8.228 0.531 10.825 
310323140607 0.819 15.156 38.170 10.526 8.228 0.812 10.842 
310323142107 0.748 15.211 38.165 10.535 8.227 0.660 10.849 
310323143607 0.754 15.145 38.169 10.552 8.228 0.288 10.783 
310323145107 0.788 15.173 38.162 10.547 8.228 0.782 10.833 
310323150607 0.798 15.256 38.166 10.516 8.227 0.896 10.846 
310323152107 0.790 15.234 38.151 10.526 8.227 0.258 10.851 
310323153607 0.776 15.219 38.155 10.534 8.227 1.662 10.786 
310323155107 0.804 15.116 38.159 10.564 8.228 1.632 10.834 
310323160607 0.769 15.088 38.158 10.578 8.228 1.556 10.847 
310323162107 0.779 15.065 38.159 10.585 8.228 1.237 10.852 
310323163607 0.797 15.070 38.162 10.581 8.228 1.731 10.761 
310323165107 0.822 15.171 38.166 10.554 8.227 2.794 10.825 
310323170607 0.749 15.304 38.152 10.515 8.224 2.885 10.843 
310323172107 0.697 15.244 38.173 10.523 8.224 2.816 10.850 
310323173607 0.704 15.265 38.172 10.519 8.222 3.583 10.781 
310323175107 0.877 15.252 38.170 10.523 8.222 3.765 10.832 
310323180607 0.768 15.218 38.168 10.532 8.223 3.879 10.846 
310323182107 0.750 15.181 38.166 10.548 8.225 3.811 10.851 
310323183607 0.799 15.082 38.164 10.574 8.226 3.204 10.785 
310323185107 0.719 15.042 38.168 10.585 8.227 3.416 10.833 
310323190607 0.732 15.011 38.162 10.594 8.230 3.492 10.846 
310323192107 0.733 15.016 38.166 10.596 8.231 3.340 10.851 
310323193607 0.678 14.995 38.164 10.606 8.233 2.786 10.761 
310323195107 0.590 14.977 38.165 10.619 8.233 3.416 10.825 
310323200607 0.779 14.921 38.164 10.638 8.234 2.862 10.842 
310323202107 0.818 14.914 38.160 10.640 8.234 2.513 10.849 
310323203607 0.816 14.896 38.161 10.646 8.234 3.097 10.782 
310323205107 0.809 14.888 38.162 10.649 8.234 2.687 10.831 
310323210607 0.754 14.880 38.161 10.651 8.233 3.090 10.844 
310323212107 0.822 14.860 38.160 10.663 8.233 2.870 10.849 
310323213607 0.891 14.860 38.162 10.663 8.232 2.824 10.775 
310323215107 0.741 14.862 38.162 10.661 8.231 2.862 10.829 
310323220607 0.771 14.856 38.164 10.660 8.231 3.120 10.842 
310323222107 0.831 14.844 38.160 10.664 8.232 3.120 10.849 
310323223607 0.721 14.828 38.161 10.668 8.233 2.718 10.758 
310323225107 0.752 14.821 38.158 10.674 8.234 2.703 10.823 
310323230607 0.797 14.819 38.159 10.680 8.232 2.816 10.840 
310323232107 0.788 14.813 38.161 10.686 8.233 3.021 10.847 
310323233607 0.782 14.815 38.161 10.689 8.233 3.249 10.781 
310323235107 0.766 14.827 38.163 10.687 8.232 2.854 10.830 
010423000607 0.740 14.846 38.158 10.687 8.232 2.816 10.843 
010423002107 0.671 14.823 38.162 10.695 8.233 2.839 10.849 
010423003607 0.707 14.817 38.162 10.697 8.233 3.219 10.781 
010423005107 0.790 14.813 38.160 10.702 8.234 3.226 10.830 
010423010607 0.831 14.802 38.161 10.710 8.234 2.786 10.843 
010423012107 0.667 14.799 38.192 10.716 8.235 3.014 10.849 
010423013607 0.804 14.795 38.163 10.718 8.234 3.052 10.758 
010423015107 0.744 14.799 38.162 10.725 8.234 3.150 10.823 
010423020607 0.686 14.792 38.163 10.727 8.234 3.074 10.840 
010423022107 0.744 14.801 38.163 10.728 8.234 2.604 10.847 
010423023607 0.703 14.792 38.163 10.727 8.234 3.325 10.781 
010423025107 0.830 14.787 38.164 10.729 8.235 2.816 10.830 
010423030607 0.549 14.788 38.163 10.729 8.235 2.809 10.843 
010423032107 0.669 14.796 38.163 10.728 8.236 2.892 10.848 
010423033607 0.781 14.795 38.162 10.729 8.236 2.991 10.782 
010423035107 0.661 14.787 38.164 10.732 8.236 3.021 10.830 
010423040607 0.827 14.777 38.164 10.738 8.236 2.718 10.843 
010423042107 0.754 14.791 38.163 10.738 8.237 2.657 10.849 
010423043607 0.740 14.901 38.154 10.716 8.254 2.467 10.757 
010423045107 0.783 14.897 38.150 10.731 8.253 3.014 10.822 
010423050607 0.808 14.909 38.157 10.737 8.252 2.558 10.839 
010423052107 0.686 14.871 38.156 10.752 8.252 2.384 10.847 
010423053607 0.701 14.859 38.147 10.770 8.254 2.406 10.781 
010423055107 0.658 14.858 38.158 10.773 8.259 2.953 10.830 
010423060607 0.796 14.898 38.150 10.774 8.263 2.331 10.843 
010423062107 0.862 14.843 38.151 10.801 8.249 2.543 10.849 
010423063607 0.753 14.845 38.157 10.803 8.248 3.082 10.781 
010423065107 0.765 14.838 38.158 10.808 8.247 3.006 10.830 
010423070607 0.602 14.845 38.160 10.806 8.246 2.619 10.844 
010423072107 0.757 14.843 38.153 10.808 8.244 2.604 10.849 
010423073607 0.745 14.837 38.160 10.805 8.244 1.389 10.759 
010423075107 0.809 14.844 38.157 10.803 8.242 1.017 10.823 
010423080607 0.766 14.835 38.160 10.797 8.241 0.949 10.840 
010423082107 0.774 14.843 38.159 10.794 8.241 1.017 10.847 
010423083607 0.827 14.850 38.158 10.795 8.243 1.086 10.780 
010423085107 0.874 14.863 38.157 10.795 8.243 0.865 10.829 
010423090607 0.840 14.856 38.159 10.797 8.242 1.275 10.843 
010423092107 0.784 14.845 38.156 10.803 8.238 0.858 10.848 
010423093607 0.773 14.843 38.158 10.805 8.238 0.721 10.758 
010423095107 0.789 14.832 38.159 10.810 8.234 1.070 10.823 
010423100607 0.768 14.818 38.159 10.815 8.233 1.055 10.840 
