SAMBAT Sea Ti  C/T/D/Odo/Fluo/pH GPS : 50195 
V:0,Pression (0/50),dba
V:1,Température (-5/35),°C
V:2,Salinité (2/42),g/l
V:3,Oxygène (0/20),mgl
V:4,PH (0/14),pH
V:5,Fluorescence (0/500),ppb
V:6,Tension batterie,V
090324155527 0.852 14.663 28.855 10.178 8.257 35.307 10.741 
090324161026 0.859 14.712 28.899 10.158 8.258 57.482 10.778 
090324162526 0.852 14.680 28.551 10.159 8.258 5.853 10.801 
090324164026 0.861 14.640 28.621 10.163 8.256 7.068 10.845 
090324165526 0.847 14.587 28.557 10.167 8.255 7.424 10.858 
090324171026 0.899 14.555 28.831 10.163 8.253 8.176 10.837 
090324172526 0.829 14.543 28.554 10.150 8.252 8.776 10.797 
090324174026 0.836 14.523 28.539 10.143 8.251 10.150 10.847 
090324175526 0.835 14.489 28.546 10.141 8.251 9.542 10.860 
090324181026 0.821 14.417 28.526 10.152 8.251 10.005 10.836 
090324182526 0.849 14.327 28.838 10.159 8.250 10.400 10.804 
090324184026 0.870 14.272 28.529 10.169 8.250 10.339 10.849 
090324185526 0.796 14.201 28.531 10.164 8.250 10.461 10.860 
090324191026 0.690 14.148 28.478 10.169 8.251 10.362 10.799 
090324192526 0.728 14.138 28.615 10.156 8.251 9.664 10.796 
090324194026 0.845 14.119 28.601 10.142 8.250 9.626 10.844 
090324195526 0.909 14.096 28.393 10.143 8.250 9.854 10.857 
090324201026 0.920 14.079 28.385 10.133 8.249 10.263 10.833 
090324202526 0.869 14.032 28.596 10.135 8.249 10.043 10.800 
090324204026 0.870 14.051 28.367 10.121 8.250 10.742 10.845 
090324205526 0.794 14.036 28.326 10.118 8.250 11.159 10.857 
090324211026 0.775 14.029 28.405 10.111 8.249 9.854 10.823 
090324212526 0.765 14.019 28.289 10.107 8.249 10.757 10.797 
090324214026 0.755 14.016 28.353 10.098 8.248 13.141 10.844 
090324215526 0.844 14.010 28.391 10.089 8.247 11.546 10.856 
090324221026 0.875 14.021 28.734 10.080 8.246 12.845 10.794 
090324222526 0.809 14.024 28.307 10.072 8.246 10.878 10.790 
090324224026 0.763 14.034 28.318 10.065 8.246 10.484 10.840 
090324225526 0.751 14.033 28.308 10.059 8.245 10.734 10.853 
090324231026 0.847 14.035 28.236 10.053 8.245 10.271 10.834 
090324232526 0.823 14.030 28.244 10.050 8.244 10.309 10.799 
090324234026 0.764 14.036 28.317 10.045 8.244 10.818 10.846 
090324235526 0.897 14.036 28.622 10.041 8.245 11.023 10.857 
100324001026 0.731 14.037 28.199 10.037 8.245 10.241 10.834 
100324002526 0.608 14.033 28.252 10.033 8.245 9.967 10.800 
100324004026 0.802 14.024 28.147 10.032 8.246 10.787 10.846 
100324005526 0.744 14.038 28.176 10.027 8.246 10.263 10.858 
100324011026 0.849 14.040 28.179 10.024 8.246 10.909 10.795 
100324012526 0.794 14.047 28.207 10.020 8.246 9.565 10.794 
100324014026 0.760 14.046 28.146 10.014 8.246 10.742 10.843 
100324015526 0.738 14.073 28.158 10.005 8.247 9.922 10.856 
100324021026 0.766 14.063 28.311 10.003 8.248 8.730 10.834 
100324022526 0.801 14.058 28.128 9.999 8.248 12.169 10.800 
100324024026 0.648 14.079 28.147 9.990 8.249 9.056 10.846 
100324025526 0.835 14.083 28.192 9.984 8.249 9.838 10.858 
100324031026 0.841 14.079 28.126 9.980 8.249 9.838 10.796 
100324032526 0.779 14.081 28.100 9.973 8.249 11.121 10.794 
100324034026 0.777 14.069 28.100 9.971 8.250 8.829 10.843 
100324035526 0.723 14.059 28.079 9.968 8.250 8.404 10.856 
100324041026 0.665 14.065 28.071 9.964 8.250 9.261 10.835 
100324042526 0.711 14.034 28.081 9.967 8.250 9.945 10.800 
100324044026 0.826 14.046 28.050 9.962 8.249 8.905 10.846 
100324045526 0.597 14.056 28.067 9.955 8.249 10.036 10.858 
100324051026 0.720 14.036 28.034 9.960 8.249 9.603 10.834 
100324052526 0.821 14.027 28.046 9.959 8.249 9.891 10.800 
100324054026 0.529 14.041 28.024 9.951 8.248 9.307 10.846 
100324055526 0.894 14.052 28.025 9.947 8.248 8.814 10.858 
100324061026 0.646 14.057 28.015 9.942 8.248 11.023 10.835 
100324062526 0.713 14.052 28.010 9.941 8.249 9.611 10.800 
100324064026 0.783 14.055 27.993 9.936 8.249 8.988 10.845 
100324065526 0.740 14.048 27.986 9.936 8.249 9.003 10.856 
100324071026 0.754 14.047 27.991 9.932 8.249 10.620 10.796 
100324072526 0.637 14.052 28.096 9.927 8.249 8.571 10.793 
100324074026 0.767 14.065 28.364 9.923 8.250 9.451 10.842 
100324075526 0.748 14.064 28.041 9.922 8.250 8.434 10.855 
100324081026 0.731 14.049 28.010 9.923 8.250 11.607 10.833 
100324082526 0.809 14.063 28.054 9.918 8.249 13.551 10.813 
100324084026 0.658 14.068 28.087 9.917 8.249 9.732 10.848 
100324085526 0.428 14.068 28.099 9.916 8.250 12.564 10.858 
100324091026 0.791 14.066 28.205 9.914 8.250 9.527 10.835 
100324092526 0.700 14.063 28.103 9.915 8.251 9.299 10.812 
100324094026 0.745 14.064 27.987 9.914 8.251 8.988 10.848 
100324095526 0.760 14.070 28.022 9.913 8.250 9.231 10.859 
100324101026 0.828 14.068 27.981 9.915 8.250 9.322 10.795 
100324102526 0.714 14.069 28.046 9.915 8.250 8.229 10.794 
100324104026 0.760 14.064 27.968 9.917 8.250 8.282 10.842 
100324105526 0.694 14.051 27.950 9.919 8.250 8.540 10.855 
100324111026 0.769 14.048 28.139 9.922 8.250 8.024 10.834 
100324112526 0.837 14.067 27.979 9.918 8.249 8.237 10.798 
100324114026 0.728 14.052 27.916 9.924 8.249 7.417 10.845 
100324115526 0.903 14.060 27.878 9.926 8.249 5.883 10.857 
100324121026 0.811 14.056 27.836 9.933 8.249 4.198 10.829 
100324122526 0.850 14.006 27.781 9.954 8.249 3.052 10.800 
100324124026 0.721 14.015 27.713 9.959 8.249 3.333 10.846 
100324125526 0.723 14.046 27.713 9.961 8.247 2.627 10.857 
100324131026 0.792 14.084 27.679 9.959 8.248 2.604 10.795 
100324132526 0.774 14.105 27.655 9.961 8.249 2.490 10.794 
100324134026 0.721 14.133 27.666 9.965 8.250 2.558 10.842 
100324135526 0.813 14.175 27.798 9.963 8.252 2.126 10.856 
100324141026 0.740 14.177 27.800 9.978 8.253 2.596 10.833 
100324142526 0.811 14.206 27.770 9.973 8.253 2.611 10.799 
100324144026 0.716 14.206 27.772 9.982 8.255 2.832 10.845 
100324145526 0.752 14.214 27.759 9.989 8.255 2.961 10.858 
100324151026 0.682 14.200 27.754 9.997 8.255 3.697 10.833 
100324152526 0.824 14.185 27.755 10.016 8.254 3.864 10.801 
100324154026 0.808 14.165 27.766 10.028 8.253 3.651 10.846 
100324155526 0.742 14.162 27.733 10.038 8.251 3.469 10.858 
