SAMBAT Sea Ti  C/T/D/Odo/Fluo/pH GPS : 50195 
V:0,Pression (0/50),dba
V:1,Température (-5/35),°C
V:2,Salinité (2/42),g/l
V:3,Oxygène (0/20),mgl
V:4,PH (0/14),pH
V:5,Fluorescence (0/500),ppb
V:6,Tension batterie,V
310124142339 1.108 14.630 36.593 9.686 8.240 2.315 10.738 
310124143838 1.105 14.641 36.688 9.686 8.244 2.444 10.820 
310124145338 1.100 14.647 36.653 9.687 8.245 2.672 10.848 
310124150838 1.095 14.631 36.851 9.695 8.243 3.697 10.753 
310124152338 1.091 14.631 36.870 9.699 8.241 3.348 10.816 
310124153838 1.112 14.624 36.775 9.703 8.240 3.272 10.850 
310124155338 1.095 14.617 37.124 9.705 8.239 3.659 10.862 
310124160838 1.102 14.611 36.921 9.710 8.237 3.872 10.757 
310124162338 1.105 14.603 36.986 9.716 8.237 5.056 10.816 
310124163838 1.115 14.597 36.904 9.719 8.237 4.297 10.851 
310124165338 1.111 14.586 36.528 9.722 8.236 5.754 10.863 
310124170838 1.104 14.582 36.966 9.721 8.236 5.489 10.758 
310124172338 1.105 14.574 36.951 9.719 8.236 5.261 10.816 
310124173838 1.112 14.561 36.839 9.721 8.233 5.382 10.851 
310124175338 1.105 14.548 36.812 9.724 8.234 5.762 10.863 
310124180838 1.114 14.552 36.918 9.722 8.235 5.785 10.761 
310124182338 1.099 14.534 36.868 9.730 8.236 6.088 10.817 
310124183838 1.112 14.538 36.835 9.727 8.236 5.959 10.851 
310124185338 1.108 14.537 36.927 9.724 8.236 5.823 10.863 
310124190838 1.118 14.535 36.923 9.728 8.238 5.534 10.760 
310124192338 1.120 14.536 37.016 9.724 8.238 6.331 10.814 
310124193838 1.112 14.524 36.835 9.726 8.238 7.151 10.850 
310124195338 1.117 14.530 36.801 9.724 8.237 6.362 10.862 
310124200838 1.127 14.529 36.814 9.724 8.239 6.468 10.758 
310124202338 1.121 14.521 36.755 9.725 8.238 6.460 10.818 
310124203838 1.102 14.516 36.709 9.725 8.238 7.174 10.851 
310124205338 1.095 14.514 36.906 9.725 8.238 6.566 10.863 
310124210838 1.109 14.512 36.674 9.726 8.239 5.769 10.760 
310124212338 1.106 14.511 36.643 9.720 8.238 6.954 10.814 
310124213838 1.112 14.507 36.551 9.721 8.238 5.883 10.851 
310124215338 1.094 14.510 36.797 9.719 8.238 7.386 10.862 
310124220838 1.103 14.511 36.592 9.722 8.241 5.754 10.760 
310124222338 1.118 14.501 36.484 9.723 8.241 5.838 10.818 
310124223838 1.125 14.498 36.497 9.723 8.239 5.731 10.851 
310124225338 1.120 14.501 36.477 9.722 8.240 7.288 10.863 
310124230838 1.097 14.504 36.436 9.721 8.239 5.511 10.759 
310124232338 1.085 14.499 36.379 9.723 8.241 5.230 10.816 
310124233838 1.118 14.496 36.397 9.726 8.241 5.329 10.851 
310124235338 1.109 14.498 36.531 9.725 8.240 5.640 10.863 
010224000838 1.114 14.495 36.367 9.727 8.239 5.268 10.760 
010224002338 1.131 14.484 36.395 9.731 8.240 6.809 10.817 
010224003838 1.106 14.479 36.699 9.732 8.239 5.769 10.851 
010224005338 1.109 14.488 36.668 9.729 8.240 6.627 10.862 
010224010838 1.116 14.489 36.451 9.729 8.242 5.458 10.760 
010224012338 1.038 14.478 36.396 9.731 8.240 5.405 10.816 
010224013838 1.134 14.495 36.419 9.727 8.241 5.542 10.851 
010224015338 1.044 14.491 36.476 9.729 8.242 5.542 10.862 
010224020838 1.087 14.470 36.813 9.732 8.240 5.329 10.760 
010224022338 1.083 14.473 36.808 9.731 8.241 6.240 10.818 
010224023838 1.141 14.492 36.782 9.730 8.241 5.276 10.851 
010224025338 1.101 14.487 36.329 9.728 8.241 6.726 10.863 
010224030838 1.101 14.486 36.412 9.728 8.244 6.445 10.758 
010224032338 1.129 14.472 36.483 9.729 8.242 5.914 10.816 
010224033838 1.050 14.481 36.253 9.727 8.242 6.050 10.851 
010224035338 1.072 14.485 36.259 9.724 8.243 5.086 10.862 
010224040838 1.060 14.468 36.249 9.728 8.242 5.671 10.758 
010224042338 1.081 14.482 36.406 9.726 8.241 5.693 10.815 
010224043838 1.104 14.480 36.254 9.728 8.244 5.936 10.851 
010224045338 1.105 14.496 36.250 9.722 8.243 5.458 10.862 
010224050838 1.078 14.487 36.233 9.725 8.245 5.071 10.759 
010224052338 1.101 14.499 36.236 9.718 8.244 5.891 10.815 
010224053838 1.045 14.489 36.255 9.720 8.243 7.371 10.851 
010224055338 1.061 14.496 36.169 9.719 8.244 5.375 10.862 
010224060838 1.063 14.487 36.170 9.722 8.244 5.678 10.756 
010224062338 1.071 14.498 36.116 9.718 8.243 7.333 10.814 
010224063838 1.098 14.492 36.135 9.718 8.243 6.642 10.850 
010224065338 1.096 14.488 36.294 9.719 8.243 5.177 10.862 
010224070838 1.104 14.488 36.095 9.720 8.243 5.200 10.748 
010224072338 1.102 14.485 36.644 9.718 8.243 5.709 10.815 
010224073838 1.080 14.488 36.494 9.719 8.241 5.777 10.850 
010224075338 1.089 14.492 36.364 9.717 8.243 6.415 10.862 
010224080838 1.068 14.489 36.462 9.718 8.243 5.071 10.748 
010224082338 1.060 14.494 36.570 9.717 8.244 5.481 10.817 
010224083838 1.064 14.498 36.396 9.715 8.244 5.785 10.851 
010224085338 1.045 14.491 36.474 9.718 8.244 5.663 10.862 
010224090838 1.091 14.488 36.414 9.718 8.243 5.238 10.760 
010224092338 1.077 14.496 36.480 9.713 8.243 5.147 10.817 
010224093838 1.097 14.493 36.487 9.715 8.243 5.010 10.851 
010224095338 1.063 14.497 36.293 9.713 8.242 3.727 10.862 
010224100838 0.175 14.488 0.170 9.748 8.202 0.228 10.759 
010224102338 1.096 14.494 36.914 9.723 8.244 2.156 10.816 
010224103838 1.070 14.508 36.483 9.718 8.271 2.019 10.850 
010224105338 1.059 14.522 36.187 9.713 8.270 2.057 10.862 
010224110838 1.089 14.545 36.465 9.702 8.269 0.585 10.758 
010224112338 1.054 14.567 36.583 9.697 8.266 1.473 10.816 
010224113838 1.090 14.573 36.255 9.695 8.265 1.860 10.851 
010224115338 1.006 14.563 36.191 9.696 8.263 1.640 10.862 
010224120838 1.102 14.576 36.107 9.693 8.260 1.070 10.757 
010224122338 1.090 14.597 36.374 9.693 8.257 1.420 10.814 
010224123838 1.093 14.566 36.434 9.698 8.257 2.034 10.851 
010224125338 1.121 14.569 36.459 9.699 8.255 1.511 10.862 
010224130838 1.055 14.755 36.327 9.654 8.255 1.837 10.749 
010224132338 1.025 14.664 36.348 9.673 8.258 1.230 10.818 
010224133838 1.047 14.664 36.189 9.678 8.255 1.192 10.851 
010224135338 1.078 14.705 36.196 9.672 8.254 1.594 10.863 
010224140838 1.072 14.695 36.164 9.676 8.255 2.778 10.751 
010224142338 1.038 14.683 36.222 9.683 8.253 2.141 10.816 
