SAMBAT Sea Ti  C/T/D/Odo/Fluo/pH GPS : 50195 
V:0,Pression (0/50),dba
V:1,Température (-5/35),°C
V:2,Salinité (2/42),g/l
V:3,Oxygène (0/20),mgl
V:4,PH (0/14),pH
V:5,Fluorescence (0/500),ppb
V:6,Tension batterie,V
140124134306 0.881 14.731 39.409 9.524 8.241 3.112 10.741 
140124135805 0.951 14.737 39.410 9.524 8.242 5.458 10.821 
140124141305 0.871 14.728 39.407 9.530 8.241 5.246 10.833 
140124142805 0.903 14.727 39.408 9.532 8.240 5.997 10.829 
140124144305 0.849 14.733 39.411 9.534 8.241 3.651 10.851 
140124145805 0.921 14.735 39.411 9.535 8.243 4.889 10.860 
140124151305 0.934 14.731 39.409 9.540 8.241 4.547 10.833 
140124152805 0.898 14.797 39.421 9.523 8.250 5.033 10.831 
140124154305 0.853 14.791 39.421 9.524 8.248 8.009 10.852 
140124155805 0.906 14.786 39.407 9.527 8.245 5.420 10.862 
140124161305 0.917 14.791 39.415 9.527 8.243 4.927 10.847 
140124162805 0.899 14.789 39.407 9.529 8.242 5.405 10.835 
140124164305 0.872 14.780 39.413 9.530 8.241 6.574 10.855 
140124165805 0.855 14.777 39.413 9.532 8.241 5.656 10.863 
140124171305 0.859 14.782 39.400 9.531 8.241 6.984 10.848 
140124172805 0.865 14.777 39.399 9.532 8.239 6.354 10.835 
140124174305 0.901 14.770 39.409 9.533 8.239 6.460 10.855 
140124175805 0.850 14.760 39.410 9.535 8.241 6.065 10.864 
140124181305 0.845 14.773 39.406 9.528 8.239 6.847 10.835 
140124182805 0.886 14.767 39.404 9.530 8.239 6.141 10.832 
140124184305 0.879 14.763 39.405 9.529 8.241 6.840 10.854 
140124185805 0.812 14.764 39.402 9.529 8.239 7.197 10.863 
140124191305 0.848 14.742 39.411 9.538 8.238 6.642 10.849 
140124192805 0.856 14.755 39.408 9.528 8.239 6.635 10.835 
140124194305 0.867 14.756 39.399 9.527 8.239 6.870 10.855 
140124195805 0.871 14.757 39.400 9.524 8.239 7.288 10.863 
140124201305 0.857 14.744 39.398 9.529 8.238 6.696 10.849 
140124202805 0.896 14.747 39.393 9.528 8.237 6.331 10.836 
140124204305 0.809 14.748 39.397 9.526 8.239 6.726 10.856 
140124205805 0.819 14.733 39.366 9.528 8.237 5.952 10.864 
140124211305 0.853 14.751 39.393 9.521 8.242 5.132 10.835 
140124212805 0.876 14.748 39.394 9.519 8.238 7.075 10.833 
140124214305 0.819 14.741 39.427 9.516 8.239 6.756 10.854 
140124215805 0.884 14.747 39.408 9.514 8.239 6.210 10.863 
140124221305 0.826 14.745 39.382 9.512 8.239 6.187 10.848 
140124222805 0.871 14.740 39.395 9.514 8.239 7.257 10.835 
140124224305 0.823 14.733 39.391 9.515 8.237 5.861 10.855 
140124225805 0.832 14.719 39.387 9.517 8.236 5.914 10.863 
140124231305 0.763 14.738 39.404 9.512 8.239 6.103 10.848 
140124232805 0.852 14.728 39.407 9.514 8.238 6.582 10.835 
140124234305 0.810 14.714 39.401 9.516 8.237 6.665 10.855 
140124235805 0.858 14.725 39.395 9.514 8.238 6.726 10.864 
150124001305 0.861 14.732 39.408 9.512 8.239 7.591 10.835 
150124002805 0.834 14.741 39.391 9.510 8.243 6.445 10.833 
150124004305 0.819 14.726 39.403 9.513 8.238 6.566 10.854 
150124005805 0.783 14.743 39.397 9.508 8.241 5.876 10.863 
150124011305 0.856 14.734 39.417 9.510 8.240 7.804 10.849 
150124012805 0.872 14.728 39.409 9.510 8.238 5.557 10.836 
150124014305 0.743 14.736 39.409 9.508 8.239 6.119 10.855 
150124015805 0.842 14.727 39.370 9.509 8.238 6.498 10.864 
150124021305 0.834 14.741 39.390 9.504 8.241 6.794 10.836 
150124022805 0.801 14.741 39.391 9.504 8.240 5.397 10.833 
150124024305 0.833 14.740 39.398 9.503 8.239 6.961 10.854 
150124025805 0.849 14.736 39.384 9.506 8.240 6.012 10.863 
150124031305 0.758 14.725 39.377 9.508 8.237 5.823 10.849 
150124032805 0.805 14.728 39.400 9.508 8.236 6.741 10.836 
150124034305 0.815 14.724 39.370 9.508 8.239 7.515 10.855 
150124035805 0.807 14.713 39.382 9.511 8.238 5.557 10.864 
150124041305 0.789 14.713 39.388 9.513 8.237 7.113 10.847 
150124042805 0.852 14.730 39.382 9.509 8.242 5.739 10.835 
150124044305 0.717 14.720 39.396 9.510 8.239 6.119 10.855 
150124045805 0.831 14.715 39.368 9.511 8.239 5.496 10.864 
150124051305 0.831 14.726 39.399 9.511 8.241 6.802 10.835 
150124052805 0.680 14.727 39.376 9.510 8.239 6.346 10.832 
150124054305 0.825 14.726 39.370 9.511 8.238 5.830 10.854 
150124055805 0.820 14.711 39.381 9.516 8.238 5.238 10.863 
150124061305 0.801 14.726 39.389 9.512 8.239 6.749 10.849 
150124062805 0.686 14.717 39.377 9.513 8.240 5.413 10.836 
150124064305 0.866 14.721 39.367 9.511 8.241 4.547 10.856 
150124065805 0.676 14.720 39.374 9.511 8.240 6.263 10.864 
150124071305 0.843 14.717 39.350 9.510 8.239 5.602 10.849 
150124072805 0.814 14.718 39.353 9.510 8.238 5.375 10.835 
150124074305 0.726 14.722 39.341 9.508 8.238 5.663 10.855 
150124075805 0.803 14.713 39.335 9.509 8.240 5.845 10.864 
150124081305 0.930 14.721 39.328 9.505 8.239 6.278 10.848 
150124082805 0.813 14.710 39.339 9.507 8.238 5.003 10.835 
150124084305 0.759 14.713 39.350 9.506 8.238 5.063 10.856 
150124085805 0.799 14.703 39.331 9.509 8.236 3.925 10.864 
150124091305 0.858 14.714 39.330 9.503 8.239 4.585 10.836 
150124092805 0.923 14.707 39.316 9.505 8.237 3.317 10.833 
150124094305 0.709 14.715 39.342 9.502 8.240 3.135 10.854 
150124095805 0.641 14.712 39.346 9.503 8.240 3.021 10.863 
150124101305 0.630 14.712 39.341 9.503 8.239 2.573 10.849 
150124102805 0.855 14.715 39.368 9.502 8.238 2.361 10.836 
150124104305 0.870 14.718 39.336 9.501 8.238 2.490 10.855 
150124105805 0.824 14.722 39.328 9.501 8.239 2.968 10.864 
150124111305 0.699 14.723 39.326 9.500 8.240 2.687 10.849 
150124112805 0.732 14.728 39.322 9.498 8.239 2.217 10.835 
150124114305 0.785 14.731 39.335 9.497 8.238 2.414 10.855 
150124115805 0.748 14.727 39.319 9.499 8.239 2.505 10.863 
150124121305 0.850 14.731 39.314 9.499 8.239 2.391 10.835 
150124122805 0.839 14.743 39.310 9.496 8.241 2.133 10.833 
150124124305 0.885 14.749 39.320 9.495 8.242 2.262 10.854 
150124125805 0.817 14.747 39.320 9.497 8.240 2.270 10.863 
150124131305 0.734 14.747 39.319 9.499 8.239 2.095 10.845 
150124132805 0.763 14.745 39.312 9.502 8.238 2.338 10.835 
150124134305 0.844 14.748 39.361 9.502 8.239 1.936 10.855 
