SAMBAT Sea Ti  C/T/D/Odo/Fluo/pH GPS : 50195 
V:0,Pression (0/50),dba
V:1,Température (-5/35),°C
V:2,Salinité (2/42),g/l
V:3,Oxygène (0/20),mgl
V:4,PH (0/14),pH
V:5,Fluorescence (0/500),ppb
V:6,Tension batterie,V
010124131209 0.788 15.402 38.681 9.403 8.258 2.050 10.738 
010124132708 1.098 15.402 38.673 9.402 8.258 2.118 10.810 
010124134208 0.870 15.402 38.681 9.402 8.258 1.989 10.843 
010124135708 0.855 15.402 38.692 9.400 8.258 2.072 10.857 
010124141208 0.871 15.402 38.708 9.401 8.258 2.611 10.846 
010124142708 0.909 15.406 38.680 9.401 8.258 2.505 10.836 
010124144208 0.935 15.400 38.684 9.402 8.258 2.315 10.857 
010124145708 0.858 15.403 38.683 9.404 8.258 2.391 10.865 
010124151208 0.993 15.403 38.685 9.403 8.258 2.353 10.827 
010124152708 0.862 15.403 38.683 9.405 8.258 3.059 10.833 
010124154208 0.815 15.406 38.681 9.406 8.259 3.879 10.855 
010124155708 0.872 15.404 38.682 9.408 8.259 4.228 10.865 
010124161208 0.914 15.397 38.690 9.409 8.258 3.712 10.851 
010124162708 0.751 15.402 38.685 9.409 8.258 3.788 10.838 
010124164208 0.929 15.406 38.687 9.409 8.259 4.213 10.858 
010124165708 0.841 15.395 38.697 9.415 8.259 4.054 10.866 
010124171208 0.627 15.405 38.691 9.417 8.259 4.494 10.848 
010124172708 0.873 15.396 38.690 9.421 8.259 3.955 10.836 
010124174208 0.826 15.389 38.690 9.424 8.258 4.304 10.858 
010124175708 0.869 15.390 38.690 9.421 8.258 4.357 10.866 
010124181208 0.969 15.393 38.691 9.419 8.258 4.168 10.850 
010124182708 0.920 15.396 38.691 9.417 8.258 5.291 10.838 
010124184208 1.047 15.396 38.690 9.418 8.259 3.887 10.859 
010124185708 0.921 15.394 38.693 9.418 8.258 4.714 10.867 
010124191208 0.795 15.397 38.697 9.415 8.258 4.304 10.829 
010124192708 1.003 15.397 38.697 9.416 8.258 3.849 10.834 
010124194208 1.004 15.396 38.700 9.416 8.257 3.560 10.856 
010124195708 0.959 15.390 38.703 9.417 8.258 3.894 10.865 
010124201208 0.927 15.392 38.702 9.413 8.258 3.758 10.847 
010124202708 0.971 15.387 38.699 9.417 8.258 3.765 10.838 
010124204208 0.952 15.382 38.703 9.416 8.258 3.917 10.859 
010124205708 0.844 15.395 38.696 9.410 8.258 4.585 10.866 
010124211208 1.123 15.393 38.704 9.410 8.258 5.117 10.851 
010124212708 0.967 15.390 38.706 9.412 8.257 4.737 10.839 
010124214208 1.011 15.376 38.707 9.414 8.256 4.039 10.859 
010124215708 0.916 15.379 38.706 9.413 8.258 3.803 10.867 
010124221208 0.936 15.384 38.704 9.412 8.257 3.454 10.850 
010124222708 0.930 15.385 38.703 9.410 8.256 3.462 10.839 
010124224208 0.954 15.387 38.707 9.408 8.258 3.598 10.859 
010124225708 1.023 15.372 38.701 9.410 8.258 3.477 10.867 
010124231208 0.831 15.371 38.706 9.408 8.257 3.522 10.825 
010124232708 0.847 15.378 38.708 9.404 8.258 3.796 10.833 
010124234208 0.896 15.371 38.712 9.405 8.257 4.183 10.856 
010124235708 0.983 15.386 38.707 9.403 8.258 3.758 10.864 
020124001208 0.964 15.383 38.708 9.404 8.258 3.469 10.829 
020124002708 0.982 15.370 38.710 9.407 8.257 4.183 10.833 
020124004208 0.863 15.383 38.712 9.405 8.258 3.651 10.856 
020124005708 0.899 15.364 38.715 9.411 8.258 4.524 10.865 
020124011208 0.872 15.379 38.718 9.409 8.257 3.424 10.850 
020124012708 0.985 15.356 38.714 9.417 8.257 3.705 10.838 
020124014208 0.846 15.357 38.714 9.420 8.256 3.856 10.858 
020124015708 0.974 15.364 38.718 9.419 8.258 3.219 10.866 
020124021208 0.937 15.358 38.717 9.421 8.258 3.826 10.850 
020124022708 0.914 15.347 38.720 9.422 8.257 4.471 10.838 
020124024208 1.021 15.372 38.722 9.416 8.259 3.811 10.858 
020124025708 0.921 15.360 38.721 9.421 8.258 3.348 10.866 
020124031208 0.975 15.360 38.722 9.423 8.259 3.371 10.829 
020124032708 1.038 15.371 38.723 9.423 8.259 3.279 10.834 
020124034208 0.962 15.371 38.726 9.422 8.259 3.241 10.856 
020124035708 0.961 15.353 38.724 9.430 8.259 3.333 10.865 
020124041208 0.952 15.346 38.715 9.431 8.258 3.416 10.850 
020124042708 0.874 15.351 38.728 9.429 8.258 3.128 10.838 
020124044208 0.941 15.346 38.729 9.432 8.258 3.393 10.858 
020124045708 0.997 15.357 38.726 9.431 8.255 3.538 10.866 
020124051208 1.006 15.362 38.724 9.433 8.259 3.636 10.845 
020124052708 0.893 15.369 38.731 9.437 8.258 3.955 10.835 
020124054208 0.936 15.351 38.730 9.445 8.258 3.591 10.857 
020124055708 0.946 15.322 38.730 9.451 8.257 4.008 10.866 
020124061208 1.012 15.324 38.729 9.452 8.257 3.469 10.828 
020124062708 1.034 15.325 38.732 9.450 8.256 2.900 10.833 
020124064208 0.895 15.368 38.720 9.442 8.259 3.606 10.855 
020124065708 0.904 15.359 38.730 9.444 8.260 3.393 10.865 
020124071208 0.912 15.350 38.739 9.442 8.258 2.968 10.827 
020124072708 0.947 15.352 38.731 9.442 8.257 3.644 10.833 
020124074208 1.045 15.352 38.744 9.443 8.258 3.583 10.855 
020124075708 0.920 15.344 38.740 9.443 8.258 3.302 10.864 
020124081208 0.945 15.362 38.731 9.440 8.260 3.621 10.849 
020124082708 0.915 15.350 38.732 9.444 8.258 4.145 10.838 
020124084208 0.966 15.349 38.731 9.444 8.258 3.970 10.858 
020124085708 0.935 15.357 38.733 9.441 8.258 3.416 10.865 
020124091208 0.981 15.355 38.741 9.441 8.259 2.353 10.850 
020124092708 0.981 15.347 38.743 9.442 8.259 2.034 10.838 
020124094208 1.048 15.354 38.738 9.441 8.258 1.670 10.858 
020124095708 0.833 15.360 38.735 9.439 8.258 1.716 10.866 
020124101208 0.941 15.365 38.735 9.438 8.258 2.027 10.850 
020124102708 0.912 15.361 38.737 9.439 8.257 2.171 10.838 
020124104208 0.940 15.353 38.741 9.443 8.257 2.490 10.858 
020124105708 1.105 15.364 38.737 9.439 8.257 1.366 10.866 
020124111208 1.044 15.358 38.734 9.440 8.257 1.913 10.829 
020124112708 0.992 15.366 38.743 9.437 8.258 1.890 10.834 
020124114208 0.938 15.366 38.739 9.436 8.257 1.875 10.856 
020124115708 0.937 15.369 38.744 9.436 8.258 2.164 10.865 
020124121208 0.964 15.363 38.752 9.439 8.256 1.921 10.850 
020124122708 1.019 15.366 38.742 9.440 8.258 1.951 10.838 
020124124208 1.028 15.371 38.750 9.440 8.257 2.460 10.858 
020124125708 0.892 15.370 38.742 9.441 8.258 2.224 10.866 
020124131208 0.965 15.374 38.748 9.440 8.258 2.308 10.851 
