SAMBAT Sea Ti  C/T/D/Odo/Fluo/pH GPS : 50195 
V:0,Pression (0/50),dba
V:1,Température (-5/35),°C
V:2,Salinité (2/42),g/l
V:3,Oxygène (0/20),mgl
V:4,PH (0/14),pH
V:5,Fluorescence (0/500),ppb
V:6,Tension batterie,V
010324153620 0.796 14.222 32.206 9.985 8.255 6.513 10.738 
010324155119 0.876 14.224 32.284 9.989 8.255 7.151 10.818 
010324160619 0.875 14.235 32.441 9.989 8.255 7.925 10.844 
010324162119 0.795 14.234 32.415 9.990 8.255 8.328 10.846 
010324163619 0.825 14.237 32.345 9.991 8.255 8.692 10.839 
010324165119 0.774 14.235 32.347 9.993 8.255 7.766 10.855 
010324170619 0.759 14.232 32.359 9.994 8.255 7.971 10.862 
010324172119 0.832 14.229 32.310 9.995 8.255 8.388 10.843 
010324173619 0.849 14.226 32.645 9.996 8.255 7.052 10.839 
010324175119 0.869 14.232 32.055 9.996 8.255 7.682 10.855 
010324180619 0.886 14.225 32.279 9.995 8.255 11.106 10.862 
010324182119 0.840 14.233 32.093 9.992 8.255 9.747 10.854 
010324183619 0.769 14.234 32.134 9.989 8.255 7.948 10.842 
010324185119 0.663 14.240 32.059 9.985 8.255 8.684 10.857 
010324190619 0.896 14.239 32.113 9.984 8.255 7.098 10.864 
010324192119 0.850 14.238 32.218 9.979 8.255 8.965 10.854 
010324193619 0.862 14.240 32.259 9.975 8.254 7.455 10.842 
010324195119 0.877 14.234 32.214 9.973 8.254 7.151 10.857 
010324200619 0.870 14.218 32.210 9.972 8.254 6.157 10.864 
010324202119 0.888 14.192 32.980 9.977 8.253 7.356 10.844 
010324203619 0.844 14.179 32.200 9.978 8.252 6.134 10.840 
010324205119 0.828 14.181 32.174 9.976 8.251 6.445 10.856 
010324210619 0.900 14.183 32.162 9.972 8.250 6.346 10.862 
010324212119 0.848 14.178 32.628 9.971 8.249 6.301 10.855 
010324213619 0.888 14.171 31.979 9.968 8.249 6.430 10.842 
010324215119 0.831 14.173 31.810 9.965 8.249 6.787 10.857 
010324220619 0.919 14.176 32.002 9.961 8.248 6.787 10.863 
010324222119 0.904 14.170 32.023 9.960 8.248 5.769 10.854 
010324223619 0.795 14.173 32.029 9.958 8.249 5.511 10.842 
010324225119 0.839 14.175 32.287 9.954 8.249 6.415 10.857 
010324230619 0.898 14.169 32.209 9.951 8.250 5.580 10.863 
010324232119 0.874 14.163 32.246 9.949 8.250 5.542 10.844 
010324233619 0.930 14.161 32.246 9.945 8.250 6.688 10.839 
010324235119 0.755 14.156 32.324 9.944 8.249 6.149 10.855 
020324000619 0.905 14.153 32.175 9.942 8.249 7.022 10.862 
020324002119 0.844 14.143 32.173 9.943 8.249 6.286 10.854 
020324003619 0.813 14.143 32.187 9.939 8.249 5.747 10.842 
020324005119 0.855 14.150 32.215 9.936 8.249 6.384 10.856 
020324010619 0.819 14.169 32.199 9.929 8.249 8.054 10.863 
020324012119 0.872 14.158 32.215 9.928 8.250 7.083 10.851 
020324013619 0.797 14.145 32.099 9.929 8.250 6.635 10.840 
020324015119 0.884 14.143 32.048 9.927 8.250 6.642 10.856 
020324020619 0.805 14.137 31.969 9.927 8.250 6.665 10.863 
020324022119 0.903 14.100 32.137 9.938 8.249 7.622 10.842 
020324023619 0.781 13.976 32.027 9.970 8.248 5.519 10.838 
020324025119 0.765 13.951 31.878 9.973 8.248 6.976 10.854 
020324030619 0.856 13.967 31.812 9.969 8.248 5.648 10.861 
020324032119 0.906 13.958 31.703 9.962 8.247 5.982 10.852 
020324033619 0.766 13.970 31.743 9.946 8.246 5.177 10.840 
020324035119 0.904 13.956 31.590 9.961 8.246 4.737 10.855 
020324040619 0.756 13.977 32.243 9.938 8.245 5.610 10.861 
020324042119 0.886 14.019 31.614 9.926 8.245 5.580 10.852 
020324043619 0.752 14.019 31.686 9.924 8.246 6.369 10.840 
020324045119 0.917 14.005 31.580 9.925 8.246 6.984 10.855 
020324050619 0.898 14.003 31.774 9.926 8.247 6.612 10.861 
020324052119 0.878 13.947 31.987 9.944 8.248 6.111 10.842 
020324053619 0.872 13.965 31.778 9.936 8.248 6.779 10.837 
020324055119 0.867 14.003 31.900 9.918 8.248 7.477 10.853 
020324060619 0.922 13.982 31.895 9.922 8.249 6.506 10.860 
020324062119 0.906 13.952 31.802 9.934 8.249 7.136 10.852 
020324063619 0.934 13.919 31.979 9.939 8.249 7.994 10.840 
020324065119 0.787 13.986 31.629 9.914 8.248 6.301 10.855 
020324070619 0.918 13.940 31.622 9.928 8.248 6.582 10.861 
020324072119 0.852 13.951 31.547 9.925 8.248 6.392 10.844 
020324073619 0.870 13.973 31.622 9.915 8.248 6.081 10.838 
020324075119 0.896 13.890 31.565 9.938 8.248 5.473 10.854 
020324080619 0.931 13.823 31.536 9.959 8.247 4.904 10.860 
020324082119 0.840 13.805 31.517 9.964 8.245 2.725 10.852 
020324083619 0.906 13.849 31.483 9.956 8.243 2.619 10.839 
020324085119 0.914 13.877 31.539 9.949 8.241 2.239 10.854 
020324090619 0.865 13.905 31.513 9.950 8.241 2.201 10.860 
020324092119 0.987 13.938 31.481 9.952 8.241 2.277 10.852 
020324093619 0.866 13.967 31.746 9.956 8.244 2.065 10.839 
020324095119 0.864 13.978 31.725 9.957 8.247 1.921 10.854 
020324100619 0.936 13.965 31.683 9.979 8.248 1.571 10.861 
020324102119 0.868 13.954 32.088 9.996 8.249 2.057 10.841 
020324103619 0.877 13.981 31.921 9.998 8.250 2.277 10.837 
020324105119 0.847 14.053 31.934 9.993 8.250 2.057 10.853 
020324110619 0.850 14.063 31.879 10.004 8.253 1.260 10.860 
020324112119 0.932 14.157 31.944 9.988 8.255 2.133 10.851 
020324113619 0.944 14.204 32.059 9.989 8.258 1.754 10.840 
020324115119 0.846 14.183 31.978 10.016 8.258 1.852 10.855 
020324120619 0.926 14.131 32.021 10.048 8.257 1.822 10.862 
020324122119 0.819 14.263 32.000 10.032 8.259 1.678 10.842 
020324123619 0.803 14.391 31.995 10.015 8.259 1.822 10.838 
020324125119 0.898 14.323 32.007 10.051 8.262 1.867 10.855 
020324130619 0.941 14.427 32.013 10.043 8.262 1.366 10.862 
020324132119 0.817 14.502 32.021 10.047 8.265 1.184 10.854 
020324133619 0.875 14.604 32.009 10.033 8.267 1.799 10.842 
020324135119 0.799 14.530 32.031 10.070 8.267 1.867 10.858 
020324140619 0.818 14.575 32.017 10.071 8.262 1.784 10.865 
020324142119 0.929 14.478 32.023 10.124 8.258 2.460 10.845 
020324143619 0.756 14.447 32.066 10.144 8.254 2.740 10.841 
020324145119 0.866 14.348 31.995 10.188 8.249 3.037 10.857 
020324150619 0.891 14.476 32.510 10.160 8.248 3.386 10.864 
020324152119 0.948 14.349 31.912 10.203 8.245 3.705 10.855 
020324153619 0.825 14.275 31.887 10.230 8.243 4.471 10.843 
