SAMBAT Sea Ti  C/T/D/Odo/Fluo/pH GPS : 50195 
V:0,Pression (0/50),dba
V:1,Température (-5/35),°C
V:2,Salinité (2/42),g/l
V:3,Oxygène (0/20),mgl
V:4,PH (0/14),pH
V:5,Fluorescence (0/500),ppb
V:6,Tension batterie,V
050324154548 1.019 14.278 31.504 10.163 8.249 3.947 10.738 
050324160047 0.919 14.260 31.452 10.168 8.249 4.198 10.819 
050324161547 1.035 14.229 31.471 10.177 8.249 4.540 10.817 
050324163047 0.963 14.217 31.488 10.179 8.249 5.124 10.820 
050324164547 0.804 14.210 31.456 10.174 8.248 5.830 10.846 
050324170047 0.899 14.210 31.454 10.168 8.248 6.794 10.857 
050324171547 0.984 14.199 31.579 10.165 8.248 8.085 10.844 
050324173047 0.790 14.203 31.504 10.155 8.247 10.370 10.827 
050324174547 0.825 14.201 31.488 10.147 8.246 10.059 10.851 
050324180047 0.894 14.194 31.513 10.143 8.245 11.357 10.860 
050324181547 0.997 14.190 31.519 10.135 8.245 12.131 10.846 
050324183047 0.929 14.192 31.518 10.124 8.244 12.617 10.827 
050324184547 0.930 14.174 31.483 10.119 8.244 9.952 10.851 
050324190047 0.879 14.182 31.444 10.107 8.243 10.894 10.860 
050324191547 0.859 14.169 31.457 10.098 8.243 10.749 10.827 
050324193047 0.917 14.167 31.488 10.086 8.242 10.362 10.823 
050324194547 1.060 14.174 31.491 10.073 8.242 9.125 10.849 
050324200047 1.048 14.176 31.497 10.065 8.242 10.165 10.859 
050324201547 0.819 14.176 31.523 10.060 8.242 9.375 10.846 
050324203047 1.044 14.185 31.541 10.046 8.242 9.307 10.827 
050324204547 0.902 14.164 31.520 10.042 8.242 8.965 10.851 
050324210047 0.968 14.145 31.501 10.035 8.241 9.778 10.860 
050324211547 1.031 14.130 31.519 10.025 8.241 8.912 10.846 
050324213047 0.938 14.112 31.509 10.020 8.241 8.077 10.828 
050324214547 0.920 14.113 31.516 10.010 8.241 8.343 10.851 
050324220047 0.813 14.074 31.507 10.016 8.243 8.108 10.860 
050324221547 0.750 14.068 31.493 10.007 8.242 9.702 10.845 
050324223047 0.855 14.091 31.480 9.989 8.241 9.315 10.827 
050324224547 1.124 14.101 31.503 9.972 8.241 10.104 10.851 
050324230047 0.776 14.093 31.511 9.966 8.240 10.036 10.860 
050324231547 0.921 14.099 31.474 9.959 8.240 8.601 10.827 
050324233047 0.982 14.095 31.456 9.954 8.240 10.005 10.823 
050324234547 0.713 14.103 31.452 9.946 8.240 8.965 10.848 
060324000047 0.937 14.104 31.459 9.945 8.240 8.965 10.859 
060324001547 0.794 14.102 31.485 9.943 8.241 9.459 10.846 
060324003047 0.987 14.092 31.447 9.944 8.243 8.593 10.827 
060324004547 0.993 14.106 31.439 9.934 8.244 9.459 10.851 
060324010047 0.973 14.142 31.469 9.926 8.246 10.560 10.860 
060324011547 0.907 14.127 31.443 9.927 8.247 11.326 10.846 
060324013047 0.697 14.137 31.461 9.926 8.248 11.106 10.827 
060324014547 0.734 14.106 31.460 9.933 8.248 10.916 10.851 
060324020047 0.812 14.105 31.436 9.934 8.247 11.524 10.860 
060324021547 0.937 14.112 31.440 9.927 8.247 9.398 10.826 
060324023047 0.967 14.081 31.411 9.945 8.247 10.552 10.823 
060324024547 0.811 14.082 31.408 9.938 8.247 9.664 10.848 
060324030047 0.823 14.068 31.408 9.942 8.248 10.104 10.858 
060324031547 0.953 14.065 31.518 9.946 8.247 8.153 10.845 
060324033047 0.713 14.092 31.551 9.932 8.246 9.353 10.826 
060324034547 0.981 14.112 31.431 9.930 8.246 9.201 10.850 
060324040047 0.870 14.098 31.422 9.932 8.247 10.939 10.859 
060324041547 1.121 14.096 31.427 9.932 8.248 8.821 10.845 
060324043047 0.965 14.105 31.459 9.931 8.248 9.542 10.827 
060324044547 0.955 14.111 31.447 9.927 8.249 8.821 10.850 
060324050047 0.874 14.108 31.531 9.930 8.249 9.398 10.859 
060324051547 1.010 14.111 31.470 9.926 8.249 7.880 10.826 
060324053047 0.959 14.107 31.430 9.928 8.250 9.649 10.823 
060324054547 0.956 14.121 31.457 9.926 8.250 10.537 10.848 
060324060047 0.930 14.118 31.598 9.927 8.250 9.163 10.857 
060324061547 0.949 14.098 31.405 9.931 8.250 9.489 10.844 
060324063047 0.917 14.090 31.334 9.938 8.250 10.673 10.826 
060324064547 0.935 14.086 31.311 9.940 8.249 10.590 10.850 
060324070047 1.044 14.090 31.279 9.938 8.249 11.114 10.857 
060324071547 0.964 14.081 31.279 9.939 8.248 9.838 10.835 
060324073047 0.996 14.080 31.237 9.940 8.248 10.021 10.811 
060324074547 0.930 14.092 31.265 9.934 8.248 10.005 10.837 
060324080047 0.949 14.085 31.348 9.935 8.248 9.436 10.846 
060324081547 0.918 14.083 31.360 9.941 8.248 9.869 10.814 
060324083047 0.967 14.081 31.354 9.941 8.249 7.978 10.808 
060324084547 0.808 14.085 31.288 9.941 8.249 8.753 10.836 
060324090047 0.866 14.087 31.359 9.943 8.249 8.768 10.843 
060324091547 0.790 14.090 31.346 9.939 8.249 7.849 10.830 
060324093047 0.971 14.082 31.305 9.949 8.250 7.303 10.811 
060324094547 0.944 14.089 31.317 9.951 8.249 6.324 10.834 
060324100047 0.901 14.095 31.301 9.945 8.249 6.225 10.837 
060324101547 1.081 14.096 31.278 9.949 8.249 5.299 10.822 
060324103047 0.971 14.082 31.239 9.957 8.249 8.419 10.800 
060324104547 0.954 14.088 31.345 9.957 8.250 10.780 10.827 
060324110047 0.872 14.081 31.323 9.962 8.249 10.522 10.837 
060324111547 1.036 14.078 31.292 9.964 8.249 10.954 10.805 
060324113047 0.975 14.071 31.284 9.968 8.249 10.590 10.788 
060324114547 0.807 14.082 31.339 9.967 8.248 5.952 10.817 
060324120047 1.007 14.087 31.342 9.969 8.248 4.881 10.826 
060324121547 0.782 14.084 31.520 9.977 8.248 5.686 10.813 
060324123047 1.044 14.088 31.528 9.980 8.248 4.851 10.791 
060324124547 1.069 14.090 31.358 9.984 8.248 4.304 10.818 
060324130047 0.942 14.095 31.346 9.987 8.248 5.443 10.836 
060324131547 0.960 14.102 31.345 9.989 8.249 10.681 10.808 
060324133047 0.859 14.099 31.304 9.991 8.249 7.379 10.792 
060324134547 0.878 14.102 31.380 9.994 8.249 5.929 10.820 
060324140047 0.872 14.101 31.344 9.998 8.249 4.479 10.838 
060324141547 1.004 14.108 31.304 10.005 8.248 4.471 10.791 
060324143047 0.961 14.107 31.304 10.013 8.248 4.411 10.789 
060324144547 0.991 14.111 31.431 10.018 8.248 4.509 10.815 
060324150047 0.818 14.102 31.229 10.026 8.248 5.238 10.840 
060324151547 0.975 14.103 31.435 10.031 8.372 5.170 10.812 
060324153047 0.917 14.102 31.238 10.035 8.248 4.616 10.790 
060324154547 0.995 14.112 31.232 10.038 8.248 4.851 10.830 
