SAMBAT Sea Ti  C/T/D/Odo/Fluo/pH GPS : 50195 
V:0,Pression (0/50),dba
V:1,Température (-5/35),°C
V:2,Salinité (2/42),g/l
V:3,Oxygène (0/20),mgl
V:4,PH (0/14),pH
V:5,Fluorescence (0/500),ppb
V:6,Tension batterie,V
120224145247 0.639 14.347 36.325 9.858 8.243 2.794 10.741 
120224150746 0.921 14.348 36.371 9.860 8.243 2.847 10.822 
120224152246 0.788 14.346 36.320 9.866 8.243 3.363 10.796 
120224153746 0.809 14.332 36.286 9.872 8.243 4.122 10.842 
120224155246 0.824 14.337 36.245 9.871 8.242 4.433 10.856 
120224160746 0.773 14.328 36.273 9.873 8.242 5.458 10.862 
120224162246 0.819 14.332 36.291 9.873 8.242 6.566 10.806 
120224163746 0.808 14.326 36.214 9.874 8.242 6.263 10.848 
120224165246 0.627 14.330 36.204 9.874 8.242 6.954 10.860 
120224170746 0.773 14.325 36.218 9.872 8.242 7.402 10.865 
120224172246 0.848 14.319 36.463 9.879 8.242 6.999 10.803 
120224173746 0.808 14.319 36.306 9.878 8.242 7.250 10.846 
120224175246 0.794 14.323 36.264 9.870 8.242 6.658 10.860 
120224180746 0.850 14.314 36.201 9.875 8.242 6.346 10.865 
120224182246 0.885 14.313 36.256 9.874 8.242 9.155 10.818 
120224183746 0.772 14.303 36.202 9.875 8.241 8.153 10.852 
120224185246 0.878 14.296 36.248 9.875 8.241 9.148 10.862 
120224190746 0.762 14.301 36.199 9.870 8.241 7.652 10.867 
120224192246 0.887 14.291 36.156 9.870 8.241 6.703 10.818 
120224193746 0.902 14.289 36.237 9.866 8.241 6.961 10.852 
120224195246 0.950 14.281 36.247 9.863 8.241 7.288 10.862 
120224200746 0.852 14.287 36.265 9.861 8.241 6.384 10.867 
120224202246 0.927 14.282 36.235 9.859 8.241 8.032 10.805 
120224203746 0.892 14.283 36.340 9.856 8.241 8.275 10.847 
120224205246 0.894 14.286 36.172 9.852 8.240 6.134 10.860 
120224210746 0.932 14.265 36.173 9.855 8.241 6.931 10.866 
120224212246 0.853 14.286 36.227 9.845 8.240 8.161 10.808 
120224213746 0.891 14.286 36.119 9.842 8.240 6.855 10.849 
120224215246 0.945 14.233 36.134 9.849 8.241 7.485 10.861 
120224220746 0.879 14.228 36.126 9.849 8.241 6.863 10.866 
120224222246 0.837 14.245 36.101 9.844 8.240 6.992 10.807 
120224223746 0.905 14.239 36.113 9.842 8.241 8.738 10.849 
120224225246 0.912 14.247 36.201 9.839 8.241 7.789 10.861 
120224230746 0.885 14.249 36.135 9.838 8.241 6.916 10.866 
120224232246 0.961 14.242 36.179 9.839 8.241 7.272 10.803 
120224233746 0.883 14.236 36.107 9.837 8.241 7.052 10.846 
120224235246 0.877 14.223 36.103 9.839 8.241 7.660 10.859 
130224000746 0.866 14.226 36.051 9.837 8.242 6.999 10.865 
130224002246 0.888 14.269 36.082 9.830 8.242 7.242 10.807 
130224003746 0.869 14.278 36.029 9.824 8.243 7.075 10.848 
130224005246 0.939 14.278 36.166 9.824 8.245 7.455 10.860 
130224010746 0.907 14.283 36.067 9.821 8.246 7.956 10.866 
130224012246 0.837 14.278 36.010 9.822 8.246 8.768 10.807 
130224013746 0.939 14.284 36.055 9.819 8.246 7.068 10.849 
130224015246 0.865 14.276 36.013 9.820 8.246 9.102 10.861 
130224020746 0.876 14.265 35.865 9.823 8.246 8.388 10.866 
130224022246 0.828 14.278 35.984 9.819 8.245 7.493 10.804 
130224023746 0.892 14.281 35.971 9.820 8.245 7.918 10.847 
130224025246 0.888 14.286 36.265 9.816 8.245 8.335 10.860 
130224030746 0.961 14.278 35.983 9.821 8.245 7.660 10.865 
130224032246 0.864 14.283 36.087 9.817 8.245 6.703 10.808 
130224033746 0.965 14.253 36.261 9.823 8.245 7.333 10.849 
130224035246 0.913 14.271 35.997 9.818 8.245 12.632 10.861 
130224040746 0.986 14.271 35.978 9.819 8.245 7.607 10.866 
130224042246 0.896 14.263 35.989 9.820 8.244 7.447 10.814 
130224043746 0.867 14.281 35.911 9.813 8.244 7.030 10.850 
130224045246 0.926 14.277 35.997 9.814 8.244 7.941 10.861 
130224050746 0.852 14.291 35.884 9.809 8.244 7.561 10.866 
130224052246 0.932 14.287 35.881 9.810 8.245 7.834 10.818 
130224053746 0.883 14.281 36.164 9.809 8.245 6.498 10.852 
130224055246 0.911 14.277 36.084 9.810 8.245 8.009 10.862 
130224060746 0.982 14.281 35.856 9.811 8.244 6.529 10.867 
130224062246 0.951 14.287 36.277 9.805 8.245 7.174 10.802 
130224063746 0.896 14.283 36.091 9.804 8.245 5.830 10.847 
130224065246 0.908 14.288 36.280 9.803 8.246 6.453 10.860 
130224070746 0.950 14.282 36.090 9.802 8.246 6.954 10.866 
130224072246 0.977 14.290 35.806 9.799 8.244 6.825 10.813 
130224073746 0.932 14.285 36.000 9.799 8.244 8.563 10.850 
130224075246 0.917 14.270 35.812 9.802 8.244 6.536 10.861 
130224080746 0.963 14.280 35.881 9.801 8.244 5.898 10.866 
130224082246 1.004 14.287 35.841 9.795 8.244 6.202 10.801 
130224083746 0.988 14.278 36.093 9.797 8.244 5.329 10.847 
130224085246 0.905 14.287 36.292 9.795 8.244 2.991 10.860 
130224090746 0.933 14.296 36.370 9.793 8.244 3.249 10.866 
130224092246 0.894 14.294 35.887 9.795 8.244 2.915 10.808 
130224093746 0.970 14.296 35.756 9.795 8.244 2.551 10.849 
130224095246 0.916 14.304 35.887 9.794 8.244 2.756 10.861 
130224100746 0.971 14.318 35.798 9.793 8.244 2.566 10.866 
130224102246 0.914 14.332 36.018 9.788 8.243 1.761 10.807 
130224103746 0.950 14.347 35.962 9.788 8.244 2.080 10.849 
130224105246 0.942 14.357 35.816 9.789 8.245 1.860 10.861 
130224110746 0.954 14.387 35.957 9.787 8.246 1.959 10.866 
130224112246 1.000 14.402 36.019 9.786 8.247 1.807 10.808 
130224113746 0.959 14.417 36.155 9.787 8.248 1.609 10.850 
130224115246 0.961 14.434 35.793 9.783 8.250 1.533 10.862 
130224120746 0.943 14.504 35.991 9.772 8.249 1.518 10.867 
130224122246 0.925 14.522 35.937 9.775 8.251 1.389 10.805 
130224123746 0.942 14.498 35.731 9.792 8.251 1.943 10.848 
130224125246 0.971 14.642 36.140 9.749 8.253 1.867 10.862 
130224130746 0.894 14.674 36.001 9.759 8.255 2.406 10.868 
130224132246 0.994 14.647 35.853 9.776 8.256 1.359 10.811 
130224133746 0.995 14.629 35.803 9.789 8.254 1.860 10.852 
130224135246 0.916 14.657 35.711 9.784 8.251 1.230 10.864 
130224140746 0.974 14.659 35.768 9.789 8.251 1.754 10.869 
130224142246 0.917 14.671 35.695 9.796 8.251 1.587 10.810 
130224143746 0.987 14.726 35.726 9.790 8.250 1.822 10.852 
130224145246 0.984 14.754 35.691 9.790 8.251 2.080 10.864 
