SAMBAT Sea Ti  C/T/D/Odo/Fluo/pH GPS : 50195 
V:0,Pression (0/50),dba
V:1,Température (-5/35),°C
V:2,Salinité (2/42),g/l
V:3,Oxygène (0/20),mgl
V:4,PH (0/14),pH
V:5,Fluorescence (0/500),ppb
V:6,Tension batterie,V
020124131430 1.012 15.373 38.741 9.443 8.258 1.655 10.742 
020124132929 1.069 15.374 38.747 9.444 8.257 1.890 10.815 
020124134429 0.915 15.376 38.743 9.445 8.257 2.164 10.845 
020124135929 0.944 15.367 38.750 9.448 8.257 2.604 10.859 
020124141429 0.891 15.370 38.774 9.445 8.257 1.974 10.832 
020124142929 1.017 15.370 38.749 9.448 8.258 2.338 10.837 
020124144429 0.964 15.372 38.756 9.450 8.257 2.862 10.857 
020124145929 0.888 15.369 38.751 9.450 8.256 2.315 10.864 
020124151429 1.025 15.366 38.756 9.453 8.256 2.945 10.835 
020124152929 1.001 15.373 38.751 9.450 8.258 3.940 10.838 
020124154429 0.863 15.369 38.757 9.451 8.258 3.606 10.857 
020124155929 0.964 15.342 38.755 9.456 8.255 3.211 10.865 
020124161429 0.843 15.354 38.766 9.454 8.257 3.219 10.853 
020124162929 0.985 15.346 38.760 9.455 8.258 4.327 10.843 
020124164429 0.969 15.358 38.760 9.454 8.258 5.063 10.860 
020124165929 0.867 15.340 38.765 9.457 8.258 5.678 10.866 
020124171429 0.879 15.350 38.759 9.456 8.257 4.517 10.836 
020124172929 0.930 15.341 38.763 9.456 8.257 3.841 10.839 
020124174429 0.931 15.334 38.758 9.458 8.257 4.198 10.858 
020124175929 0.829 15.363 38.759 9.452 8.256 4.449 10.866 
020124181429 0.906 15.350 38.766 9.455 8.258 3.302 10.853 
020124182929 1.054 15.352 38.760 9.452 8.256 3.659 10.843 
020124184429 0.997 15.349 38.764 9.454 8.256 3.651 10.860 
020124185929 0.981 15.322 38.768 9.457 8.256 4.896 10.867 
020124191429 0.869 15.321 38.770 9.455 8.256 3.378 10.836 
020124192929 0.855 15.348 38.770 9.449 8.257 4.904 10.839 
020124194429 0.848 15.351 38.765 9.447 8.258 3.894 10.858 
020124195929 0.877 15.352 38.761 9.447 8.258 3.902 10.866 
020124201429 0.989 15.351 38.764 9.446 8.257 4.228 10.853 
020124202929 0.920 15.333 38.772 9.448 8.258 3.386 10.843 
020124204429 0.936 15.356 38.763 9.444 8.257 4.137 10.860 
020124205929 0.866 15.325 38.775 9.446 8.256 4.707 10.867 
020124211429 0.947 15.355 38.770 9.440 8.258 3.750 10.836 
020124212929 0.981 15.341 38.764 9.442 8.256 4.145 10.839 
020124214429 0.959 15.348 38.792 9.442 8.258 3.705 10.858 
020124215929 0.886 15.333 38.760 9.447 8.255 4.001 10.866 
020124221429 1.001 15.360 38.773 9.440 8.257 4.190 10.853 
020124222929 0.803 15.335 38.774 9.444 8.258 3.371 10.843 
020124224429 0.916 15.346 38.777 9.442 8.257 3.522 10.860 
020124225929 0.923 15.328 38.776 9.444 8.256 3.477 10.867 
020124231429 0.929 15.335 38.778 9.441 8.257 3.560 10.852 
020124232929 0.945 15.332 38.781 9.439 8.256 3.856 10.843 
020124234429 0.852 15.341 38.771 9.439 8.257 2.907 10.860 
020124235929 0.814 15.317 38.794 9.444 8.256 3.560 10.867 
030124001429 0.880 15.329 38.780 9.443 8.256 3.211 10.836 
030124002929 0.915 15.343 38.789 9.438 8.256 3.006 10.839 
030124004429 0.752 15.335 38.789 9.438 8.256 3.910 10.858 
030124005929 0.873 15.347 38.791 9.437 8.256 3.826 10.866 
030124011429 0.855 15.337 38.788 9.438 8.255 3.963 10.855 
030124012929 0.889 15.343 38.783 9.438 8.258 3.211 10.843 
030124014429 0.908 15.341 38.788 9.438 8.256 3.500 10.860 
030124015929 0.869 15.343 38.802 9.439 8.256 3.378 10.867 
030124021429 0.885 15.337 38.800 9.439 8.258 3.993 10.855 
030124022929 0.840 15.331 38.805 9.441 8.256 3.188 10.844 
030124024429 0.846 15.332 38.801 9.440 8.257 3.371 10.860 
030124025929 0.835 15.333 38.807 9.438 8.256 3.257 10.867 
030124031429 0.840 15.327 38.805 9.441 8.256 3.864 10.836 
030124032929 0.806 15.323 38.812 9.440 8.258 3.598 10.839 
030124034429 0.859 15.343 38.806 9.437 8.257 3.317 10.858 
030124035929 0.838 15.319 38.804 9.443 8.258 3.621 10.866 
030124041429 0.895 15.328 38.806 9.440 8.259 3.378 10.854 
030124042929 0.872 15.318 38.820 9.438 8.258 3.264 10.843 
030124044429 0.922 15.333 38.816 9.437 8.258 3.947 10.860 
030124045929 0.802 15.330 38.822 9.437 8.256 3.279 10.866 
030124051429 0.917 15.306 38.815 9.441 8.257 3.287 10.854 
030124052929 0.947 15.324 38.811 9.437 8.257 3.910 10.843 
030124054429 0.853 15.340 38.812 9.431 8.258 3.834 10.860 
030124055929 0.832 15.319 38.833 9.433 8.256 3.462 10.867 
030124061429 0.875 15.330 38.821 9.431 8.257 3.651 10.836 
030124062929 0.827 15.326 38.820 9.431 8.256 3.818 10.839 
030124064429 0.897 15.332 38.819 9.431 8.257 3.211 10.858 
030124065929 0.838 15.332 38.817 9.430 8.257 3.735 10.866 
030124071429 0.912 15.330 38.822 9.431 8.256 3.591 10.853 
030124072929 0.897 15.320 38.821 9.433 8.258 3.955 10.843 
030124074429 0.882 15.323 38.830 9.431 8.256 4.783 10.860 
030124075929 0.891 15.335 38.817 9.426 8.257 3.310 10.867 
030124081429 0.833 15.330 38.817 9.426 8.257 3.333 10.854 
030124082929 0.875 15.320 38.818 9.430 8.255 4.274 10.843 
030124084429 0.813 15.317 38.829 9.429 8.255 2.801 10.860 
030124085929 0.946 15.317 38.824 9.429 8.258 2.877 10.867 
030124091429 0.787 15.304 38.822 9.432 8.258 3.158 10.836 
030124092929 0.849 15.314 38.828 9.429 8.257 2.331 10.838 
030124094429 0.911 15.331 38.828 9.424 8.258 1.723 10.857 
030124095929 0.950 15.332 38.820 9.424 8.257 1.890 10.866 
030124101429 0.917 15.341 38.826 9.421 8.257 1.450 10.853 
030124102929 0.951 15.352 38.833 9.422 8.256 1.579 10.843 
030124104429 0.846 15.364 38.841 9.421 8.256 1.435 10.860 
030124105929 0.986 15.398 38.848 9.411 8.257 1.503 10.866 
030124111429 0.899 15.440 38.840 9.399 8.257 1.351 10.854 
030124112929 0.859 15.436 38.849 9.401 8.259 3.560 10.844 
030124114429 0.840 15.418 38.846 9.410 8.257 1.807 10.861 
030124115929 0.901 15.416 38.845 9.414 8.256 2.323 10.867 
030124121429 0.902 15.402 38.853 9.423 8.256 1.913 10.836 
030124122929 0.862 15.409 38.850 9.425 8.257 2.110 10.839 
030124124429 0.985 15.389 38.852 9.430 8.256 1.822 10.858 
030124125929 0.819 15.391 38.848 9.433 8.256 2.847 10.866 
030124131429 0.874 15.388 38.853 9.435 8.257 2.308 10.853 
