SAMBAT Sea Ti  C/T/D/Odo/Fluo/pH GPS : 50195 
V:0,Pression (0/50),dba
V:1,Température (-5/35),°C
V:2,Salinité (2/42),g/l
V:3,Oxygène (0/20),mgl
V:4,PH (0/14),pH
V:5,Fluorescence (0/500),ppb
V:6,Tension batterie,V
040224143308 1.001 14.785 36.056 9.706 8.249 1.306 10.742 
040224144807 1.012 14.854 36.036 9.692 8.247 1.032 10.824 
040224150307 0.999 14.882 36.061 9.687 8.248 0.888 10.851 
040224151807 1.066 14.894 36.092 9.686 8.250 1.169 10.850 
040224153307 1.084 14.919 36.055 9.686 8.250 1.495 10.844 
040224154807 1.027 14.908 36.085 9.690 8.250 2.217 10.861 
040224160307 0.993 14.900 36.056 9.692 8.248 1.837 10.868 
040224161807 1.016 14.852 36.004 9.711 8.246 2.042 10.856 
040224163307 0.995 14.782 36.214 9.727 8.244 2.543 10.847 
040224164807 1.048 14.737 36.262 9.743 8.248 3.044 10.862 
040224170307 1.023 14.720 36.040 9.746 8.247 3.500 10.869 
040224171807 1.013 14.685 36.056 9.754 8.246 5.329 10.848 
040224173307 1.085 14.671 36.026 9.760 8.246 4.274 10.845 
040224174807 1.056 14.668 36.012 9.760 8.245 4.039 10.861 
040224180307 1.076 14.655 36.048 9.761 8.245 5.109 10.868 
040224181807 1.041 14.638 36.082 9.768 8.245 4.593 10.857 
040224183307 1.062 14.644 36.078 9.764 8.244 4.790 10.847 
040224184807 1.047 14.655 36.090 9.754 8.243 4.236 10.862 
040224190307 1.040 14.669 36.074 9.748 8.241 4.669 10.868 
040224191807 1.023 14.664 36.084 9.748 8.240 4.145 10.856 
040224193307 1.051 14.659 36.354 9.748 8.239 4.418 10.846 
040224194807 1.085 14.650 36.133 9.747 8.238 3.689 10.862 
040224200307 1.029 14.650 36.228 9.747 8.238 4.464 10.868 
040224201807 1.041 14.642 36.209 9.752 8.238 3.750 10.856 
040224203307 1.080 14.634 36.200 9.751 8.237 4.023 10.846 
040224204807 1.043 14.631 36.184 9.751 8.237 4.168 10.861 
040224210307 1.065 14.628 36.147 9.751 8.236 4.783 10.868 
040224211807 1.013 14.622 36.180 9.749 8.236 3.879 10.857 
040224213307 1.055 14.610 36.257 9.749 8.235 4.092 10.846 
040224214807 1.047 14.616 36.277 9.744 8.235 4.092 10.862 
040224220307 1.036 14.616 36.130 9.743 8.235 3.773 10.868 
040224221807 1.038 14.616 36.207 9.742 8.234 4.001 10.857 
040224223307 1.044 14.645 36.186 9.730 8.234 3.720 10.846 
040224224807 1.088 14.654 36.205 9.724 8.235 4.236 10.862 
040224230307 1.048 14.663 36.132 9.724 8.238 3.826 10.868 
040224231807 1.091 14.652 36.152 9.728 8.240 3.917 10.857 
040224233307 1.081 14.642 36.197 9.733 8.241 4.213 10.847 
040224234807 1.026 14.615 36.246 9.740 8.240 4.152 10.862 
050224000307 1.042 14.600 36.217 9.743 8.238 4.927 10.868 
050224001807 1.077 14.592 36.239 9.745 8.237 4.039 10.857 
050224003307 1.056 14.579 36.218 9.747 8.236 4.798 10.846 
050224004807 1.061 14.571 36.217 9.749 8.236 4.752 10.862 
050224010307 1.011 14.563 36.193 9.752 8.236 4.190 10.868 
050224011807 1.027 14.530 36.361 9.768 8.238 4.388 10.857 
050224013307 1.057 14.518 36.251 9.774 8.238 4.190 10.846 
050224014807 1.049 14.499 36.144 9.784 8.242 5.094 10.861 
050224020307 1.031 14.409 36.073 9.821 8.246 5.162 10.867 
050224021807 1.092 14.465 36.166 9.800 8.244 3.811 10.857 
050224023307 1.039 14.429 36.227 9.826 8.246 4.555 10.846 
050224024807 1.063 14.424 36.306 9.836 8.247 4.957 10.861 
050224030307 1.042 14.493 36.367 9.816 8.238 5.443 10.867 
050224031807 1.003 14.493 36.344 9.815 8.234 5.845 10.855 
050224033307 1.031 14.483 36.045 9.819 8.234 4.919 10.844 
050224034807 1.058 14.479 36.171 9.821 8.234 12.488 10.860 
050224040307 1.052 14.467 36.133 9.821 8.234 4.661 10.867 
050224041807 1.034 14.477 36.155 9.821 8.234 4.896 10.854 
050224043307 1.057 14.459 36.245 9.823 8.235 4.836 10.845 
050224044807 1.025 14.455 36.156 9.821 8.235 6.028 10.860 
050224050307 1.055 14.465 36.176 9.820 8.235 4.623 10.867 
050224051807 1.083 14.459 36.150 9.820 8.235 5.967 10.856 
050224053307 1.083 14.445 36.148 9.824 8.235 5.132 10.845 
050224054807 1.079 14.467 36.161 9.818 8.235 6.771 10.860 
050224060307 1.037 14.454 36.220 9.822 8.236 5.413 10.867 
050224061807 1.057 14.443 36.147 9.825 8.236 5.693 10.854 
050224063307 1.024 14.449 36.215 9.824 8.236 6.202 10.844 
050224064807 0.992 14.451 36.212 9.822 8.236 7.978 10.860 
050224070307 1.013 14.448 36.187 9.821 8.236 5.451 10.866 
050224071807 1.025 14.435 36.329 9.821 8.237 5.428 10.855 
050224073307 1.072 14.441 36.266 9.817 8.237 6.331 10.844 
050224074807 1.035 14.441 36.196 9.813 8.238 5.921 10.860 
050224080307 1.040 14.434 36.180 9.805 8.238 5.466 10.866 
050224081807 1.083 14.440 36.195 9.797 8.238 4.775 10.854 
050224083307 1.055 14.429 36.231 9.794 8.239 4.449 10.844 
050224084807 1.060 14.443 36.310 9.782 8.239 4.350 10.860 
050224090307 1.032 14.444 36.245 9.775 8.240 4.357 10.866 
050224091807 1.034 14.439 36.268 9.774 8.240 4.274 10.855 
050224093307 1.054 14.441 36.246 9.775 8.240 2.740 10.845 
050224094807 1.028 14.447 36.252 9.772 8.240 3.416 10.860 
050224100307 1.045 14.453 36.334 9.771 8.239 2.141 10.866 
050224101807 1.037 14.453 36.265 9.773 8.240 1.784 10.855 
050224103307 1.058 14.472 36.213 9.769 8.241 1.822 10.845 
050224104807 1.004 14.510 36.236 9.762 8.242 1.670 10.860 
050224110307 1.048 14.531 36.317 9.759 8.242 1.625 10.866 
050224111807 1.052 14.554 36.339 9.752 8.245 1.306 10.855 
050224113307 1.050 14.601 36.225 9.749 8.247 1.328 10.845 
050224114807 1.074 14.576 36.193 9.754 8.249 1.283 10.861 
050224120307 1.013 14.581 36.203 9.757 8.249 0.835 10.867 
050224121807 1.034 14.645 36.239 9.742 8.249 0.911 10.856 
050224123307 1.026 14.734 36.220 9.724 8.251 0.827 10.846 
050224124807 1.038 14.746 36.234 9.732 8.252 1.397 10.862 
050224130307 1.019 14.795 36.553 9.719 8.253 0.607 10.868 
050224131807 1.005 14.833 36.178 9.716 8.253 1.268 10.849 
050224133307 1.056 14.842 36.224 9.723 8.255 0.835 10.845 
050224134807 1.047 14.906 36.210 9.709 8.257 1.184 10.862 
050224140307 1.033 14.869 36.204 9.731 8.256 0.987 10.869 
050224141807 1.014 14.891 36.220 9.725 8.254 1.146 10.858 
050224143307 1.008 14.862 36.235 9.738 8.253 1.215 10.848 
