SAMBAT Sea Ti  C/T/D/Odo/Fluo/pH GPS : 50195 
V:0,Pression (0/50),dba
V:1,Température (-5/35),°C
V:2,Salinité (2/42),g/l
V:3,Oxygène (0/20),mgl
V:4,PH (0/14),pH
V:5,Fluorescence (0/500),ppb
V:6,Tension batterie,V
030124131647 0.919 15.389 38.844 9.440 8.256 2.391 10.743 
030124133146 0.970 15.385 38.864 9.442 8.256 1.989 10.818 
030124134646 0.889 15.384 38.865 9.445 8.256 2.133 10.847 
030124140146 0.823 15.384 38.808 9.448 8.255 3.211 10.860 
030124141646 0.856 15.386 38.805 9.449 8.257 3.029 10.847 
030124143146 0.777 15.389 38.857 9.450 8.255 2.239 10.844 
030124144646 0.823 15.386 38.863 9.454 8.257 3.196 10.860 
030124150146 0.867 15.377 38.861 9.459 8.256 3.340 10.866 
030124151646 0.813 15.378 38.864 9.460 8.255 3.667 10.841 
030124153146 0.794 15.361 38.866 9.468 8.256 4.160 10.843 
030124154646 1.008 15.360 38.869 9.471 8.257 3.932 10.860 
030124160146 0.831 15.368 38.864 9.470 8.256 3.287 10.866 
030124161646 0.815 15.362 38.855 9.475 8.255 3.446 10.855 
030124163146 0.910 15.344 38.863 9.477 8.256 3.181 10.847 
030124164646 0.813 15.358 38.861 9.476 8.256 3.591 10.862 
030124170146 0.919 15.356 38.871 9.476 8.256 3.910 10.868 
030124171646 0.829 15.363 38.873 9.475 8.257 3.583 10.856 
030124173146 0.855 15.355 38.875 9.473 8.255 3.264 10.848 
030124174646 0.886 15.341 38.873 9.473 8.257 3.651 10.862 
030124180146 0.746 15.344 38.874 9.473 8.257 3.826 10.868 
030124181646 0.793 15.344 38.879 9.472 8.255 3.902 10.842 
030124183146 0.809 15.332 38.877 9.474 8.257 4.623 10.844 
030124184646 0.778 15.332 38.872 9.471 8.256 3.348 10.860 
030124190146 0.987 15.341 38.879 9.471 8.257 3.598 10.867 
030124191646 0.803 15.349 38.865 9.471 8.255 3.674 10.856 
030124193146 0.853 15.338 38.869 9.471 8.256 4.054 10.848 
030124194646 0.863 15.341 38.883 9.469 8.256 4.388 10.862 
030124200146 0.940 15.325 38.876 9.473 8.256 3.659 10.868 
030124201646 0.946 15.320 38.893 9.472 8.255 3.841 10.856 
030124203146 0.961 15.313 38.811 9.472 8.256 3.059 10.848 
030124204646 0.967 15.323 38.825 9.467 8.256 4.866 10.862 
030124210146 0.932 15.314 38.835 9.467 8.254 3.940 10.868 
030124211646 0.982 15.329 38.852 9.461 8.255 3.310 10.839 
030124213146 0.818 15.322 38.860 9.461 8.255 4.023 10.844 
030124214646 0.924 15.329 38.876 9.458 8.256 3.037 10.860 
030124220146 0.836 15.323 38.853 9.458 8.257 3.401 10.867 
030124221646 0.878 15.327 38.885 9.455 8.257 3.530 10.857 
030124223146 0.965 15.324 38.881 9.454 8.255 5.215 10.847 
030124224646 0.873 15.325 38.887 9.451 8.255 3.856 10.862 
030124230146 1.086 15.314 38.883 9.455 8.255 3.462 10.868 
030124231646 0.866 15.316 38.888 9.453 8.256 3.059 10.842 
030124233146 0.943 15.316 38.886 9.452 8.255 4.190 10.844 
030124234646 0.791 15.318 38.845 9.457 8.255 3.515 10.860 
040124000146 0.904 15.316 38.880 9.456 8.256 3.181 10.867 
040124001646 0.859 15.309 38.902 9.457 8.256 3.538 10.839 
040124003146 0.759 15.314 38.887 9.456 8.256 3.515 10.843 
040124004646 1.034 15.310 38.900 9.456 8.256 3.621 10.860 
040124010146 1.004 15.311 38.901 9.454 8.256 2.976 10.866 
040124011646 0.816 15.303 38.898 9.456 8.255 3.226 10.856 
040124013146 0.932 15.308 38.903 9.453 8.256 3.378 10.847 
040124014646 0.836 15.301 38.903 9.454 8.256 3.386 10.861 
040124020146 0.753 15.295 38.894 9.461 8.255 3.469 10.868 
040124021646 0.883 15.299 38.898 9.457 8.256 3.583 10.857 
040124023146 0.995 15.296 38.898 9.463 8.255 2.953 10.848 
040124024646 1.031 15.296 38.902 9.463 8.256 3.295 10.862 
040124030146 0.917 15.296 38.904 9.462 8.256 3.894 10.868 
040124031646 0.939 15.295 38.910 9.464 8.255 3.424 10.842 
040124033146 0.930 15.302 38.910 9.459 8.256 3.993 10.844 
040124034646 0.797 15.295 38.910 9.466 8.257 3.712 10.860 
040124040146 0.643 15.288 38.899 9.466 8.256 3.097 10.866 
040124041646 0.918 15.290 38.911 9.467 8.255 3.985 10.857 
040124043146 0.792 15.301 38.936 9.463 8.256 3.469 10.847 
040124044646 0.966 15.290 38.942 9.467 8.257 4.145 10.862 
040124050146 0.904 15.291 38.934 9.466 8.255 3.477 10.867 
040124051646 0.856 15.284 38.935 9.469 8.256 3.727 10.856 
040124053146 0.804 15.282 38.897 9.469 8.258 3.211 10.847 
040124054646 0.853 15.286 38.891 9.467 8.257 3.985 10.862 
040124060146 0.919 15.285 38.903 9.463 8.257 3.340 10.867 
040124061646 0.813 15.272 38.914 9.468 8.256 3.295 10.839 
040124063146 0.723 15.281 38.918 9.467 8.257 3.173 10.843 
040124064646 0.939 15.272 38.912 9.469 8.257 3.689 10.859 
040124070146 0.831 15.269 38.925 9.472 8.257 2.877 10.866 
040124071646 0.891 15.267 38.913 9.473 8.256 3.583 10.855 
040124073146 0.925 15.248 38.918 9.478 8.255 3.173 10.846 
040124074646 0.851 15.251 38.920 9.478 8.256 3.264 10.861 
040124080146 0.972 15.241 38.920 9.479 8.255 3.143 10.867 
040124081646 0.900 15.249 38.914 9.477 8.255 3.788 10.855 
040124083146 0.905 15.249 38.924 9.476 8.255 4.145 10.846 
040124084646 1.122 15.232 38.921 9.477 8.254 2.627 10.861 
040124090146 0.798 15.209 38.927 9.480 8.253 1.898 10.867 
040124091646 0.963 15.202 38.924 9.479 8.252 2.034 10.839 
040124093146 0.824 15.162 38.930 9.492 8.250 1.556 10.842 
040124094646 1.032 15.187 38.932 9.483 8.253 1.852 10.859 
040124100146 0.964 15.188 38.933 9.477 8.253 1.617 10.865 
040124101646 0.964 15.136 38.933 9.488 8.247 1.268 10.855 
040124103146 0.871 15.119 38.938 9.483 8.250 1.245 10.846 
040124104646 0.989 15.175 38.937 9.468 8.257 1.609 10.860 
040124110146 0.711 15.195 38.939 9.454 8.257 1.564 10.866 
040124111646 1.048 15.201 38.937 9.451 8.257 1.647 10.855 
040124113146 0.919 15.205 38.936 9.448 8.256 1.442 10.846 
040124114646 0.757 15.201 38.940 9.447 8.255 1.769 10.860 
040124120146 0.834 15.203 38.942 9.448 8.256 1.397 10.866 
040124121646 0.869 15.200 38.945 9.447 8.256 1.427 10.838 
040124123146 0.943 15.205 38.947 9.443 8.256 0.774 10.842 
040124124646 0.910 15.217 38.952 9.439 8.255 1.526 10.858 
040124130146 0.909 15.218 38.951 9.439 8.255 1.397 10.865 
040124131646 0.975 15.220 38.957 9.438 8.256 1.184 10.855 
