SAMBAT Sea Ti  C/T/D/Odo/Fluo/pH GPS : 50195 
V:0,Pression (0/50),dba
V:1,Température (-5/35),°C
V:2,Salinité (2/42),g/l
V:3,Oxygène (0/20),mgl
V:4,PH (0/14),pH
V:5,Fluorescence (0/500),ppb
V:6,Tension batterie,V
311223130948 0.917 15.495 38.632 9.372 8.254 1.579 10.743 
311223132447 0.897 15.507 38.634 9.371 8.255 1.678 10.810 
311223133947 0.898 15.548 38.644 9.360 8.257 3.067 10.844 
311223135447 0.908 15.537 38.632 9.368 8.256 2.270 10.859 
311223140947 0.906 15.530 38.635 9.371 8.255 3.264 10.840 
311223142447 0.903 15.543 38.638 9.369 8.256 3.128 10.831 
311223143947 0.926 15.535 38.636 9.373 8.255 2.961 10.856 
311223145447 0.891 15.517 38.636 9.383 8.256 2.991 10.865 
311223150947 0.897 15.512 38.636 9.387 8.258 2.748 10.817 
311223152447 0.930 15.528 38.636 9.383 8.258 2.270 10.827 
311223153947 0.893 15.521 38.634 9.388 8.257 3.325 10.854 
311223155447 0.868 15.512 38.636 9.399 8.258 3.401 10.864 
311223160947 0.881 15.512 38.633 9.403 8.258 3.188 10.846 
311223162447 0.867 15.509 38.641 9.407 8.258 4.031 10.833 
311223163947 0.860 15.487 38.638 9.415 8.257 3.462 10.857 
311223165447 0.881 15.487 38.639 9.416 8.258 3.993 10.866 
311223170947 0.881 15.488 38.637 9.419 8.256 3.803 10.847 
311223172447 0.911 15.488 38.637 9.421 8.257 4.145 10.834 
311223173947 0.913 15.485 38.641 9.424 8.257 4.069 10.857 
311223175447 0.836 15.478 38.640 9.426 8.256 4.494 10.866 
311223180947 0.917 15.482 38.643 9.426 8.256 3.902 10.848 
311223182447 0.824 15.465 38.628 9.431 8.255 4.289 10.834 
311223183947 0.910 15.458 38.643 9.433 8.257 4.851 10.857 
311223185447 0.917 15.445 38.639 9.434 8.255 3.598 10.867 
311223190947 0.926 15.449 38.643 9.433 8.257 3.477 10.817 
311223192447 0.919 15.453 38.643 9.434 8.257 3.188 10.828 
311223193947 0.875 15.448 38.644 9.435 8.257 3.325 10.855 
311223195447 0.861 15.438 38.650 9.436 8.258 3.037 10.865 
311223200947 0.902 15.433 38.644 9.436 8.258 4.350 10.847 
311223202447 0.921 15.429 38.647 9.437 8.258 3.545 10.833 
311223203947 0.856 15.420 38.645 9.438 8.256 3.796 10.857 
311223205447 0.878 15.420 38.640 9.438 8.256 3.158 10.866 
311223210947 0.921 15.429 38.643 9.433 8.258 3.484 10.846 
311223212447 0.900 15.415 38.644 9.435 8.256 4.380 10.833 
311223213947 0.857 15.418 38.648 9.432 8.258 2.968 10.857 
311223215447 0.936 15.418 38.647 9.430 8.257 3.317 10.866 
311223220947 0.934 15.419 38.647 9.428 8.256 3.727 10.844 
311223222447 0.891 15.447 38.646 9.420 8.258 3.500 10.833 
311223223947 0.930 15.421 38.649 9.423 8.256 7.364 10.857 
311223225447 0.845 15.437 38.642 9.418 8.258 3.674 10.866 
311223230947 0.929 15.429 38.646 9.420 8.258 3.371 10.818 
311223232447 0.969 15.431 38.648 9.416 8.258 3.257 10.828 
311223233947 0.821 15.438 38.648 9.413 8.258 4.152 10.855 
311223235447 0.908 15.432 38.650 9.415 8.258 3.940 10.865 
010124000947 0.850 15.433 38.649 9.411 8.258 3.226 10.846 
010124002447 1.001 15.425 38.649 9.412 8.258 3.484 10.833 
010124003947 0.837 15.427 38.649 9.411 8.258 4.092 10.857 
010124005447 0.936 15.426 38.648 9.411 8.258 3.811 10.866 
010124010947 0.809 15.418 38.648 9.413 8.258 3.947 10.847 
010124012447 0.892 15.428 38.648 9.412 8.258 4.099 10.833 
010124013947 0.991 15.426 38.649 9.411 8.258 4.236 10.857 
010124015447 0.917 15.417 38.649 9.413 8.258 3.796 10.866 
010124020947 0.852 15.412 38.652 9.412 8.258 3.780 10.845 
010124022447 0.838 15.415 38.651 9.412 8.258 3.401 10.833 
010124023947 0.898 15.418 38.654 9.411 8.258 3.659 10.857 
010124025447 0.936 15.413 38.652 9.409 8.258 3.029 10.866 
010124030947 0.849 15.406 38.654 9.415 8.258 3.226 10.817 
010124032447 1.054 15.414 38.652 9.413 8.258 3.219 10.828 
010124033947 1.138 15.415 38.656 9.406 8.257 3.158 10.854 
010124035447 0.921 15.418 38.645 9.407 8.259 3.181 10.864 
010124040947 0.476 15.409 38.644 9.411 8.257 3.348 10.845 
010124042447 1.012 15.412 38.657 9.406 8.258 3.553 10.833 
010124043947 0.966 15.404 38.654 9.411 8.259 3.431 10.857 
010124045447 0.899 15.415 38.657 9.404 8.258 3.241 10.866 
010124050947 0.868 15.418 38.657 9.402 8.259 3.295 10.846 
010124052447 0.893 15.405 38.657 9.410 8.258 4.084 10.833 
010124053947 0.750 15.415 38.663 9.402 8.258 3.105 10.857 
010124055447 0.936 15.398 38.658 9.410 8.258 2.961 10.866 
010124060947 0.876 15.389 38.660 9.409 8.259 3.317 10.845 
010124062447 0.984 15.389 38.663 9.409 8.258 4.251 10.833 
010124063947 0.945 15.391 38.664 9.409 8.259 3.302 10.856 
010124065447 0.925 15.398 38.660 9.408 8.259 3.059 10.866 
010124070947 0.929 15.396 38.662 9.405 8.259 3.226 10.817 
010124072447 0.927 15.403 38.645 9.401 8.259 3.613 10.827 
010124073947 0.892 15.403 38.654 9.400 8.259 3.651 10.854 
010124075447 0.866 15.401 38.657 9.401 8.258 3.249 10.864 
010124080947 0.914 15.395 38.664 9.402 8.258 3.598 10.844 
010124082447 0.921 15.404 38.669 9.398 8.258 4.767 10.832 
010124083947 0.867 15.400 38.660 9.399 8.258 3.484 10.856 
010124085447 1.048 15.396 38.670 9.400 8.259 3.750 10.865 
010124090947 0.870 15.397 38.669 9.401 8.258 2.816 10.846 
010124092447 0.755 15.397 38.670 9.402 8.259 3.226 10.832 
010124093947 0.940 15.395 38.678 9.401 8.258 2.824 10.856 
010124095447 0.903 15.397 38.670 9.401 8.259 3.530 10.865 
010124100947 0.928 15.396 38.672 9.401 8.259 2.566 10.817 
010124102447 0.852 15.398 38.674 9.400 8.259 2.277 10.827 
010124103947 0.941 15.398 38.676 9.401 8.259 1.890 10.854 
010124105447 0.969 15.400 38.677 9.400 8.259 2.482 10.864 
010124110947 0.814 15.399 38.675 9.399 8.258 2.634 10.846 
010124112447 0.913 15.399 38.668 9.399 8.258 2.543 10.833 
010124113947 0.882 15.400 38.676 9.399 8.258 2.771 10.856 
010124115447 0.932 15.390 38.679 9.402 8.258 2.315 10.865 
010124120947 0.913 15.404 38.675 9.398 8.258 2.042 10.845 
010124122447 1.085 15.397 38.680 9.402 8.258 2.247 10.832 
010124123947 0.967 15.398 38.681 9.401 8.258 2.057 10.856 
010124125447 0.978 15.398 38.679 9.403 8.258 1.997 10.865 
010124130947 0.891 15.399 38.685 9.402 8.258 1.974 10.818 
