SAMBAT Sea Ti  C/T/D/Odo/Fluo/pH GPS : 50195 
V:0,Pression (0/50),dba
V:1,Température (-5/35),°C
V:2,Salinité (2/42),g/l
V:3,Oxygène (0/20),mgl
V:4,PH (0/14),pH
V:5,Fluorescence (0/500),ppb
V:6,Tension batterie,V
110224145027 0.522 14.358 36.754 9.776 8.242 5.990 10.740 
110224150526 0.679 14.353 36.732 9.775 8.243 5.921 10.821 
110224152026 0.788 14.349 36.730 9.776 8.243 5.876 10.831 
110224153526 0.773 14.339 36.845 9.780 8.243 6.346 10.839 
110224155026 0.690 14.334 36.858 9.783 8.242 6.187 10.855 
110224160526 0.803 14.330 36.740 9.783 8.242 6.551 10.862 
110224162026 0.822 14.324 36.690 9.783 8.241 6.491 10.854 
110224163526 0.765 14.341 37.061 9.781 8.241 6.711 10.846 
110224165026 0.700 14.346 36.579 9.775 8.242 6.005 10.859 
110224170526 0.746 14.339 36.527 9.779 8.243 6.081 10.865 
110224172026 0.708 14.341 36.450 9.778 8.243 6.551 10.844 
110224173526 0.729 14.335 36.488 9.780 8.243 7.083 10.843 
110224175026 0.822 14.334 36.814 9.780 8.243 6.734 10.858 
110224180526 0.785 14.343 36.452 9.779 8.244 6.453 10.865 
110224182026 0.731 14.347 36.608 9.776 8.244 6.035 10.855 
110224183526 0.822 14.346 36.516 9.778 8.244 7.424 10.847 
110224185026 0.789 14.339 36.613 9.781 8.244 6.308 10.860 
110224190526 0.888 14.346 36.699 9.778 8.244 6.589 10.866 
110224192026 0.731 14.341 36.676 9.778 8.244 6.134 10.844 
110224193526 0.784 14.342 36.621 9.777 8.244 6.506 10.844 
110224195026 0.841 14.341 36.721 9.777 8.244 7.379 10.859 
110224200526 0.739 14.335 36.759 9.779 8.244 6.399 10.865 
110224202026 0.813 14.337 36.750 9.777 8.243 5.747 10.855 
110224203526 0.733 14.335 36.547 9.776 8.243 5.640 10.846 
110224205026 0.925 14.348 36.515 9.773 8.243 6.293 10.860 
110224210526 0.791 14.345 36.645 9.774 8.244 6.863 10.866 
110224212026 0.545 14.346 36.596 9.777 8.244 5.656 10.845 
110224213526 0.816 14.329 36.549 9.783 8.244 5.747 10.844 
110224215026 0.732 14.329 36.562 9.786 8.243 6.642 10.859 
110224220526 0.638 14.327 36.511 9.787 8.243 7.728 10.865 
110224222026 0.861 14.323 36.531 9.789 8.243 6.134 10.855 
110224223526 0.855 14.325 36.606 9.791 8.242 7.075 10.847 
110224225026 0.737 14.314 36.581 9.800 8.242 6.081 10.860 
110224230526 0.674 14.308 36.539 9.803 8.242 6.119 10.866 
110224232026 0.816 14.323 36.548 9.802 8.242 6.612 10.844 
110224233526 0.701 14.323 36.575 9.801 8.242 7.751 10.844 
110224235026 0.698 14.312 36.637 9.813 8.242 6.384 10.859 
120224000526 0.767 14.319 36.779 9.813 8.242 5.595 10.865 
120224002026 0.907 14.302 36.836 9.819 8.242 5.974 10.856 
120224003526 0.738 14.288 36.488 9.823 8.241 5.192 10.847 
120224005026 0.742 14.282 36.885 9.823 8.240 6.597 10.860 
120224010526 0.818 14.281 36.640 9.823 8.239 6.248 10.866 
120224012026 0.740 14.287 36.562 9.824 8.239 4.927 10.855 
120224013526 0.743 14.275 36.589 9.822 8.238 6.255 10.847 
120224015026 0.720 14.275 36.876 9.822 8.239 4.881 10.860 
120224020526 0.822 14.299 36.526 9.820 8.240 5.284 10.866 
120224022026 0.744 14.308 36.482 9.819 8.241 6.164 10.845 
120224023526 0.799 14.313 36.594 9.813 8.242 5.633 10.844 
120224025026 0.690 14.316 36.492 9.812 8.243 5.397 10.859 
120224030526 0.834 14.321 36.939 9.810 8.243 4.585 10.865 
120224032026 0.794 14.312 36.923 9.816 8.244 5.397 10.856 
120224033526 0.794 14.306 36.979 9.813 8.244 5.435 10.846 
120224035026 0.830 14.316 36.929 9.812 8.243 4.699 10.860 
120224040526 0.845 14.312 36.916 9.811 8.243 4.669 10.866 
120224042026 0.849 14.306 36.916 9.812 8.243 5.041 10.855 
120224043526 0.696 14.304 36.520 9.807 8.243 6.809 10.846 
120224045026 0.751 14.303 36.641 9.807 8.242 5.731 10.860 
120224050526 0.910 14.302 36.576 9.804 8.242 4.790 10.866 
120224052026 0.867 14.308 36.629 9.800 8.242 5.648 10.846 
120224053526 0.788 14.298 36.552 9.799 8.242 4.912 10.849 
120224055026 0.778 14.278 36.448 9.802 8.242 5.458 10.861 
120224060526 0.881 14.308 36.669 9.793 8.242 5.534 10.866 
120224062026 0.889 14.275 36.514 9.800 8.242 4.987 10.857 
120224063526 0.804 14.286 36.466 9.794 8.242 5.344 10.845 
120224065026 0.830 14.293 36.512 9.794 8.242 6.354 10.859 
120224070526 0.812 14.287 36.492 9.796 8.242 6.050 10.866 
120224072026 0.790 14.286 37.169 9.797 8.242 5.314 10.856 
120224073526 0.903 14.287 36.796 9.795 8.242 4.987 10.846 
120224075026 0.854 14.281 36.756 9.795 8.241 4.798 10.860 
120224080526 0.890 14.277 36.786 9.797 8.241 5.299 10.866 
120224082026 0.907 14.269 36.512 9.798 8.241 4.942 10.855 
120224083526 0.848 14.260 36.837 9.799 8.241 4.691 10.846 
120224085026 0.852 14.285 36.963 9.791 8.241 3.302 10.860 
120224090526 0.712 14.267 36.493 9.799 8.241 3.257 10.866 
120224092026 0.732 14.281 36.473 9.796 8.240 2.680 10.845 
120224093526 0.787 14.290 36.617 9.795 8.241 2.467 10.843 
120224095026 0.819 14.293 36.878 9.794 8.241 2.027 10.858 
120224100526 0.917 14.293 36.507 9.796 8.241 2.126 10.865 
120224102026 0.866 14.300 36.496 9.796 8.242 1.716 10.856 
120224103526 0.808 14.303 36.545 9.799 8.242 1.966 10.846 
120224105026 0.793 14.309 36.459 9.800 8.243 1.495 10.860 
120224110526 0.758 14.311 36.820 9.803 8.243 1.837 10.866 
120224112026 0.901 14.323 36.342 9.802 8.243 1.951 10.857 
120224113526 0.843 14.328 36.309 9.802 8.243 1.541 10.846 
120224115026 0.882 14.333 36.417 9.804 8.243 2.080 10.860 
120224120526 0.684 14.338 36.466 9.807 8.243 1.776 10.866 
120224122026 0.792 14.345 36.359 9.810 8.243 2.179 10.845 
120224123526 0.864 14.347 36.325 9.811 8.243 1.959 10.844 
120224125026 0.703 14.338 36.365 9.819 8.243 2.050 10.859 
120224130526 0.873 14.348 36.407 9.820 8.243 1.807 10.865 
120224132026 0.810 14.352 36.377 9.825 8.243 1.981 10.855 
120224133526 0.884 14.362 36.359 9.829 8.244 1.943 10.847 
120224135026 0.824 14.372 36.331 9.832 8.244 1.571 10.860 
120224140526 0.910 14.365 36.487 9.839 8.244 1.898 10.866 
120224142026 0.852 14.353 36.382 9.843 8.245 3.765 10.846 
120224143526 0.865 14.351 36.358 9.848 8.244 2.854 10.844 
120224145026 0.837 14.347 36.331 9.852 8.243 3.074 10.859 
