SAMBAT Sea Ti  C/T/D/Odo/Fluo/pH GPS : 50195 
V:0,Pression (0/50),dba
V:1,Température (-5/35),°C
V:2,Salinité (2/42),g/l
V:3,Oxygène (0/20),mgl
V:4,PH (0/14),pH
V:5,Fluorescence (0/500),ppb
V:6,Tension batterie,V
200224151143 0.998 14.847 34.313 10.080 8.251 1.427 10.649 
200224152642 0.980 14.838 34.197 10.088 8.249 2.338 10.802 
200224154142 0.982 14.838 34.258 10.094 8.253 3.014 10.841 
200224155642 0.977 14.861 34.808 10.080 8.252 2.285 10.857 
200224161142 1.024 14.788 34.220 10.110 8.250 2.186 10.842 
200224162642 0.978 14.921 34.259 10.056 8.250 3.074 10.830 
200224164142 0.974 14.862 34.443 10.063 8.252 4.259 10.856 
200224165642 0.961 14.975 34.889 10.033 8.256 4.691 10.866 
200224171142 1.015 15.055 34.397 10.010 8.256 5.101 10.848 
200224172642 1.057 14.852 35.519 10.068 8.255 5.428 10.833 
200224174142 0.924 14.831 34.747 10.057 8.253 6.058 10.858 
200224175642 0.964 14.770 34.385 10.065 8.252 7.318 10.867 
200224181142 0.970 14.785 35.038 10.052 8.250 6.802 10.819 
200224182642 0.987 14.728 34.294 10.065 8.249 6.946 10.826 
200224184142 1.000 14.725 34.252 10.063 8.248 6.954 10.855 
200224185642 1.016 14.741 34.230 10.053 8.247 6.506 10.866 
200224191142 1.033 14.768 34.100 10.038 8.245 5.997 10.846 
200224192642 1.013 14.782 34.799 10.026 8.243 6.399 10.831 
200224194142 1.057 14.777 34.797 10.018 8.243 6.384 10.857 
200224195642 1.044 14.739 34.814 10.027 8.242 6.157 10.866 
200224201142 1.011 14.658 34.793 10.038 8.247 7.379 10.847 
200224202642 1.048 14.616 34.264 10.051 8.248 7.553 10.831 
200224204142 1.048 14.583 34.763 10.055 8.247 7.166 10.857 
200224205642 0.978 14.568 34.218 10.053 8.246 6.331 10.866 
200224211142 1.022 14.541 34.168 10.059 8.246 7.090 10.819 
200224212642 0.997 14.500 34.175 10.061 8.244 7.827 10.825 
200224214142 1.011 14.487 34.215 10.057 8.244 6.840 10.853 
200224215642 1.033 14.639 34.237 10.006 8.239 7.227 10.864 
200224221142 1.024 14.644 34.229 10.000 8.239 6.620 10.846 
200224222642 0.993 14.605 34.238 10.006 8.240 6.878 10.830 
200224224142 1.023 14.594 34.188 10.003 8.240 6.111 10.856 
200224225642 1.019 14.584 34.231 10.001 8.239 6.734 10.865 
200224231142 1.017 14.589 34.311 9.998 8.240 5.990 10.842 
200224232642 1.042 14.507 34.214 10.020 8.241 7.356 10.830 
200224234142 1.039 14.498 34.169 10.021 8.242 6.832 10.855 
200224235642 1.009 14.517 34.217 10.013 8.241 7.963 10.865 
210224001142 1.022 14.513 34.216 10.012 8.241 6.362 10.818 
210224002642 1.014 14.491 34.713 10.014 8.241 7.523 10.825 
210224004142 1.022 14.504 34.202 10.011 8.240 7.280 10.853 
210224005642 1.023 14.502 34.208 10.009 8.240 6.756 10.863 
210224011142 1.023 14.469 34.681 10.014 8.240 6.832 10.845 
210224012642 1.004 14.500 34.218 10.004 8.240 7.607 10.829 
210224014142 0.991 14.542 34.251 9.991 8.240 6.529 10.855 
210224015642 0.997 14.530 34.154 9.994 8.240 6.802 10.864 
210224021142 1.044 14.498 34.200 10.000 8.242 7.295 10.840 
210224022642 1.009 14.498 34.277 9.996 8.242 7.553 10.828 
210224024142 1.025 14.491 34.209 9.993 8.242 6.885 10.854 
210224025642 1.025 14.490 34.181 9.988 8.242 6.513 10.864 
210224031142 1.020 14.498 34.129 9.982 8.243 6.544 10.817 
210224032642 1.036 14.493 34.241 9.980 8.243 6.308 10.824 
210224034142 1.042 14.488 34.130 9.981 8.244 6.468 10.852 
210224035642 1.008 14.490 34.127 9.979 8.244 6.536 10.863 
210224041142 1.007 14.471 34.080 9.979 8.244 7.295 10.844 
210224042642 1.031 14.476 34.071 9.976 8.244 7.121 10.829 
210224044142 1.031 14.485 34.073 9.973 8.246 6.726 10.854 
210224045642 1.039 14.494 34.201 9.969 8.246 7.523 10.864 
210224051142 1.030 14.482 34.148 9.973 8.247 6.468 10.844 
210224052642 1.016 14.487 34.163 9.970 8.248 6.574 10.829 
210224054142 1.053 14.473 34.911 9.973 8.248 6.703 10.855 
210224055642 1.000 14.476 34.774 9.974 8.249 6.620 10.864 
210224061142 1.065 14.478 34.899 9.973 8.249 7.174 10.817 
210224062642 1.026 14.472 34.289 9.975 8.248 6.680 10.824 
210224064142 1.002 14.464 34.828 9.975 8.249 7.796 10.852 
210224065642 1.010 14.476 34.791 9.973 8.248 6.756 10.862 
210224071142 1.030 14.472 34.931 9.974 8.249 8.571 10.844 
210224072642 1.037 14.473 34.323 9.974 8.249 7.978 10.829 
210224074142 1.000 14.473 34.873 9.976 8.249 6.901 10.854 
210224075642 1.033 14.472 34.740 9.976 8.249 7.204 10.864 
210224081142 1.033 14.470 34.213 9.978 8.249 5.534 10.844 
210224082642 1.030 14.483 34.261 9.980 8.252 5.739 10.828 
210224084142 1.036 14.480 34.241 9.986 8.251 3.720 10.854 
210224085642 1.041 14.485 34.118 9.991 8.252 2.778 10.864 
210224091142 1.036 14.491 34.273 9.997 8.253 3.143 10.818 
210224092642 1.045 14.498 34.273 10.005 8.253 2.915 10.824 
210224094142 1.043 14.510 34.292 10.013 8.253 2.460 10.852 
210224095642 1.013 14.527 34.367 10.021 8.254 2.543 10.863 
210224101142 1.041 14.550 34.337 10.027 8.258 2.619 10.843 
210224102642 1.048 14.582 34.500 10.038 8.261 2.368 10.829 
210224104142 1.012 14.595 34.316 10.054 8.261 2.285 10.855 
210224105642 1.036 14.619 34.363 10.066 8.262 1.913 10.864 
210224111142 1.038 14.617 34.838 10.085 8.261 1.921 10.842 
210224112642 1.031 14.600 34.239 10.110 8.262 1.814 10.829 
210224114142 1.037 14.680 34.328 10.102 8.261 1.822 10.855 
210224115642 1.032 14.635 34.267 10.141 8.262 1.632 10.864 
210224121142 1.041 14.640 34.335 10.160 8.261 2.012 10.816 
210224122642 1.019 14.652 34.406 10.169 8.261 1.867 10.822 
210224124142 1.028 14.679 34.401 10.186 8.262 1.526 10.851 
210224125642 1.023 14.729 34.366 10.189 8.262 1.108 10.862 
210224131142 1.036 14.782 34.489 10.201 8.263 1.366 10.846 
210224132642 0.998 14.938 34.451 10.177 8.265 1.632 10.831 
210224134142 1.009 15.023 35.064 10.172 8.267 1.883 10.855 
210224135642 1.022 14.937 34.861 10.230 8.272 1.450 10.863 
210224141142 1.025 14.990 34.909 10.222 8.269 1.814 10.842 
210224142642 1.026 14.976 34.923 10.248 8.270 1.655 10.828 
210224144142 0.996 14.924 34.908 10.272 8.266 1.412 10.857 
210224145642 1.041 14.898 34.957 10.286 8.264 1.754 10.865 
210224151142 1.030 14.894 35.195 10.299 8.262 1.852 10.819 
