SAMBAT Sea Ti  C/T/D/Odo/Fluo/pH GPS : 50195 
V:0,Pression (0/50),dba
V:1,Température (-5/35),°C
V:2,Salinité (2/42),g/l
V:3,Oxygène (0/20),mgl
V:4,PH (0/14),pH
V:5,Fluorescence (0/500),ppb
V:6,Tension batterie,V
090124133130 0.954 15.111 39.339 9.457 8.251 1.587 10.740 
090124134629 0.977 15.113 39.335 9.459 8.250 1.382 10.821 
090124140129 0.919 15.114 39.332 9.460 8.249 1.336 10.848 
090124141629 0.961 15.113 39.349 9.461 8.249 1.404 10.834 
090124143129 0.959 15.106 39.336 9.464 8.248 2.050 10.838 
090124144629 0.961 15.100 39.346 9.465 8.249 1.685 10.856 
090124150129 0.960 15.098 39.343 9.468 8.247 2.422 10.864 
090124151629 0.962 15.085 39.337 9.469 8.248 2.293 10.852 
090124153129 0.942 15.085 39.333 9.470 8.247 3.219 10.844 
090124154629 0.941 15.086 39.344 9.472 8.250 3.143 10.859 
090124160129 0.962 15.082 39.342 9.476 8.249 2.938 10.866 
090124161629 0.976 15.072 39.344 9.481 8.248 2.665 10.852 
090124163129 0.972 15.061 39.350 9.485 8.248 3.204 10.844 
090124164629 0.955 15.052 39.361 9.490 8.248 4.175 10.860 
090124170129 0.977 15.061 39.346 9.488 8.250 3.150 10.866 
090124171629 0.944 15.063 39.339 9.489 8.248 3.310 10.841 
090124173129 1.004 15.048 39.334 9.493 8.247 3.386 10.841 
090124174629 0.956 15.053 39.338 9.492 8.248 2.976 10.858 
090124180129 0.982 15.071 39.328 9.488 8.251 2.581 10.866 
090124181629 0.906 15.057 39.333 9.494 8.249 3.727 10.851 
090124183129 0.960 15.049 39.341 9.493 8.248 3.249 10.844 
090124184629 0.933 15.049 39.342 9.495 8.249 2.703 10.860 
090124190129 0.954 14.793 39.052 9.563 8.249 2.930 10.866 
090124191629 1.013 14.799 39.063 9.563 8.250 3.097 10.851 
090124193129 0.927 14.777 39.111 9.559 8.250 2.862 10.843 
090124194629 0.976 14.850 39.150 9.544 8.259 2.983 10.859 
090124200129 0.969 14.834 39.189 9.545 8.254 2.870 10.865 
090124201629 0.962 14.867 39.242 9.532 8.254 3.682 10.839 
090124203129 0.952 14.899 39.261 9.524 8.255 2.437 10.840 
090124204629 0.968 14.907 39.271 9.523 8.253 3.150 10.857 
090124210129 0.962 14.907 39.271 9.521 8.249 3.052 10.864 
090124211629 1.012 14.914 39.280 9.519 8.251 3.219 10.853 
090124213129 0.968 14.899 39.290 9.521 8.253 2.710 10.844 
090124214629 1.000 14.935 39.305 9.512 8.253 3.204 10.859 
090124220129 0.994 14.939 39.310 9.510 8.252 3.006 10.865 
090124221629 0.989 14.885 39.288 9.518 8.251 3.241 10.854 
090124223129 0.969 14.922 39.301 9.511 8.250 3.029 10.844 
090124224629 0.988 14.919 39.313 9.509 8.250 3.560 10.859 
090124230129 1.012 14.922 39.316 9.508 8.250 3.371 10.866 
090124231629 1.009 14.957 39.347 9.496 8.252 2.907 10.840 
090124233129 1.002 14.945 39.337 9.496 8.250 3.158 10.840 
090124234629 1.000 14.952 39.340 9.494 8.252 3.128 10.857 
100124000129 0.981 14.942 39.331 9.495 8.249 3.120 10.864 
100124001629 0.999 14.940 39.346 9.493 8.250 4.046 10.854 
100124003129 1.012 14.972 39.346 9.478 8.252 3.765 10.844 
100124004629 0.997 14.989 39.343 9.473 8.253 3.393 10.859 
100124010129 1.004 14.981 39.345 9.473 8.250 4.403 10.865 
100124011629 1.010 14.986 39.341 9.473 8.250 3.295 10.854 
100124013129 0.962 14.961 39.345 9.482 8.250 3.454 10.844 
100124014629 0.987 14.964 39.345 9.480 8.249 2.877 10.860 
100124020129 0.989 14.990 39.343 9.467 8.250 3.409 10.866 
100124021629 0.962 14.989 39.346 9.465 8.250 2.862 10.853 
100124023129 0.949 14.983 39.344 9.464 8.250 3.682 10.844 
100124024629 0.993 14.975 39.345 9.468 8.250 2.999 10.860 
100124030129 0.947 14.979 39.346 9.462 8.251 3.204 10.866 
100124031629 0.984 14.981 39.345 9.462 8.249 2.847 10.841 
100124033129 1.014 14.965 39.348 9.469 8.247 2.953 10.841 
100124034629 1.022 14.965 39.339 9.468 8.248 2.885 10.858 
100124040129 1.004 14.956 39.348 9.470 8.248 2.832 10.865 
100124041629 1.027 14.973 39.347 9.463 8.248 3.279 10.853 
100124043129 0.937 14.959 39.352 9.468 8.248 3.241 10.844 
100124044629 1.009 14.962 39.348 9.467 8.248 3.613 10.859 
100124050129 1.008 14.971 39.345 9.464 8.250 3.386 10.866 
100124051629 0.944 14.949 39.341 9.471 8.249 2.854 10.840 
100124053129 0.946 14.958 39.348 9.466 8.248 3.439 10.840 
100124054629 0.999 14.957 39.357 9.467 8.247 2.771 10.857 
100124060129 0.964 14.957 39.348 9.466 8.248 3.613 10.865 
100124061629 1.026 14.965 39.344 9.465 8.249 3.576 10.853 
100124063129 1.007 14.955 39.351 9.468 8.247 3.325 10.844 
100124064629 0.993 14.965 39.352 9.463 8.248 3.287 10.859 
100124070129 0.997 14.957 39.346 9.467 8.248 2.915 10.865 
100124071629 1.032 14.961 39.350 9.465 8.248 2.710 10.850 
100124073129 0.971 14.948 39.349 9.468 8.248 2.976 10.843 
100124074629 0.979 14.961 39.347 9.463 8.248 3.522 10.859 
100124080129 1.016 14.966 39.349 9.462 8.248 4.023 10.865 
100124081629 0.970 14.966 39.346 9.461 8.248 3.355 10.840 
100124083129 1.000 14.960 39.349 9.464 8.249 3.090 10.841 
100124084629 0.979 14.958 39.344 9.466 8.248 2.665 10.857 
100124090129 0.987 14.965 39.346 9.463 8.249 3.029 10.864 
100124091629 1.001 14.957 39.347 9.464 8.248 2.589 10.854 
100124093129 1.017 14.968 39.349 9.460 8.249 2.573 10.844 
100124094629 1.001 14.965 39.352 9.461 8.248 2.323 10.859 
100124100129 0.944 14.973 39.351 9.459 8.248 2.285 10.866 
100124101629 0.989 14.968 39.347 9.459 8.249 2.194 10.855 
100124103129 0.996 14.965 39.348 9.460 8.248 2.293 10.844 
100124104629 1.017 14.973 39.346 9.454 8.248 2.148 10.859 
100124110129 1.038 14.975 39.340 9.453 8.248 2.604 10.866 
100124111629 0.997 14.943 39.342 9.465 8.247 2.186 10.841 
100124113129 1.005 14.962 39.348 9.460 8.248 1.830 10.841 
100124114629 1.000 14.959 39.342 9.462 8.248 1.738 10.857 
100124120129 1.015 14.962 39.341 9.460 8.248 1.890 10.865 
100124121629 0.945 14.971 39.344 9.459 8.248 2.224 10.855 
100124123129 0.931 14.966 39.352 9.460 8.249 2.915 10.844 
100124124629 0.996 14.980 39.352 9.453 8.250 3.940 10.859 
100124130129 1.007 14.934 39.332 9.470 8.248 2.801 10.866 
100124131629 0.967 14.843 39.274 9.497 8.248 3.295 10.855 
100124133129 1.013 14.827 39.274 9.494 8.247 3.606 10.844 
