SAMBAT Sea Ti  C/T/D/Odo/Fluo/pH GPS : 50195 
V:0,Pression (0/50),dba
V:1,Température (-5/35),°C
V:2,Salinité (2/42),g/l
V:3,Oxygène (0/20),mgl
V:4,PH (0/14),pH
V:5,Fluorescence (0/500),ppb
V:6,Tension batterie,V
180224150701 1.090 14.690 35.264 9.998 8.252 2.376 10.743 
180224152200 1.074 14.731 35.254 9.992 8.252 2.057 10.779 
180224153700 1.054 14.739 35.247 9.990 8.255 3.052 10.838 
180224155200 1.024 14.769 35.347 9.979 8.256 3.059 10.855 
180224160700 1.051 14.801 35.345 9.971 8.258 3.492 10.863 
180224162200 1.099 14.777 35.360 9.978 8.257 3.811 10.799 
180224163700 1.013 14.747 35.433 9.986 8.253 4.152 10.849 
180224165200 1.109 14.706 35.436 9.996 8.251 7.432 10.862 
180224170700 1.084 14.684 35.453 9.994 8.250 8.996 10.867 
180224172200 1.079 14.681 35.465 9.990 8.248 9.406 10.793 
180224173700 1.073 14.685 35.346 9.983 8.247 8.510 10.846 
180224175200 1.098 14.685 35.288 9.976 8.246 9.277 10.860 
180224180700 1.044 14.653 35.351 9.979 8.246 11.114 10.867 
180224182200 1.112 14.663 35.377 9.972 8.246 8.252 10.800 
180224183700 1.099 14.613 35.442 9.984 8.246 7.698 10.850 
180224185200 1.054 14.581 35.810 9.989 8.246 9.140 10.862 
180224190700 1.127 14.583 35.686 9.989 8.246 9.208 10.867 
180224192200 1.087 14.542 35.585 9.995 8.245 9.497 10.800 
180224193700 1.081 14.503 36.281 10.007 8.243 10.059 10.848 
180224195200 1.038 14.530 35.653 9.998 8.245 8.851 10.859 
180224200700 1.075 14.503 35.663 10.002 8.246 9.732 10.864 
180224202200 1.103 14.471 35.170 10.007 8.252 8.237 10.783 
180224203700 1.048 14.434 35.078 10.009 8.245 12.154 10.834 
180224205200 1.070 14.415 35.049 10.010 8.243 12.526 10.844 
180224210700 1.032 14.414 35.051 10.001 8.243 11.744 10.848 
180224212200 1.057 14.415 35.085 9.994 8.242 12.055 10.768 
180224213700 1.047 14.412 34.995 9.991 8.242 12.913 10.824 
180224215200 1.067 14.410 35.055 9.983 8.241 10.734 10.837 
180224220700 1.078 14.419 35.158 9.977 8.241 10.886 10.843 
180224222200 1.059 14.426 35.114 9.970 8.240 11.068 10.773 
180224223700 1.034 14.421 35.299 9.964 8.240 9.201 10.825 
180224225200 1.015 14.420 35.135 9.959 8.240 9.535 10.837 
180224230700 1.085 14.409 34.967 9.958 8.240 11.774 10.844 
180224232200 1.069 14.406 34.916 9.957 8.240 9.952 10.775 
180224233700 1.053 14.406 34.926 9.953 8.240 12.640 10.828 
180224235200 1.043 14.409 34.990 9.950 8.241 10.719 10.840 
190224000700 1.033 14.404 34.997 9.949 8.241 9.702 10.844 
190224002200 1.036 14.402 34.990 9.945 8.241 9.527 10.767 
190224003700 1.047 14.400 34.951 9.944 8.241 10.780 10.818 
190224005200 1.030 14.378 35.004 9.944 8.241 9.520 10.833 
190224010700 0.994 14.398 34.905 9.935 8.240 10.643 10.839 
190224012200 1.021 14.400 34.925 9.930 8.241 9.724 10.769 
190224013700 1.038 14.407 34.950 9.926 8.243 10.871 10.821 
190224015200 1.037 14.406 35.084 9.924 8.243 9.671 10.833 
190224020700 1.042 14.409 34.950 9.920 8.244 9.261 10.839 
190224022200 0.999 14.417 34.937 9.911 8.245 8.343 10.768 
190224023700 1.047 14.419 34.940 9.905 8.246 10.818 10.820 
190224025200 1.008 14.431 35.013 9.897 8.248 10.059 10.832 
190224030700 1.067 14.426 34.821 9.901 8.249 9.216 10.838 
190224032200 0.983 14.448 34.937 9.894 8.249 10.377 10.763 
190224033700 0.971 14.436 34.907 9.896 8.250 9.482 10.818 
190224035200 1.012 14.453 34.808 9.893 8.250 8.449 10.831 
190224040700 1.048 14.453 34.811 9.892 8.251 9.876 10.837 
190224042200 0.985 14.453 34.887 9.894 8.250 11.303 10.768 
190224043700 1.019 14.452 35.758 9.893 8.250 10.886 10.820 
190224045200 1.017 14.442 34.881 9.896 8.249 10.453 10.832 
190224050700 0.998 14.429 34.983 9.900 8.248 8.897 10.837 
190224052200 1.038 14.443 34.959 9.896 8.247 10.727 10.767 
190224053700 1.032 14.484 35.042 9.888 8.248 9.239 10.820 
190224055200 1.013 14.478 34.857 9.890 8.251 8.343 10.832 
190224060700 1.016 14.465 34.976 9.893 8.251 10.552 10.836 
190224062200 1.029 14.435 34.906 9.898 8.250 9.588 10.764 
190224063700 1.024 14.451 34.874 9.894 8.249 9.550 10.818 
190224065200 1.015 14.455 34.831 9.891 8.248 9.975 10.831 
190224070700 1.027 14.465 34.895 9.888 8.248 12.123 10.835 
190224072200 1.024 14.462 34.869 9.893 8.249 9.618 10.761 
190224073700 1.006 14.453 34.900 9.894 8.250 8.495 10.816 
190224075200 1.011 14.461 34.994 9.894 8.249 9.489 10.831 
190224080700 1.015 14.456 34.951 9.896 8.249 8.062 10.836 
190224082200 1.016 14.469 35.253 9.896 8.248 9.140 10.767 
190224083700 1.014 14.466 35.204 9.901 8.249 5.762 10.819 
190224085200 1.047 14.459 34.736 9.904 8.249 4.228 10.832 
190224090700 1.038 14.459 34.732 9.907 8.246 3.849 10.837 
190224092200 1.046 14.466 34.710 9.911 8.247 4.130 10.768 
190224093700 1.002 14.474 34.731 9.916 8.248 3.014 10.819 
190224095200 1.019 14.491 34.684 9.921 8.249 2.915 10.831 
190224100700 1.043 14.512 34.639 9.923 8.250 2.786 10.838 
190224102200 1.081 14.556 34.723 9.913 8.250 2.095 10.764 
190224103700 1.025 14.563 34.759 9.919 8.253 2.346 10.816 
190224105200 1.027 14.612 34.824 9.918 8.255 2.498 10.830 
190224110700 1.008 14.593 34.751 9.937 8.255 2.520 10.837 
190224112200 1.023 14.613 34.875 9.939 8.254 2.232 10.767 
190224113700 1.014 14.610 35.023 9.955 8.254 1.974 10.820 
190224115200 1.011 14.623 34.753 9.965 8.253 2.164 10.832 
190224120700 1.024 14.664 34.758 9.959 8.254 2.475 10.838 
190224122200 1.001 14.615 34.854 9.990 8.254 2.649 10.769 
190224123700 1.029 14.686 34.786 9.983 8.252 2.460 10.821 
190224125200 1.026 14.770 34.722 9.965 8.256 2.331 10.833 
190224130700 1.051 14.715 35.052 9.995 8.258 2.528 10.837 
190224132200 0.988 14.718 35.236 10.004 8.255 2.262 10.762 
190224133700 1.006 14.701 35.176 10.018 8.253 2.832 10.818 
190224135200 0.982 14.728 34.927 10.022 8.252 2.361 10.831 
190224140700 0.984 14.784 35.161 10.012 8.252 2.748 10.836 
190224142200 1.035 14.760 35.028 10.026 8.255 2.589 10.765 
190224143700 0.987 14.775 35.438 10.032 8.255 2.444 10.824 
190224145200 1.015 14.790 35.110 10.035 8.255 2.809 10.836 
190224150700 0.962 14.800 34.813 10.040 8.255 3.196 10.838 
