SAMBAT Sea Ti  C/T/D/Odo/Fluo/pH GPS : 50195 
V:0,Pression (0/50),dba
V:1,Température (-5/35),°C
V:2,Salinité (2/42),g/l
V:3,Oxygène (0/20),mgl
V:4,PH (0/14),pH
V:5,Fluorescence (0/500),ppb
V:6,Tension batterie,V
300124142117 1.134 14.689 37.131 9.693 8.245 1.609 10.742 
300124143616 1.117 14.684 37.153 9.697 8.247 1.442 10.822 
300124145116 1.126 14.657 37.432 9.710 8.243 1.450 10.849 
300124150616 1.113 14.657 37.340 9.712 8.241 2.072 10.861 
300124152116 1.112 14.708 37.109 9.707 8.244 3.166 10.794 
300124153616 1.108 14.730 37.040 9.702 8.251 2.171 10.847 
300124155116 1.113 14.738 37.013 9.701 8.250 3.310 10.861 
300124160616 1.118 14.743 37.091 9.708 8.252 3.021 10.867 
300124162116 1.115 14.754 37.050 9.707 8.253 4.099 10.801 
300124163616 1.122 14.748 37.072 9.712 8.247 3.765 10.851 
300124165116 1.123 14.665 37.117 9.726 8.245 5.815 10.864 
300124170616 1.093 14.677 37.140 9.726 8.243 5.086 10.869 
300124172116 1.120 14.664 37.136 9.724 8.240 4.608 10.801 
300124173616 1.130 14.674 37.135 9.724 8.241 5.223 10.851 
300124175116 1.125 14.653 37.483 9.728 8.241 6.157 10.864 
300124180616 1.129 14.639 37.201 9.737 8.240 5.101 10.869 
300124182116 1.135 14.618 37.059 9.742 8.238 4.942 10.800 
300124183616 1.122 14.612 37.077 9.742 8.238 4.745 10.851 
300124185116 1.131 14.591 37.306 9.745 8.238 5.489 10.863 
300124190616 1.127 14.576 37.113 9.746 8.237 5.618 10.868 
300124192116 1.117 14.577 37.094 9.743 8.236 6.946 10.795 
300124193616 1.137 14.563 37.378 9.745 8.236 5.762 10.848 
300124195116 1.128 14.559 37.344 9.743 8.236 5.010 10.862 
300124200616 1.134 14.551 37.366 9.741 8.236 5.435 10.868 
300124202116 1.123 14.556 37.279 9.738 8.237 6.164 10.800 
300124203616 1.135 14.553 37.297 9.734 8.237 6.195 10.850 
300124205116 1.149 14.542 37.242 9.734 8.240 5.344 10.863 
300124210616 1.155 14.550 37.316 9.732 8.239 5.405 10.868 
300124212116 1.146 14.543 37.108 9.734 8.239 5.443 10.799 
300124213616 1.142 14.550 36.982 9.730 8.240 5.352 10.849 
300124215116 1.129 14.543 37.018 9.726 8.240 5.276 10.862 
300124220616 1.143 14.543 37.010 9.730 8.239 5.936 10.868 
300124222116 1.129 14.550 37.031 9.723 8.240 5.344 10.801 
300124223616 1.132 14.547 37.111 9.722 8.240 6.293 10.850 
300124225116 1.123 14.537 37.007 9.728 8.240 5.397 10.863 
300124230616 1.144 14.537 36.988 9.724 8.239 5.382 10.868 
300124232116 1.108 14.531 37.039 9.725 8.238 6.270 10.800 
300124233616 1.109 14.523 36.989 9.730 8.240 6.604 10.850 
300124235116 1.125 14.527 37.098 9.726 8.238 6.043 10.863 
310124000616 1.135 14.532 36.954 9.723 8.241 5.618 10.868 
310124002116 1.138 14.539 37.142 9.722 8.241 5.299 10.799 
310124003616 1.118 14.531 37.082 9.722 8.241 4.904 10.849 
310124005116 1.127 14.533 36.987 9.719 8.243 7.022 10.862 
310124010616 1.127 14.539 37.025 9.717 8.242 5.648 10.867 
310124012116 1.118 14.529 37.322 9.719 8.243 5.656 10.799 
310124013616 1.121 14.524 37.306 9.721 8.241 4.987 10.850 
310124015116 1.141 14.530 37.247 9.722 8.241 5.284 10.862 
310124020616 1.129 14.533 37.222 9.724 8.242 5.147 10.868 
310124022116 1.166 14.527 37.254 9.720 8.241 5.352 10.799 
310124023616 1.119 14.524 37.177 9.722 8.242 5.952 10.850 
310124025116 1.133 14.517 37.104 9.725 8.241 7.083 10.862 
310124030616 1.139 14.516 37.152 9.726 8.241 5.974 10.868 
310124032116 1.118 14.516 37.161 9.724 8.241 5.306 10.794 
310124033616 1.112 14.519 37.184 9.721 8.242 4.980 10.847 
310124035116 1.075 14.511 37.246 9.724 8.241 6.293 10.861 
310124040616 1.107 14.508 37.201 9.723 8.243 24.300 10.867 
310124042116 1.141 14.495 37.165 9.723 8.241 5.094 10.799 
310124043616 1.133 14.524 37.146 9.714 8.241 6.149 10.850 
310124045116 1.140 14.507 36.863 9.720 8.242 5.754 10.862 
310124050616 1.104 14.503 37.030 9.719 8.242 5.481 10.868 
310124052116 1.112 14.509 37.063 9.715 8.240 6.050 10.799 
310124053616 1.113 14.506 37.069 9.714 8.241 5.329 10.850 
310124055116 1.131 14.504 36.820 9.713 8.241 5.458 10.862 
310124060616 1.133 14.511 37.044 9.709 8.241 6.035 10.867 
310124062116 1.115 14.493 37.085 9.713 8.241 5.534 10.797 
310124063616 1.110 14.488 37.027 9.709 8.241 5.845 10.849 
310124065116 1.114 14.500 37.049 9.704 8.241 5.716 10.862 
310124070616 1.141 14.485 37.014 9.707 8.241 5.815 10.867 
310124072116 1.138 14.485 37.040 9.704 8.238 5.230 10.799 
310124073616 1.120 14.494 36.941 9.701 8.238 6.741 10.849 
310124075116 1.099 14.496 36.879 9.696 8.239 6.096 10.862 
310124080616 1.135 14.478 36.995 9.698 8.241 5.519 10.867 
310124082116 1.122 14.476 36.918 9.696 8.239 6.020 10.799 
310124083616 1.130 14.472 37.014 9.695 8.238 4.912 10.850 
310124085116 1.136 14.480 36.794 9.690 8.240 3.727 10.862 
310124090616 1.125 14.480 37.001 9.689 8.241 2.839 10.868 
310124092116 1.134 14.476 37.062 9.689 8.239 2.148 10.794 
310124093616 1.124 14.485 36.829 9.686 8.239 2.277 10.847 
310124095116 1.123 14.482 36.642 9.687 8.241 2.004 10.861 
310124100616 1.121 14.485 36.648 9.687 8.241 1.784 10.867 
310124102116 1.120 14.495 36.656 9.683 8.241 2.247 10.799 
310124103616 1.097 14.507 36.650 9.680 8.242 1.761 10.850 
310124105116 1.124 14.509 36.658 9.680 8.243 1.830 10.862 
310124110616 1.132 14.528 36.632 9.674 8.243 1.177 10.868 
310124112116 1.133 14.540 36.655 9.672 8.243 1.693 10.800 
310124113616 1.137 14.544 36.646 9.669 8.244 1.533 10.850 
310124115116 1.126 14.569 36.691 9.665 8.245 1.503 10.863 
310124120616 1.123 14.569 36.603 9.667 8.245 1.693 10.868 
310124122116 1.124 14.556 36.557 9.675 8.244 1.177 10.797 
310124123616 1.121 14.611 36.551 9.664 8.243 1.814 10.849 
310124125116 1.112 14.643 36.550 9.659 8.248 2.141 10.862 
310124130616 1.131 14.630 36.933 9.669 8.248 2.634 10.868 
310124132116 1.128 14.644 36.759 9.665 8.245 3.818 10.800 
310124133616 1.124 14.629 36.627 9.670 8.244 2.543 10.851 
310124135116 1.112 14.625 36.774 9.673 8.241 2.498 10.864 
310124140616 1.110 14.617 36.778 9.678 8.241 1.974 10.869 
310124142116 1.119 14.617 36.603 9.681 8.241 1.928 10.799 
