SAMBAT Sea Ti  C/T/D/Odo/Fluo/pH GPS : 50195 
V:0,Pression (0/50),dba
V:1,Température (-5/35),°C
V:2,Salinité (2/42),g/l
V:3,Oxygène (0/20),mgl
V:4,PH (0/14),pH
V:5,Fluorescence (0/500),ppb
V:6,Tension batterie,V
080324155305 0.886 13.974 29.750 10.108 8.251 10.324 10.733 
080324160804 0.888 13.978 29.740 10.099 8.251 11.858 10.814 
080324162304 0.892 13.981 29.738 10.093 8.250 10.833 10.827 
080324163804 0.823 13.993 29.733 10.086 8.251 11.402 10.832 
080324165304 0.916 13.993 29.726 10.082 8.251 11.949 10.849 
080324170804 0.891 13.985 29.732 10.080 8.252 11.546 10.857 
080324172304 0.892 13.986 29.687 10.073 8.252 13.254 10.851 
080324173804 0.826 13.976 29.665 10.073 8.252 12.192 10.840 
080324175304 0.872 13.965 29.672 10.067 8.252 12.761 10.853 
080324180804 0.811 13.966 29.748 10.057 8.251 11.691 10.859 
080324182304 0.847 13.968 29.663 10.049 8.251 12.070 10.850 
080324183804 0.882 13.959 29.783 10.048 8.250 14.348 10.838 
080324185304 0.811 13.949 29.615 10.044 8.251 11.660 10.852 
080324190804 0.879 13.963 29.601 10.034 8.249 16.101 10.859 
080324192304 0.831 13.954 29.579 10.030 8.250 14.545 10.840 
080324193804 0.874 13.953 29.587 10.025 8.250 11.842 10.835 
080324195304 0.781 13.954 29.562 10.023 8.251 13.680 10.849 
080324200804 0.881 13.965 29.572 10.013 8.250 12.791 10.857 
080324202304 0.891 13.981 29.585 9.998 8.250 14.052 10.851 
080324203804 0.879 13.979 29.541 9.999 8.251 11.691 10.836 
080324205304 0.852 13.993 29.570 9.993 8.251 12.101 10.851 
080324210804 0.844 13.986 29.548 9.991 8.252 11.174 10.857 
080324212304 0.871 13.988 29.541 9.987 8.252 12.685 10.848 
080324213804 0.886 14.003 29.528 9.977 8.252 12.556 10.834 
080324215304 0.879 13.995 29.529 9.975 8.252 12.351 10.853 
080324220804 0.874 13.997 29.527 9.969 8.252 10.992 10.859 
080324222304 0.847 14.013 29.525 9.961 8.251 11.235 10.839 
080324223804 0.898 14.015 29.488 9.954 8.251 10.969 10.835 
080324225304 0.852 14.022 29.440 9.950 8.251 13.019 10.851 
080324230804 0.874 14.021 29.387 9.946 8.251 10.856 10.859 
080324232304 0.905 14.009 29.413 9.945 8.251 12.548 10.853 
080324233804 0.853 14.013 29.432 9.941 8.250 10.134 10.841 
080324235304 0.879 14.017 30.327 9.937 8.249 12.290 10.854 
090324000804 0.891 14.010 29.560 9.935 8.250 11.987 10.860 
090324002304 0.891 14.004 29.451 9.933 8.250 11.934 10.853 
090324003804 0.886 14.001 29.375 9.933 8.250 11.144 10.841 
090324005304 0.894 13.992 29.415 9.932 8.249 12.442 10.855 
090324010804 0.887 13.981 29.401 9.929 8.250 12.359 10.861 
090324012304 0.859 13.985 29.423 9.925 8.249 12.920 10.840 
090324013804 0.892 13.975 29.338 9.931 8.250 11.152 10.838 
090324015304 0.867 13.981 29.301 9.920 8.249 12.571 10.853 
090324020804 0.881 13.979 29.276 9.918 8.249 10.180 10.860 
090324022304 0.870 13.979 29.250 9.920 8.249 11.759 10.853 
090324023804 0.835 13.982 29.194 9.910 8.246 12.336 10.841 
090324025304 0.880 13.954 29.239 9.921 8.249 11.949 10.855 
090324030804 0.898 13.967 29.239 9.916 8.250 11.212 10.861 
090324032304 0.874 13.971 29.177 9.910 8.249 13.892 10.852 
090324033804 0.883 13.968 29.135 9.911 8.248 11.220 10.844 
090324035304 0.868 13.975 29.115 9.904 8.249 13.057 10.856 
090324040804 0.864 13.969 29.131 9.909 8.249 12.237 10.861 
090324042304 0.878 13.948 29.116 9.915 8.249 11.501 10.842 
090324043804 0.869 13.903 29.063 9.923 8.244 44.576 10.841 
090324045304 0.881 13.877 29.029 9.941 8.246 48.425 10.851 
090324050804 0.880 13.832 29.013 9.950 8.245 42.694 10.859 
090324052304 0.887 13.821 29.008 9.951 8.248 42.861 10.852 
090324053804 0.845 13.834 29.020 9.949 8.248 10.916 10.844 
090324055304 0.866 13.844 29.112 9.941 8.248 10.719 10.856 
090324060804 0.866 13.854 29.272 9.940 8.247 12.154 10.861 
090324062304 0.870 13.870 29.263 9.929 8.245 13.034 10.853 
090324063804 0.897 13.901 29.328 9.920 8.246 14.613 10.841 
090324065304 0.858 13.890 29.329 9.927 8.247 11.372 10.855 
090324070804 0.921 13.915 29.521 9.920 8.246 11.364 10.861 
090324072304 0.896 13.928 29.463 9.921 8.249 11.357 10.840 
090324073804 0.858 13.932 29.895 9.921 8.249 9.413 10.837 
090324075304 0.854 13.961 30.240 9.918 8.252 8.487 10.853 
090324080804 0.872 13.957 29.365 9.929 8.254 5.944 10.860 
090324082304 0.901 13.963 29.417 9.936 8.253 5.025 10.853 
090324083804 0.876 13.974 29.219 9.944 8.253 5.595 10.841 
090324085304 0.894 13.975 29.014 9.952 8.253 5.208 10.855 
090324090804 0.889 13.979 29.044 9.961 8.254 3.955 10.861 
090324092304 0.863 13.983 29.000 9.975 8.253 3.849 10.853 
090324093804 0.906 13.996 29.005 9.988 8.254 3.393 10.842 
090324095304 0.881 14.019 28.962 10.000 8.253 3.272 10.856 
090324100804 0.882 14.041 28.995 10.014 8.255 2.611 10.862 
090324102304 0.902 14.060 29.043 10.031 8.255 2.695 10.841 
090324103804 0.891 14.099 28.962 10.028 8.255 2.763 10.847 
090324105304 0.883 14.106 28.869 10.046 8.256 2.171 10.858 
090324110804 0.863 14.118 28.801 10.063 8.255 2.657 10.863 
090324112304 0.842 14.111 28.811 10.087 8.255 2.710 10.855 
090324113804 0.894 14.204 28.809 10.080 8.256 1.989 10.840 
090324115304 0.831 14.332 28.841 10.071 8.258 2.596 10.856 
090324120804 0.874 14.386 28.881 10.081 8.261 2.346 10.863 
090324122304 0.852 14.325 28.880 10.113 8.261 1.837 10.855 
090324123804 0.899 14.340 28.879 10.132 8.261 1.997 10.844 
090324125304 0.895 14.373 28.936 10.147 8.260 2.399 10.859 
090324130804 0.874 14.424 28.857 10.153 8.258 2.224 10.865 
090324132304 0.876 14.453 28.786 10.160 8.261 2.657 10.846 
090324133804 0.839 14.449 28.860 10.186 8.260 2.611 10.846 
090324135304 0.793 14.441 28.769 10.205 8.257 4.236 10.860 
090324140804 0.925 14.465 28.768 10.219 8.258 5.382 10.865 
090324142304 0.835 14.519 28.853 10.221 8.256 2.422 10.857 
090324143804 0.862 14.437 28.738 10.240 8.259 2.148 10.850 
090324145304 0.853 14.489 28.694 10.236 8.256 2.854 10.862 
090324150804 0.782 14.504 28.696 10.237 8.255 3.545 10.866 
090324152304 0.871 14.531 28.754 10.235 8.255 2.619 10.855 
090324153804 0.869 14.583 28.728 10.213 8.256 53.299 10.850 
090324155304 0.873 14.671 28.628 10.185 8.258 37.372 10.862 
