SAMBAT Sea Ti  C/T/D/Odo/Fluo/pH GPS : 50195 
V:0,Pression (0/50),dba
V:1,Température (-5/35),°C
V:2,Salinité (2/42),g/l
V:3,Oxygène (0/20),mgl
V:4,PH (0/14),pH
V:5,Fluorescence (0/500),ppb
V:6,Tension batterie,V
110324160016 0.769 14.138 27.084 10.066 8.249 6.749 10.738 
110324161515 0.896 14.129 27.134 10.071 8.249 4.084 10.803 
110324163015 0.942 14.147 27.136 10.071 8.247 4.540 10.815 
110324164515 0.939 14.135 27.165 10.077 8.247 4.608 10.844 
110324170015 0.832 14.130 27.137 10.079 8.247 6.612 10.856 
110324171515 0.784 14.113 27.119 10.080 8.246 7.022 10.844 
110324173015 0.895 14.099 27.196 10.078 8.246 10.279 10.825 
110324174515 0.853 14.086 27.118 10.081 8.246 11.379 10.850 
110324180015 0.880 14.069 27.311 10.076 8.246 12.404 10.860 
110324181515 0.931 14.065 27.271 10.071 8.246 11.129 10.845 
110324183015 0.930 14.076 27.134 10.058 8.245 10.522 10.826 
110324184515 0.914 14.079 27.079 10.045 8.245 10.856 10.851 
110324190015 0.798 14.085 27.033 10.030 8.244 11.174 10.860 
110324191515 0.912 14.096 27.035 10.012 8.244 12.503 10.827 
110324193015 0.768 14.106 27.029 9.999 8.245 11.888 10.822 
110324194515 0.836 14.094 27.028 9.992 8.245 11.516 10.849 
110324200015 0.848 14.086 26.995 9.978 8.245 11.873 10.859 
110324201515 0.924 13.957 26.860 10.014 8.251 10.894 10.844 
110324203015 0.903 13.971 26.727 10.016 8.251 9.869 10.825 
110324204515 0.881 13.992 26.801 10.011 8.252 10.446 10.850 
110324210015 0.919 13.961 26.847 10.016 8.254 11.045 10.860 
110324211515 0.816 13.938 26.683 10.016 8.250 9.474 10.826 
110324213015 0.921 13.928 26.762 10.009 8.250 10.263 10.821 
110324214515 0.913 13.922 26.752 10.019 8.257 9.292 10.848 
110324220015 0.906 13.928 26.839 10.005 8.249 9.990 10.858 
110324221515 0.964 13.964 26.835 9.997 8.248 10.423 10.845 
110324223015 0.897 13.938 26.803 10.001 8.249 8.988 10.825 
110324224515 0.897 13.921 26.777 10.008 8.251 9.155 10.850 
110324230015 0.941 13.969 26.826 9.990 8.247 9.778 10.859 
110324231515 0.853 13.917 26.844 9.999 8.250 7.698 10.846 
110324233015 0.845 13.884 26.771 10.006 8.254 10.916 10.825 
110324234515 0.914 13.892 26.775 10.005 8.253 8.897 10.849 
120324000015 0.840 13.900 26.783 10.001 8.251 8.571 10.859 
120324001515 0.911 13.896 26.794 10.003 8.250 7.872 10.845 
120324003015 0.881 13.883 26.750 10.006 8.251 7.963 10.824 
120324004515 0.827 13.901 26.791 9.998 8.249 8.882 10.850 
120324010015 0.851 13.857 26.777 10.014 8.252 7.758 10.859 
120324011515 0.886 13.858 26.791 10.005 8.250 8.684 10.825 
120324013015 0.827 13.931 26.797 9.989 8.246 9.937 10.820 
120324014515 0.888 13.991 26.825 9.971 8.247 9.975 10.847 
120324020015 0.847 14.044 26.861 9.956 8.250 9.747 10.857 
120324021515 0.845 14.043 26.812 9.959 8.253 10.301 10.846 
120324023015 0.903 14.030 26.792 9.963 8.255 12.488 10.825 
120324024515 0.849 14.036 26.786 9.960 8.255 10.279 10.850 
120324030015 0.931 14.035 26.776 9.962 8.255 8.829 10.860 
120324031515 0.917 14.039 26.784 9.959 8.255 10.157 10.846 
120324033015 0.819 14.035 26.793 9.959 8.254 12.784 10.826 
120324034515 0.838 14.035 26.778 9.959 8.253 9.800 10.850 
120324040015 0.789 14.030 26.764 9.957 8.253 10.074 10.860 
120324041515 0.848 14.039 26.747 9.956 8.252 10.818 10.827 
120324043015 0.855 14.034 26.754 9.957 8.252 10.188 10.821 
120324044515 0.828 14.031 26.737 9.955 8.252 10.066 10.848 
120324050015 0.863 14.037 26.744 9.952 8.252 9.998 10.859 
120324051515 0.871 14.032 26.729 9.954 8.252 9.201 10.845 
120324053015 0.809 14.039 26.726 9.952 8.252 9.246 10.825 
120324054515 0.905 14.042 26.717 9.951 8.252 11.911 10.850 
120324060015 0.881 14.044 26.696 9.952 8.252 10.165 10.860 
120324061515 0.858 14.047 26.719 9.951 8.252 9.884 10.845 
120324063015 0.793 14.052 27.006 9.948 8.252 10.119 10.826 
120324064515 0.927 14.043 26.792 9.954 8.253 9.595 10.850 
120324070015 0.892 13.961 26.975 9.975 8.252 9.565 10.860 
120324071515 0.964 13.954 26.794 9.983 8.252 8.419 10.827 
120324073015 0.920 13.954 26.628 9.981 8.251 7.713 10.821 
120324074515 0.900 14.045 26.829 9.958 8.249 9.679 10.848 
120324080015 0.934 14.053 26.817 9.958 8.249 7.804 10.858 
120324081515 0.864 14.052 26.782 9.958 8.250 8.039 10.845 
120324083015 0.815 14.063 26.807 9.961 8.251 4.767 10.825 
120324084515 0.897 14.074 26.756 9.965 8.251 3.727 10.850 
120324090015 0.932 14.078 26.941 9.968 8.251 4.084 10.859 
120324091515 0.966 14.086 26.762 9.975 8.253 3.568 10.840 
120324093015 0.987 14.088 26.772 9.979 8.253 4.578 10.824 
120324094515 0.891 14.114 26.777 9.972 8.254 3.302 10.849 
120324100015 0.929 14.140 26.751 9.979 8.254 2.725 10.858 
120324101515 0.960 14.120 26.765 9.987 8.255 2.475 10.825 
120324103015 0.941 14.160 26.781 9.999 8.254 2.923 10.820 
120324104515 0.904 14.164 26.760 10.010 8.255 2.194 10.847 
120324110015 0.896 14.210 26.684 10.007 8.255 2.255 10.858 
120324111515 0.951 14.241 26.814 10.016 8.255 2.346 10.845 
120324113015 1.019 14.338 26.781 10.004 8.256 2.429 10.825 
120324114515 0.853 14.450 26.785 9.986 8.258 2.080 10.849 
120324120015 0.946 14.520 26.826 9.987 8.260 1.731 10.860 
120324121515 0.902 14.435 26.711 10.029 8.264 2.095 10.846 
120324123015 0.882 14.420 26.724 10.049 8.262 1.792 10.827 
120324124515 0.972 14.454 26.791 10.054 8.260 1.951 10.852 
120324130015 0.863 14.528 26.733 10.055 8.260 1.465 10.862 
120324131515 1.004 14.615 26.593 10.047 8.261 1.541 10.828 
120324133015 0.943 14.472 26.678 10.105 8.262 2.604 10.823 
120324134515 0.877 14.813 26.863 10.024 8.258 1.549 10.851 
120324140015 0.949 14.561 26.887 10.111 8.258 1.814 10.862 
120324141515 0.895 14.313 26.708 10.207 8.258 2.353 10.849 
120324143015 0.896 14.460 26.724 10.168 8.255 1.769 10.829 
120324144515 0.855 14.462 26.736 10.184 8.256 1.989 10.854 
120324150015 0.886 14.611 26.779 10.140 8.251 1.974 10.864 
120324151515 0.944 14.577 26.700 10.160 8.255 2.300 10.843 
120324153015 0.907 14.603 26.791 10.161 8.255 2.103 10.829 
120324154515 0.895 14.610 26.806 10.169 8.254 2.285 10.854 
120324160015 0.960 14.551 26.939 10.187 8.253 3.363 10.862 
