SAMBAT Sea Ti  C/T/D/Odo/Fluo/pH GPS : 50195 
V:0,Pression (0/50),dba
V:1,Température (-5/35),°C
V:2,Salinité (2/42),g/l
V:3,Oxygène (0/20),mgl
V:4,PH (0/14),pH
V:5,Fluorescence (0/500),ppb
V:6,Tension batterie,V
240124140636 1.051 14.403 38.329 9.546 8.240 3.014 10.740 
240124142135 1.057 14.537 38.330 9.508 8.249 1.670 10.788 
240124143635 1.074 14.513 38.300 9.528 8.248 2.323 10.836 
240124145135 1.060 14.484 38.287 9.539 8.243 1.981 10.853 
240124150635 1.039 14.475 38.307 9.546 8.240 2.315 10.860 
240124152135 1.045 14.446 38.268 9.554 8.238 4.904 10.805 
240124153635 1.093 14.401 38.293 9.575 8.238 4.950 10.846 
240124155135 1.071 14.415 38.394 9.575 8.236 3.378 10.858 
240124160635 1.066 14.393 38.385 9.586 8.236 5.003 10.864 
240124162135 1.055 14.412 38.375 9.584 8.235 4.555 10.805 
240124163635 1.041 14.430 38.389 9.582 8.245 5.959 10.847 
240124165135 1.037 14.415 38.393 9.592 8.240 8.593 10.859 
240124170635 1.051 14.394 38.387 9.599 8.237 5.397 10.864 
240124172135 1.069 14.419 38.388 9.598 8.237 5.435 10.801 
240124173635 1.049 14.456 38.399 9.588 8.244 4.950 10.844 
240124175135 1.068 14.423 38.382 9.598 8.241 5.276 10.858 
240124180635 1.083 14.407 38.407 9.612 8.238 5.815 10.864 
240124182135 1.029 14.386 38.365 9.617 8.236 6.248 10.807 
240124183635 1.066 14.385 38.407 9.617 8.234 5.466 10.848 
240124185135 1.058 14.364 38.401 9.623 8.233 5.595 10.860 
240124190635 1.048 14.365 38.395 9.625 8.232 6.475 10.864 
240124192135 1.058 14.367 38.371 9.626 8.232 6.437 10.807 
240124193635 1.067 14.370 38.372 9.627 8.234 6.020 10.848 
240124195135 1.061 14.359 38.394 9.627 8.234 5.602 10.859 
240124200635 1.039 14.384 38.255 9.624 8.240 7.455 10.865 
240124202135 1.045 14.378 38.277 9.625 8.236 5.466 10.802 
240124203635 1.025 14.370 38.239 9.625 8.236 5.420 10.845 
240124205135 1.098 14.372 38.229 9.626 8.235 5.572 10.858 
240124210635 1.065 14.371 38.240 9.626 8.234 6.589 10.864 
240124212135 1.049 14.358 38.276 9.626 8.233 5.739 10.808 
240124213635 1.085 14.352 38.328 9.626 8.231 4.570 10.848 
240124215135 1.044 14.356 38.347 9.624 8.231 4.904 10.860 
240124220635 1.110 14.356 38.238 9.623 8.235 5.344 10.865 
240124222135 1.094 14.354 38.234 9.626 8.235 5.481 10.807 
240124223635 1.058 14.347 38.537 9.622 8.236 6.195 10.848 
240124225135 1.071 14.352 38.337 9.622 8.234 6.248 10.860 
240124230635 1.055 14.341 38.317 9.623 8.233 5.891 10.865 
240124232135 1.076 14.335 38.303 9.627 8.231 5.990 10.801 
240124233635 1.035 14.307 38.312 9.638 8.230 5.747 10.844 
240124235135 1.097 14.323 38.242 9.625 8.231 5.359 10.857 
250124000635 1.001 14.315 38.197 9.634 8.232 5.595 10.863 
250124002135 1.056 14.304 38.272 9.634 8.232 4.623 10.807 
250124003635 1.055 14.299 38.319 9.632 8.231 4.502 10.847 
250124005135 1.095 14.294 38.320 9.631 8.230 6.058 10.859 
250124010635 1.050 14.287 38.349 9.628 8.231 5.807 10.864 
250124012135 1.027 14.287 38.308 9.626 8.231 6.043 10.802 
250124013635 1.090 14.279 38.308 9.624 8.232 6.384 10.844 
250124015135 1.043 14.283 38.293 9.624 8.233 5.390 10.857 
250124020635 1.081 14.273 38.256 9.624 8.233 5.390 10.863 
250124022135 1.074 14.288 38.276 9.620 8.234 5.284 10.807 
250124023635 1.034 14.287 38.260 9.618 8.233 5.359 10.847 
250124025135 1.044 14.275 38.270 9.617 8.234 6.938 10.859 
250124030635 1.034 14.285 38.294 9.614 8.234 7.455 10.864 
250124032135 1.059 14.279 38.246 9.614 8.232 6.111 10.806 
250124033635 0.999 14.271 38.234 9.613 8.233 6.399 10.847 
250124035135 1.057 14.283 38.215 9.608 8.232 6.407 10.859 
250124040635 1.034 14.264 38.216 9.612 8.234 5.291 10.864 
250124042135 1.051 14.279 38.215 9.608 8.233 5.731 10.806 
250124043635 0.982 14.270 38.234 9.608 8.234 6.392 10.847 
250124045135 1.055 14.261 38.233 9.610 8.234 5.898 10.859 
250124050635 1.047 14.274 38.224 9.604 8.234 7.789 10.864 
250124052135 1.013 14.269 38.191 9.603 8.233 6.468 10.800 
250124053635 1.047 14.266 38.216 9.601 8.234 6.270 10.843 
250124055135 1.047 14.272 38.188 9.596 8.234 5.769 10.857 
250124060635 1.021 14.257 38.196 9.596 8.234 5.974 10.862 
250124062135 1.057 14.253 38.187 9.594 8.233 6.984 10.806 
250124063635 1.070 14.257 38.204 9.594 8.234 5.618 10.846 
250124065135 1.024 14.265 38.163 9.591 8.235 6.065 10.858 
250124070635 1.049 14.258 38.148 9.591 8.235 5.853 10.864 
250124072135 1.024 14.259 38.125 9.591 8.235 6.437 10.803 
250124073635 1.049 14.260 38.135 9.590 8.233 6.005 10.845 
250124075135 1.066 14.251 38.123 9.590 8.233 5.868 10.858 
250124080635 1.038 14.252 38.164 9.587 8.234 6.225 10.863 
250124082135 1.076 14.255 38.134 9.585 8.234 7.447 10.806 
250124083635 1.072 14.239 38.148 9.588 8.234 4.927 10.847 
250124085135 1.086 14.245 38.147 9.585 8.235 4.502 10.858 
250124090635 1.049 14.248 38.180 9.585 8.236 3.317 10.864 
250124092135 1.041 14.245 38.180 9.584 8.234 2.885 10.804 
250124093635 1.065 14.251 38.095 9.583 8.236 2.892 10.845 
250124095135 1.034 14.254 38.139 9.583 8.235 3.204 10.858 
250124100635 1.069 14.262 38.080 9.583 8.237 2.589 10.864 
250124102135 1.057 14.266 38.116 9.582 8.237 2.649 10.806 
250124103635 1.028 14.275 38.076 9.579 8.237 2.551 10.847 
250124105135 1.023 14.283 38.112 9.580 8.236 2.224 10.859 
250124110635 1.066 14.293 38.097 9.578 8.238 2.217 10.864 
250124112135 1.025 14.311 38.108 9.575 8.241 2.019 10.806 
250124113635 1.015 14.308 38.060 9.577 8.237 2.034 10.847 
250124115135 1.123 14.303 38.059 9.580 8.241 1.784 10.859 
250124120635 0.988 14.341 38.043 9.569 8.236 2.907 10.864 
250124122135 1.070 14.339 38.042 9.573 8.243 1.541 10.801 
250124123635 1.069 14.335 38.029 9.575 8.238 1.997 10.844 
250124125135 1.104 14.352 37.998 9.574 8.242 2.224 10.858 
250124130635 1.049 14.326 37.990 9.585 8.241 2.460 10.864 
250124132135 0.993 14.356 38.057 9.579 8.238 2.892 10.807 
250124133635 1.056 14.376 37.986 9.581 8.243 2.581 10.848 
250124135135 1.047 14.396 37.978 9.577 8.243 2.141 10.860 
250124140635 1.026 14.511 37.897 9.557 8.248 2.930 10.865 
