SAMBAT Sea Ti  C/T/D/Odo/Fluo/pH GPS : 50195 
V:0,Pression (0/50),dba
V:1,Température (-5/35),°C
V:2,Salinité (2/42),g/l
V:3,Oxygène (0/20),mgl
V:4,PH (0/14),pH
V:5,Fluorescence (0/500),ppb
V:6,Tension batterie,V
260124141118 1.051 14.390 37.576 9.671 8.244 2.824 10.647 
260124142617 1.014 14.357 37.595 9.688 8.241 4.198 10.797 
260124144117 1.076 14.370 37.641 9.694 8.238 4.722 10.833 
260124145617 1.028 14.365 37.598 9.702 8.238 16.564 10.851 
260124151117 1.056 14.364 37.586 9.708 8.238 5.952 10.836 
260124152617 1.023 14.359 37.655 9.718 8.239 4.805 10.826 
260124154117 1.019 14.366 37.634 9.724 8.239 5.473 10.850 
260124155617 1.002 14.346 37.632 9.735 8.237 6.278 10.860 
260124161117 1.054 14.322 37.639 9.746 8.236 7.052 10.841 
260124162617 1.043 14.306 37.637 9.763 8.235 7.227 10.828 
260124164117 1.037 14.281 37.636 9.773 8.235 7.250 10.852 
260124165617 1.031 14.266 37.636 9.779 8.234 7.531 10.861 
260124171117 1.089 14.257 37.614 9.781 8.233 7.660 10.816 
260124172617 1.038 14.262 37.593 9.781 8.232 9.914 10.823 
260124174117 1.072 14.262 37.604 9.780 8.234 10.043 10.849 
260124175617 0.998 14.265 37.726 9.780 8.233 8.882 10.860 
260124181117 1.044 14.243 37.589 9.780 8.234 8.897 10.841 
260124182617 1.039 14.255 37.624 9.778 8.233 8.760 10.828 
260124184117 1.021 14.218 37.611 9.783 8.232 8.662 10.852 
260124185617 1.050 14.204 37.614 9.782 8.232 12.495 10.861 
260124191117 1.050 14.226 37.634 9.776 8.231 7.986 10.841 
260124192617 1.038 14.187 37.580 9.794 8.236 8.722 10.828 
260124194117 1.058 14.125 37.513 9.807 8.241 7.796 10.852 
260124195617 1.059 14.119 37.585 9.805 8.232 8.199 10.861 
260124201117 1.038 14.138 37.620 9.792 8.233 9.261 10.814 
260124202617 1.051 14.143 37.624 9.784 8.235 9.003 10.823 
260124204117 1.039 14.138 37.602 9.777 8.234 8.700 10.849 
260124205617 1.045 14.137 37.611 9.769 8.234 10.157 10.860 
260124211117 1.041 14.135 37.601 9.764 8.233 8.624 10.840 
260124212617 1.074 14.135 37.889 9.758 8.234 9.542 10.827 
260124214117 1.038 14.141 37.593 9.749 8.236 8.578 10.851 
260124215617 1.054 14.154 37.572 9.739 8.236 8.016 10.861 
260124221117 1.047 14.151 37.549 9.732 8.236 7.493 10.836 
260124222617 1.053 14.151 37.729 9.726 8.236 8.525 10.827 
260124224117 1.025 14.143 37.603 9.722 8.236 8.586 10.851 
260124225617 1.055 14.147 37.659 9.715 8.236 7.508 10.861 
260124231117 1.072 14.143 37.870 9.711 8.237 8.054 10.816 
260124232617 1.044 14.157 37.563 9.705 8.238 7.933 10.823 
260124234117 1.048 14.156 37.491 9.703 8.239 7.941 10.849 
260124235617 1.036 14.169 37.557 9.699 8.238 8.426 10.860 
270124001117 1.061 14.162 37.711 9.697 8.238 8.844 10.841 
270124002617 1.037 14.160 37.581 9.695 8.237 8.411 10.827 
270124004117 1.034 14.163 37.542 9.693 8.236 8.920 10.852 
270124005617 1.051 14.167 37.564 9.691 8.238 7.500 10.861 
270124011117 1.043 14.164 37.541 9.692 8.237 8.753 10.819 
270124012617 1.042 14.169 37.542 9.687 8.237 9.223 10.824 
270124014117 1.081 14.168 37.511 9.684 8.237 9.466 10.849 
270124015617 1.064 14.156 37.518 9.681 8.236 8.480 10.860 
270124021117 1.044 14.172 37.579 9.678 8.238 8.070 10.842 
270124022617 1.052 14.169 37.474 9.683 8.237 10.256 10.828 
270124024117 1.043 14.176 37.507 9.685 8.236 8.722 10.852 
270124025617 1.065 14.175 37.490 9.686 8.236 9.687 10.861 
270124031117 1.041 14.179 37.488 9.686 8.238 9.193 10.841 
270124032617 1.060 14.185 37.608 9.685 8.237 9.466 10.828 
270124034117 1.041 14.181 37.472 9.687 8.237 8.464 10.852 
270124035617 1.025 14.178 37.521 9.688 8.236 9.254 10.861 
270124041117 1.042 14.182 37.483 9.687 8.236 8.722 10.814 
270124042617 1.038 14.177 37.535 9.689 8.237 9.527 10.823 
270124044117 1.075 14.187 37.552 9.683 8.237 8.275 10.849 
270124045617 1.048 14.181 37.560 9.686 8.237 7.743 10.860 
270124051117 1.039 14.188 37.599 9.684 8.236 7.227 10.814 
270124052617 1.066 14.187 37.582 9.685 8.236 7.941 10.823 
270124054117 1.046 14.187 37.582 9.681 8.236 8.244 10.849 
270124055617 1.023 14.179 37.561 9.678 8.236 6.847 10.859 
270124061117 1.049 14.187 37.600 9.676 8.235 6.863 10.840 
270124062617 1.033 14.182 37.579 9.675 8.235 6.559 10.827 
270124064117 1.069 14.184 37.558 9.673 8.236 7.098 10.851 
270124065617 1.066 14.184 37.511 9.674 8.236 8.320 10.861 
270124071117 1.059 14.175 37.505 9.672 8.236 7.553 10.840 
270124072617 1.075 14.176 37.524 9.669 8.237 6.847 10.828 
270124074117 1.054 14.189 37.613 9.662 8.235 6.840 10.852 
270124075617 1.049 14.168 37.692 9.666 8.235 6.908 10.861 
270124081117 1.047 14.181 37.540 9.660 8.235 6.544 10.815 
270124082617 1.068 14.190 37.548 9.651 8.237 7.242 10.823 
270124084117 1.063 14.193 37.547 9.649 8.236 6.119 10.849 
270124085617 1.061 14.180 37.563 9.649 8.237 4.745 10.860 
270124091117 1.077 14.198 37.529 9.643 8.238 3.818 10.842 
270124092617 1.056 14.201 37.786 9.637 8.239 3.333 10.828 
270124094117 1.086 14.205 37.673 9.635 8.239 3.500 10.852 
270124095617 1.040 14.218 37.583 9.633 8.239 3.120 10.861 
270124101117 1.066 14.226 37.650 9.633 8.240 2.862 10.841 
270124102617 1.076 14.237 37.609 9.630 8.240 3.074 10.828 
270124104117 1.082 14.245 37.651 9.629 8.241 2.839 10.852 
270124105617 1.078 14.251 37.619 9.630 8.241 2.923 10.862 
270124111117 1.062 14.274 37.607 9.625 8.242 2.536 10.816 
270124112617 1.047 14.281 37.533 9.625 8.242 2.437 10.824 
270124114117 1.079 14.342 37.538 9.606 8.243 2.505 10.850 
270124115617 1.069 14.362 37.528 9.609 8.248 2.050 10.860 
270124121117 1.069 14.415 37.600 9.600 8.247 2.566 10.840 
270124122617 1.087 14.463 37.586 9.586 8.249 1.845 10.829 
270124124117 1.077 14.518 37.597 9.580 8.251 2.293 10.853 
270124125617 1.103 14.587 37.573 9.565 8.254 1.837 10.862 
270124131117 1.067 14.475 37.527 9.603 8.248 4.137 10.841 
270124132617 1.079 14.522 37.524 9.599 8.243 1.959 10.830 
270124134117 1.073 14.522 37.541 9.592 8.249 1.928 10.854 
270124135617 1.048 14.604 37.606 9.579 8.247 2.209 10.864 
270124141117 1.046 14.865 37.602 9.513 8.256 2.346 10.819 
