SAMBAT Sea Ti  C/T/D/Odo/Fluo/pH GPS : 50195 
V:0,Pression (0/50),dba
V:1,Température (-5/35),°C
V:2,Salinité (2/42),g/l
V:3,Oxygène (0/20),mgl
V:4,PH (0/14),pH
V:5,Fluorescence (0/500),ppb
V:6,Tension batterie,V
280224153129 0.918 14.320 33.102 10.056 8.253 2.361 10.736 
280224154628 0.858 14.342 33.250 10.062 8.254 2.072 10.818 
280224160128 0.898 14.353 33.254 10.073 8.255 2.186 10.844 
280224161628 0.888 14.370 32.655 10.104 8.256 2.657 10.825 
280224163128 0.874 14.386 32.682 10.101 8.257 4.099 10.827 
280224164628 0.932 14.367 32.549 10.113 8.258 4.418 10.851 
280224170128 0.887 14.344 32.727 10.120 8.256 5.025 10.860 
280224171628 0.926 14.335 32.858 10.124 8.255 5.625 10.849 
280224173128 0.867 14.327 32.848 10.122 8.253 5.322 10.832 
280224174628 0.912 14.318 33.344 10.123 8.252 5.382 10.853 
280224180128 0.831 14.305 32.932 10.120 8.252 5.557 10.862 
280224181628 0.873 14.292 32.835 10.112 8.250 5.678 10.845 
280224183128 0.892 14.285 32.891 10.101 8.250 5.413 10.829 
280224184628 0.850 14.263 32.753 10.106 8.249 7.007 10.853 
280224190128 0.814 14.271 32.948 10.102 8.248 4.942 10.862 
280224191628 0.934 14.268 32.757 10.098 8.249 5.792 10.834 
280224193128 0.869 14.234 32.752 10.095 8.249 6.711 10.829 
280224194628 0.893 14.212 32.782 10.088 8.249 5.504 10.852 
280224200128 0.967 14.217 33.101 10.073 8.248 5.671 10.861 
280224201628 0.834 14.238 32.804 10.030 8.247 5.079 10.844 
280224203128 0.809 14.236 32.816 9.999 8.247 4.729 10.828 
280224204628 0.896 14.239 32.658 9.990 8.248 5.306 10.852 
280224210128 0.873 14.251 32.628 9.979 8.247 4.866 10.861 
280224211628 0.785 14.250 32.672 9.974 8.248 6.658 10.833 
280224213128 0.948 14.254 32.812 9.972 8.249 5.853 10.829 
280224214628 0.973 14.250 32.919 9.971 8.250 5.519 10.851 
280224220128 0.756 14.248 33.019 9.971 8.250 5.853 10.861 
280224221628 0.821 14.274 33.002 9.965 8.250 6.703 10.844 
280224223128 0.940 14.259 32.952 9.972 8.251 4.957 10.828 
280224224628 0.873 14.253 32.900 9.973 8.251 5.511 10.853 
280224230128 0.853 14.257 32.821 9.974 8.251 5.876 10.862 
280224231628 0.788 14.257 33.012 9.975 8.251 6.149 10.841 
280224233128 0.686 14.273 32.701 9.974 8.250 5.375 10.831 
280224234628 0.810 14.274 32.833 9.972 8.251 5.208 10.853 
290224000128 0.812 14.273 32.842 9.971 8.251 5.982 10.862 
290224001628 0.784 14.283 32.816 9.967 8.251 6.551 10.842 
290224003128 0.943 14.280 32.833 9.967 8.251 6.096 10.831 
290224004628 0.890 14.280 32.820 9.966 8.251 6.270 10.853 
290224010128 0.879 14.291 32.768 9.963 8.251 6.597 10.862 
290224011628 0.881 14.289 32.798 9.962 8.252 6.301 10.834 
290224013128 0.864 14.279 32.867 9.958 8.251 21.210 10.831 
290224014628 0.808 14.278 32.766 9.953 8.250 8.593 10.854 
290224020128 0.842 14.272 32.772 9.955 8.250 24.209 10.862 
290224021628 0.917 14.262 32.803 9.956 8.250 19.965 10.849 
290224023128 0.871 14.262 32.765 9.952 8.249 5.891 10.838 
290224024628 0.926 14.244 32.783 9.951 8.248 5.337 10.856 
290224030128 0.873 14.249 32.755 9.945 8.248 6.399 10.863 
290224031628 0.949 14.246 32.804 9.940 8.247 5.048 10.850 
290224033128 0.829 14.239 32.735 9.939 8.248 4.904 10.829 
290224034628 0.921 14.233 32.789 9.935 8.247 6.126 10.853 
290224040128 0.883 14.225 32.988 9.932 8.246 5.086 10.862 
290224041628 0.848 14.222 32.857 9.921 8.246 4.198 10.844 
290224043128 0.867 14.205 32.941 9.920 8.243 3.780 10.832 
290224044628 0.870 14.190 32.718 9.925 8.243 3.120 10.853 
290224050128 0.820 14.178 32.857 9.930 8.243 3.758 10.862 
290224051628 0.926 14.158 32.773 9.933 8.243 3.887 10.833 
290224053128 0.853 14.158 32.700 9.926 8.243 4.790 10.825 
290224054628 0.956 14.166 32.694 9.921 8.243 3.249 10.851 
290224060128 0.797 14.182 32.667 9.914 8.242 4.783 10.860 
290224061628 0.819 14.183 32.755 9.912 8.243 4.380 10.848 
290224063128 0.854 14.185 32.665 9.911 8.243 4.145 10.837 
290224064628 0.840 14.184 32.708 9.908 8.244 4.282 10.855 
290224070128 0.745 14.186 32.717 9.906 8.245 5.618 10.863 
290224071628 0.909 14.182 32.813 9.903 8.246 4.099 10.833 
290224073128 0.880 14.169 32.692 9.908 8.246 3.864 10.822 
290224074628 0.875 14.180 32.648 9.907 8.246 5.299 10.849 
290224080128 0.855 14.173 32.659 9.911 8.246 4.001 10.860 
290224081628 0.896 14.185 32.649 9.907 8.247 4.646 10.849 
290224083128 0.918 14.181 32.712 9.912 8.248 4.433 10.832 
290224084628 0.869 14.190 32.713 9.913 8.248 3.583 10.853 
290224090128 0.853 14.196 32.684 9.914 8.248 2.520 10.862 
290224091628 0.862 14.209 32.789 9.916 8.248 2.794 10.850 
290224093128 0.897 14.215 32.760 9.931 8.248 2.619 10.828 
290224094628 0.884 14.222 32.641 9.935 8.248 2.331 10.853 
290224100128 0.844 14.237 32.709 9.941 8.248 1.511 10.862 
290224101628 0.839 14.260 32.676 9.953 8.250 1.799 10.844 
290224103128 0.848 14.266 32.774 9.958 8.251 2.368 10.832 
290224104628 0.785 14.270 32.828 9.963 8.251 1.959 10.854 
290224110128 0.930 14.269 32.673 9.970 8.252 1.883 10.862 
290224111628 0.897 14.297 32.656 9.972 8.251 1.898 10.834 
290224113128 0.766 14.356 32.732 9.978 8.252 1.708 10.826 
290224114628 0.874 14.341 32.767 9.986 8.254 2.080 10.852 
290224120128 0.901 14.400 32.865 9.978 8.256 1.974 10.861 
290224121628 0.874 14.380 32.914 10.003 8.258 2.847 10.845 
290224123128 0.854 14.360 33.069 10.011 8.258 3.241 10.833 
290224124628 0.841 14.368 33.651 10.017 8.256 2.649 10.852 
290224130128 0.796 14.368 33.058 10.019 8.255 2.611 10.862 
290224131628 0.809 14.365 32.745 10.026 8.255 2.323 10.844 
290224133128 0.835 14.375 32.733 10.025 8.253 2.452 10.832 
290224134628 0.913 14.374 32.758 10.026 8.253 2.953 10.854 
290224140128 0.828 14.378 32.768 10.023 8.253 3.651 10.863 
290224141628 0.844 14.380 33.154 10.021 8.253 3.014 10.835 
290224143128 0.853 14.390 32.758 10.019 8.253 3.826 10.830 
290224144628 0.837 14.399 32.621 10.017 8.253 3.894 10.853 
290224150128 0.831 14.368 32.780 10.024 8.253 3.773 10.862 
290224151628 0.911 14.372 32.754 10.024 8.252 4.555 10.850 
290224153128 0.806 14.369 32.583 10.023 8.251 4.767 10.833 
