SAMBAT Sea Ti  C/T/D/Odo/Fluo/pH GPS : 50195 
V:0,Pression (0/50),dba
V:1,Température (-5/35),°C
V:2,Salinité (2/42),g/l
V:3,Oxygène (0/20),mgl
V:4,PH (0/14),pH
V:5,Fluorescence (0/500),ppb
V:6,Tension batterie,V
200124135726 0.992 14.402 39.375 9.665 8.234 2.725 10.737 
200124141225 1.060 14.391 39.395 9.667 8.236 2.923 10.810 
200124142725 1.008 14.398 39.403 9.667 8.236 2.217 10.820 
200124144225 1.052 14.412 39.385 9.663 8.235 2.695 10.845 
200124145725 1.047 14.413 39.393 9.663 8.236 2.604 10.856 
200124151225 1.044 14.409 39.391 9.668 8.235 2.801 10.844 
200124152725 1.106 14.412 39.392 9.664 8.235 2.991 10.830 
200124154225 1.001 14.406 39.440 9.661 8.235 2.854 10.851 
200124155725 1.050 14.410 39.482 9.659 8.236 3.879 10.860 
200124161225 0.995 14.421 39.403 9.657 8.235 4.851 10.824 
200124162725 1.072 14.417 39.426 9.657 8.235 5.420 10.826 
200124164225 0.971 14.418 39.442 9.655 8.238 5.048 10.849 
200124165725 1.078 14.405 39.431 9.653 8.234 5.435 10.859 
200124171225 1.009 14.420 39.420 9.652 8.235 5.466 10.846 
200124172725 1.079 14.421 39.395 9.646 8.238 5.359 10.831 
200124174225 1.078 14.441 39.405 9.633 8.235 5.974 10.852 
200124175725 1.059 14.411 39.388 9.637 8.235 7.007 10.861 
200124181225 1.041 14.431 39.400 9.624 8.236 5.990 10.825 
200124182725 1.064 14.434 39.376 9.623 8.234 5.056 10.827 
200124184225 1.105 14.439 39.350 9.615 8.236 5.101 10.850 
200124185725 1.088 14.427 39.416 9.617 8.236 5.504 10.860 
200124191225 1.065 14.426 39.367 9.603 8.233 5.086 10.845 
200124192725 1.064 14.429 39.382 9.603 8.233 4.555 10.831 
200124194225 1.041 14.416 39.376 9.605 8.233 5.671 10.853 
200124195725 1.078 14.409 39.382 9.598 8.234 4.866 10.861 
200124201225 1.078 14.409 39.377 9.596 8.234 4.843 10.825 
200124202725 1.040 14.434 39.376 9.578 8.231 5.382 10.827 
200124204225 1.112 14.416 39.401 9.578 8.234 5.754 10.850 
200124205725 1.078 14.411 39.378 9.582 8.232 5.883 10.860 
200124211225 1.105 14.414 39.438 9.572 8.232 5.048 10.845 
200124212725 1.074 14.402 39.400 9.567 8.232 5.747 10.832 
200124214225 1.122 14.418 39.431 9.555 8.230 5.534 10.852 
200124215725 1.065 14.409 39.375 9.553 8.236 4.980 10.861 
200124221225 1.039 14.390 39.411 9.554 8.235 4.790 10.845 
200124222725 1.111 14.379 39.387 9.557 8.231 5.041 10.831 
200124224225 1.084 14.381 39.396 9.547 8.231 5.117 10.853 
200124225725 1.005 14.380 39.403 9.543 8.232 5.215 10.861 
200124231225 1.064 14.388 39.450 9.540 8.234 4.418 10.826 
200124232725 1.059 14.421 39.403 9.525 8.236 4.213 10.827 
200124234225 1.107 14.398 39.408 9.530 8.234 5.063 10.850 
200124235725 1.042 14.409 39.468 9.522 8.232 4.722 10.860 
210124001225 1.093 14.372 39.461 9.524 8.233 4.980 10.845 
210124002725 1.103 14.390 39.392 9.525 8.232 4.919 10.831 
210124004225 1.127 14.407 39.435 9.516 8.234 5.155 10.853 
210124005725 1.031 14.399 39.448 9.517 8.233 4.737 10.861 
210124011225 1.049 14.359 39.458 9.524 8.230 4.995 10.846 
210124012725 1.057 14.375 39.382 9.520 8.231 4.418 10.832 
210124014225 1.113 14.364 39.456 9.522 8.231 4.152 10.853 
210124015725 1.091 14.402 39.458 9.508 8.233 4.987 10.861 
210124021225 1.146 14.399 39.448 9.508 8.237 4.282 10.826 
210124022725 1.095 14.380 39.455 9.514 8.233 4.767 10.827 
210124024225 1.072 14.397 39.466 9.506 8.231 4.987 10.850 
210124025725 1.112 14.367 39.478 9.512 8.235 4.289 10.860 
210124031225 1.112 14.379 39.435 9.509 8.232 4.745 10.845 
210124032725 1.096 14.362 39.328 9.513 8.232 4.555 10.831 
210124034225 1.138 14.359 39.421 9.513 8.232 4.790 10.853 
210124035725 1.004 14.353 39.464 9.519 8.231 5.382 10.861 
210124041225 1.097 14.365 39.429 9.512 8.230 5.246 10.825 
210124042725 1.081 14.323 39.468 9.517 8.230 5.155 10.827 
210124044225 1.110 14.353 39.431 9.519 8.231 6.506 10.850 
210124045725 1.090 14.327 39.413 9.530 8.232 4.699 10.860 
210124051225 1.153 14.322 39.413 9.532 8.231 6.278 10.844 
210124052725 1.098 14.301 39.446 9.537 8.231 5.496 10.831 
210124054225 1.094 14.287 39.461 9.544 8.231 6.263 10.852 
210124055725 1.087 14.281 39.481 9.548 8.231 5.033 10.860 
210124061225 1.044 14.316 39.442 9.542 8.236 6.293 10.844 
210124062725 1.098 14.303 39.455 9.546 8.241 5.853 10.831 
210124064225 1.050 14.337 39.427 9.540 8.239 4.426 10.852 
210124065725 1.088 14.314 39.460 9.541 8.237 4.600 10.860 
210124071225 1.073 14.326 39.521 9.551 8.236 5.762 10.825 
210124072725 1.093 14.343 39.512 9.541 8.236 4.760 10.827 
210124074225 1.085 14.339 39.455 9.544 8.236 4.714 10.850 
210124075725 1.094 14.328 39.444 9.555 8.238 5.124 10.859 
210124081225 1.089 14.307 39.453 9.565 8.236 5.101 10.844 
210124082725 1.101 14.359 39.481 9.544 8.238 4.411 10.831 
210124084225 1.060 14.329 39.402 9.564 8.240 4.228 10.852 
210124085725 1.103 14.336 39.472 9.548 8.237 3.424 10.860 
210124091225 1.067 14.331 39.440 9.554 8.237 2.794 10.844 
210124092725 1.081 14.350 39.428 9.549 8.235 2.695 10.831 
210124094225 1.134 14.342 39.426 9.552 8.236 2.217 10.852 
210124095725 1.115 14.359 39.444 9.551 8.237 1.776 10.861 
210124101225 1.087 14.365 39.458 9.551 8.238 2.110 10.825 
210124102725 1.084 14.365 39.352 9.554 8.236 2.042 10.827 
210124104225 1.120 14.359 39.456 9.554 8.239 2.088 10.850 
210124105725 1.113 14.377 39.526 9.550 8.238 2.019 10.860 
210124111225 1.129 14.389 39.525 9.545 8.238 2.247 10.845 
210124112725 1.076 14.388 39.509 9.545 8.238 2.080 10.831 
210124114225 1.057 14.399 39.499 9.541 8.238 1.837 10.852 
210124115725 1.092 14.412 39.495 9.535 8.238 1.905 10.861 
210124121225 1.115 14.418 39.490 9.531 8.239 1.959 10.845 
210124122725 1.112 14.434 39.473 9.521 8.238 1.533 10.832 
210124124225 1.118 14.441 39.459 9.519 8.239 1.442 10.853 
210124125725 1.103 14.453 39.465 9.518 8.237 1.738 10.862 
210124131225 1.097 14.473 39.456 9.514 8.241 1.814 10.825 
210124132725 1.103 14.482 39.449 9.515 8.238 1.921 10.828 
210124134225 1.109 14.455 39.448 9.517 8.236 2.179 10.851 
210124135725 1.075 14.478 39.430 9.514 8.239 1.632 10.860 
