SAMBAT Sea Ti  C/T/D/Odo/Fluo/pH GPS : 50195 
V:0,Pression (0/50),dba
V:1,Température (-5/35),°C
V:2,Salinité (2/42),g/l
V:3,Oxygène (0/20),mgl
V:4,PH (0/14),pH
V:5,Fluorescence (0/500),ppb
V:6,Tension batterie,V
230224151851 0.785 14.506 34.759 10.183 8.254 3.780 10.737 
230224153350 0.652 14.524 34.703 10.183 8.253 3.158 10.812 
230224154850 0.776 14.524 34.713 10.182 8.252 3.166 10.842 
230224160350 0.891 14.523 34.716 10.185 8.252 3.090 10.854 
230224161850 0.733 14.513 34.667 10.185 8.252 3.386 10.845 
230224163350 0.628 14.507 34.656 10.185 8.252 3.393 10.836 
230224164850 0.980 14.509 34.689 10.179 8.251 3.910 10.845 
230224170350 0.686 14.502 34.700 10.176 8.250 3.917 10.844 
230224171850 0.688 14.509 34.685 10.171 8.250 4.904 10.833 
230224173350 0.747 14.502 34.684 10.167 8.250 6.976 10.820 
230224174850 0.829 14.496 34.656 10.162 8.250 6.506 10.836 
230224180350 0.871 14.497 34.647 10.157 8.250 6.961 10.841 
230224181850 0.761 14.488 34.636 10.158 8.250 8.555 10.814 
230224183350 0.842 14.503 34.690 10.152 8.252 7.561 10.815 
230224184850 0.889 14.498 34.668 10.148 8.251 7.796 10.833 
230224190350 0.878 14.491 34.646 10.145 8.252 6.286 10.840 
230224191850 0.805 14.486 34.659 10.142 8.254 6.604 10.828 
230224193350 0.808 14.503 34.649 10.133 8.257 6.065 10.817 
230224194850 0.816 14.507 34.707 10.132 8.262 7.075 10.833 
230224200350 0.849 14.495 34.689 10.130 8.259 5.618 10.840 
230224201850 0.898 14.481 34.662 10.131 8.255 6.301 10.828 
230224203350 0.960 14.489 34.630 10.126 8.253 6.908 10.818 
230224204850 0.921 14.501 34.664 10.119 8.253 6.096 10.833 
230224210350 0.894 14.491 34.606 10.120 8.252 6.901 10.840 
230224211850 0.780 14.503 34.651 10.108 8.252 6.992 10.812 
230224213350 0.737 14.509 34.672 10.103 8.252 6.065 10.813 
230224214850 0.846 14.510 34.761 10.093 8.253 8.396 10.831 
230224220350 0.784 14.510 34.468 10.088 8.253 5.610 10.840 
230224221850 0.653 14.513 34.608 10.081 8.254 6.878 10.799 
230224223350 0.948 14.501 34.602 10.076 8.254 6.582 10.809 
230224224850 0.761 14.506 34.493 10.072 8.253 6.612 10.827 
230224230350 0.896 14.499 34.529 10.071 8.253 5.990 10.837 
230224231850 0.742 14.509 34.473 10.067 8.253 6.665 10.827 
230224233350 0.793 14.498 34.510 10.067 8.252 7.895 10.816 
230224234850 0.870 14.503 34.618 10.062 8.251 5.511 10.832 
240224000350 0.824 14.498 34.596 10.063 8.250 6.377 10.839 
240224001850 0.663 14.504 34.429 10.059 8.251 6.354 10.826 
240224003350 0.788 14.496 34.520 10.058 8.250 6.377 10.817 
240224004850 0.886 14.494 34.622 10.055 8.250 6.612 10.832 
240224010350 0.759 14.453 34.622 10.061 8.249 7.538 10.839 
240224011850 0.805 14.479 34.641 10.055 8.248 7.758 10.810 
240224013350 0.888 14.486 34.485 10.052 8.248 5.747 10.813 
240224014850 0.865 14.487 34.611 10.049 8.249 5.959 10.830 
240224020350 0.940 14.477 34.523 10.042 8.249 6.278 10.836 
240224021850 0.860 14.479 34.531 10.039 8.250 6.536 10.826 
240224023350 0.832 14.478 34.609 10.039 8.251 6.248 10.815 
240224024850 0.863 14.452 34.498 10.040 8.251 6.779 10.833 
240224030350 0.928 14.472 34.588 10.034 8.251 5.800 10.838 
240224031850 0.803 14.475 34.577 10.035 8.250 6.172 10.810 
240224033350 0.745 14.463 34.432 10.036 8.250 5.534 10.811 
240224034850 0.809 14.428 34.555 10.043 8.250 5.883 10.829 
240224040350 0.733 14.454 34.517 10.038 8.249 5.845 10.836 
240224041850 0.761 14.453 34.597 10.039 8.248 5.921 10.824 
240224043350 0.879 14.451 34.607 10.038 8.248 5.458 10.812 
240224044850 0.853 14.440 34.478 10.042 8.248 6.020 10.829 
240224050350 0.672 14.437 34.581 10.040 8.248 6.043 10.836 
240224051850 0.744 14.412 34.586 10.056 8.247 5.921 10.807 
240224053350 0.819 14.402 34.502 10.052 8.247 5.382 10.810 
240224054850 0.775 14.377 34.507 10.055 8.246 7.819 10.826 
240224060350 0.830 14.385 34.499 10.055 8.246 5.572 10.834 
240224061850 0.890 14.395 35.232 10.053 8.245 6.240 10.823 
240224063350 0.816 14.353 34.513 10.060 8.246 5.557 10.812 
240224064850 0.919 14.389 34.484 10.048 8.245 5.898 10.829 
240224070350 0.860 14.397 35.154 10.047 8.242 6.901 10.835 
240224071850 0.766 14.396 34.644 10.050 8.246 6.043 10.822 
240224073350 0.755 14.409 34.769 10.043 8.246 5.162 10.813 
240224074850 0.929 14.397 34.745 10.045 8.248 6.088 10.829 
240224080350 0.801 14.407 34.529 10.041 8.248 4.927 10.836 
240224081850 0.898 14.402 35.068 10.041 8.248 4.357 10.823 
240224083350 0.752 14.428 34.720 10.027 8.250 3.803 10.813 
240224084850 0.921 14.431 34.747 10.021 8.251 3.097 10.828 
240224090350 0.865 14.440 34.583 10.022 8.251 3.143 10.835 
240224091850 0.840 14.421 34.604 10.031 8.252 2.672 10.808 
240224093350 0.870 14.434 34.717 10.023 8.250 2.695 10.808 
240224094850 0.834 14.447 34.577 10.023 8.249 2.194 10.827 
240224100350 0.836 14.447 34.539 10.027 8.250 2.315 10.834 
240224101850 0.880 14.460 34.563 10.028 8.249 1.852 10.825 
240224103350 0.822 14.465 34.566 10.032 8.249 2.391 10.814 
240224104850 0.874 14.467 34.568 10.034 8.250 2.072 10.829 
240224110350 0.910 14.473 34.616 10.037 8.250 1.981 10.836 
240224111850 0.858 14.475 34.582 10.042 8.249 1.792 10.808 
240224113350 0.891 14.476 34.561 10.046 8.250 1.564 10.808 
240224114850 0.917 14.485 34.849 10.049 8.250 1.822 10.826 
240224120350 0.895 14.485 34.760 10.056 8.248 2.209 10.835 
240224121850 0.857 14.484 34.661 10.060 8.249 1.928 10.822 
240224123350 0.784 14.476 34.814 10.066 8.249 1.670 10.812 
240224124850 0.942 14.476 34.781 10.070 8.249 1.936 10.829 
240224130350 0.821 14.467 34.631 10.072 8.249 3.439 10.833 
240224131850 0.902 14.458 34.578 10.077 8.249 3.872 10.823 
240224133350 0.868 14.453 34.766 10.079 8.249 4.699 10.812 
240224134850 0.920 14.459 34.537 10.076 8.248 5.208 10.827 
240224140350 0.816 14.458 34.706 10.080 8.247 2.801 10.833 
240224141850 0.716 14.455 35.089 10.082 8.246 2.437 10.818 
240224143350 0.759 14.453 35.456 10.087 8.247 2.945 10.811 
240224144850 0.952 14.443 34.742 10.090 8.247 3.553 10.826 
240224150350 0.946 14.448 34.490 10.088 8.247 5.101 10.833 
240224151850 0.901 14.442 34.655 10.089 8.247 4.266 10.805 
