SAMBAT Sea Ti  C/T/D/Odo/Fluo/pH GPS : 50195 
V:0,Pression (0/50),dba
V:1,Température (-5/35),°C
V:2,Salinité (2/42),g/l
V:3,Oxygène (0/20),mgl
V:4,PH (0/14),pH
V:5,Fluorescence (0/500),ppb
V:6,Tension batterie,V
070224144046 0.890 14.752 37.057 9.775 8.248 2.027 10.743 
070224145545 0.866 14.691 36.955 9.793 8.248 1.883 10.825 
070224151045 0.857 14.652 36.894 9.809 8.246 2.315 10.827 
070224152545 0.969 14.623 36.973 9.826 8.245 2.277 10.829 
070224154045 0.874 14.603 37.007 9.832 8.245 2.338 10.855 
070224155545 0.881 14.587 36.952 9.839 8.243 2.870 10.864 
070224161045 0.950 14.574 37.180 9.843 8.243 3.758 10.811 
070224162545 0.929 14.564 37.044 9.849 8.242 4.122 10.822 
070224164045 0.910 14.546 37.041 9.855 8.241 4.562 10.852 
070224165545 0.940 14.537 37.034 9.861 8.241 5.678 10.863 
070224171045 0.906 14.531 37.102 9.863 8.240 5.731 10.841 
070224172545 0.918 14.524 37.355 9.866 8.239 5.823 10.826 
070224174045 0.824 14.511 36.936 9.871 8.239 6.202 10.854 
070224175545 0.842 14.497 36.975 9.873 8.238 7.045 10.864 
070224181045 0.874 14.504 37.021 9.871 8.238 8.320 10.843 
070224182545 0.948 14.485 36.982 9.876 8.238 6.642 10.827 
070224184045 0.921 14.494 37.098 9.868 8.237 5.990 10.855 
070224185545 0.901 14.503 36.902 9.864 8.237 5.777 10.865 
070224191045 0.942 14.495 36.949 9.865 8.237 6.050 10.811 
070224192545 0.942 14.510 36.912 9.860 8.236 5.223 10.821 
070224194045 0.851 14.496 36.998 9.860 8.236 6.437 10.851 
070224195545 0.909 14.487 37.073 9.862 8.236 5.853 10.863 
070224201045 0.905 14.493 36.857 9.858 8.236 6.415 10.841 
070224202545 0.836 14.498 37.062 9.853 8.236 6.172 10.826 
070224204045 0.939 14.496 37.027 9.856 8.238 5.800 10.854 
070224205545 0.822 14.498 36.985 9.852 8.241 4.669 10.864 
070224211045 0.953 14.509 37.037 9.849 8.243 5.041 10.837 
070224212545 0.880 14.509 37.050 9.854 8.244 5.656 10.825 
070224214045 0.910 14.504 37.009 9.856 8.244 5.170 10.854 
070224215545 0.865 14.493 37.035 9.863 8.244 5.769 10.864 
070224221045 0.858 14.481 36.928 9.865 8.243 4.767 10.812 
070224222545 0.836 14.469 36.965 9.866 8.242 5.382 10.821 
070224224045 0.883 14.477 36.968 9.866 8.241 5.731 10.852 
070224225545 0.883 14.460 36.990 9.868 8.240 5.549 10.863 
070224231045 0.892 14.442 37.072 9.874 8.239 5.079 10.841 
070224232545 0.904 14.435 37.019 9.876 8.239 4.851 10.826 
070224234045 0.876 14.428 36.926 9.874 8.238 5.443 10.854 
070224235545 0.974 14.451 37.014 9.869 8.238 5.967 10.864 
080224001045 0.892 14.446 37.024 9.869 8.239 7.068 10.841 
080224002545 0.820 14.465 36.970 9.863 8.241 6.058 10.826 
080224004045 0.939 14.484 37.057 9.862 8.242 6.673 10.854 
080224005545 0.914 14.468 37.263 9.863 8.243 6.103 10.864 
080224011045 0.862 14.478 37.275 9.860 8.243 6.574 10.812 
080224012545 0.903 14.468 37.272 9.859 8.243 6.863 10.821 
080224014045 0.900 14.456 36.999 9.860 8.243 5.769 10.851 
080224015545 0.792 14.457 37.046 9.856 8.242 6.726 10.863 
080224021045 0.923 14.459 37.020 9.853 8.241 6.248 10.842 
080224022545 0.941 14.465 37.036 9.851 8.241 5.990 10.827 
080224024045 0.884 14.462 37.012 9.848 8.241 6.399 10.854 
080224025545 0.858 14.457 37.039 9.843 8.241 7.417 10.864 
080224031045 0.995 14.449 37.026 9.839 8.241 7.052 10.841 
080224032545 0.895 14.453 37.050 9.832 8.241 6.756 10.826 
080224034045 0.873 14.455 37.069 9.826 8.241 6.483 10.854 
080224035545 0.928 14.439 37.024 9.823 8.241 6.923 10.864 
080224041045 0.859 14.438 37.003 9.818 8.240 7.052 10.811 
080224042545 0.919 14.430 36.887 9.815 8.239 5.838 10.821 
080224044045 0.991 14.434 37.124 9.809 8.239 7.022 10.851 
080224045545 0.787 14.432 37.265 9.803 8.239 7.553 10.863 
080224051045 0.835 14.441 36.930 9.797 8.239 5.830 10.840 
080224052545 0.913 14.431 36.944 9.797 8.240 5.284 10.826 
080224054045 0.842 14.416 36.904 9.803 8.240 6.589 10.854 
080224055545 0.791 14.401 36.989 9.804 8.240 5.876 10.864 
080224061045 0.949 14.415 37.285 9.795 8.238 5.602 10.841 
080224062545 0.917 14.413 36.896 9.792 8.239 6.392 10.826 
080224064045 0.874 14.410 36.929 9.790 8.239 5.375 10.854 
080224065545 0.853 14.404 36.973 9.790 8.240 5.580 10.864 
080224071045 0.828 14.418 37.332 9.781 8.239 5.473 10.796 
080224072545 0.833 14.433 37.165 9.769 8.240 4.972 10.818 
080224074045 0.747 14.404 36.833 9.779 8.241 6.088 10.849 
080224075545 0.789 14.411 36.824 9.773 8.240 4.881 10.861 
080224081045 0.842 14.410 36.910 9.772 8.241 4.486 10.842 
080224082545 0.927 14.412 37.058 9.767 8.240 4.350 10.833 
080224084045 0.781 14.396 36.962 9.768 8.240 3.538 10.856 
080224085545 0.830 14.442 36.934 9.752 8.240 2.627 10.865 
080224091045 0.996 14.442 36.966 9.751 8.241 2.110 10.844 
080224092545 0.906 14.452 36.946 9.749 8.243 2.186 10.833 
080224094045 0.931 14.455 36.930 9.749 8.244 2.133 10.857 
080224095545 0.879 14.474 36.980 9.745 8.244 2.080 10.865 
080224101045 0.918 14.476 36.975 9.746 8.245 1.313 10.843 
080224102545 0.922 14.488 36.981 9.743 8.245 1.769 10.823 
080224104045 0.940 14.498 36.984 9.741 8.245 1.571 10.853 
080224105545 0.868 14.501 36.890 9.746 8.245 1.488 10.864 
080224111045 0.908 14.539 36.958 9.735 8.246 1.374 10.812 
080224112545 0.841 14.527 36.926 9.741 8.246 1.708 10.829 
080224114045 0.916 14.520 36.941 9.742 8.245 1.313 10.855 
080224115545 0.799 14.517 36.908 9.749 8.244 1.404 10.864 
080224121045 0.836 14.525 36.894 9.748 8.243 1.336 10.843 
080224122545 0.927 14.517 37.079 9.755 8.242 1.177 10.834 
080224124045 0.698 14.529 37.130 9.754 8.241 1.366 10.857 
080224125545 1.050 14.524 37.145 9.759 8.242 1.556 10.866 
080224131045 0.812 14.518 37.161 9.762 8.241 1.412 10.813 
080224132545 0.923 14.510 36.994 9.768 8.240 1.533 10.822 
080224134045 0.880 14.505 36.891 9.774 8.239 1.473 10.852 
080224135545 0.839 14.560 36.987 9.762 8.238 1.571 10.864 
080224141045 0.713 14.566 36.845 9.768 8.241 1.321 10.842 
080224142545 0.867 14.564 37.035 9.774 8.243 1.640 10.827 
080224144045 0.891 14.552 36.998 9.785 8.244 2.801 10.854 
