SAMBAT Sea Ti  C/T/D/Odo/Fluo/pH GPS : 50195 
V:0,Pression (0/50),dba
V:1,Température (-5/35),°C
V:2,Salinité (2/42),g/l
V:3,Oxygène (0/20),mgl
V:4,PH (0/14),pH
V:5,Fluorescence (0/500),ppb
V:6,Tension batterie,V
030324154101 0.737 14.161 31.919 9.898 8.253 8.593 10.736 
030324155600 0.769 14.159 31.929 9.900 8.253 6.012 10.818 
030324161100 0.680 14.177 31.890 9.897 8.252 6.954 10.822 
030324162600 0.810 14.177 31.917 9.899 8.253 10.613 10.802 
030324164100 0.795 14.164 32.030 9.903 8.253 9.436 10.843 
030324165600 0.767 14.157 31.775 9.906 8.253 11.463 10.856 
030324171100 0.667 14.155 32.062 9.911 8.253 12.343 10.835 
030324172600 0.836 14.161 31.893 9.913 8.253 12.275 10.806 
030324174100 0.737 14.154 31.842 9.917 8.253 11.827 10.846 
030324175600 0.769 14.147 32.070 9.919 8.250 11.266 10.857 
030324181100 0.698 14.127 32.006 9.920 8.249 9.573 10.835 
030324182600 0.856 14.100 31.882 9.924 8.248 8.943 10.806 
030324184100 0.717 14.105 31.835 9.921 8.248 9.087 10.846 
030324185600 0.795 14.112 31.918 9.911 8.248 9.406 10.858 
030324191100 0.791 14.110 31.854 9.910 8.247 9.026 10.806 
030324192600 0.716 14.104 31.803 9.903 8.247 7.933 10.801 
030324194100 0.728 14.096 31.777 9.898 8.247 10.590 10.843 
030324195600 0.772 14.116 31.819 9.888 8.248 8.183 10.856 
030324201100 0.747 14.072 31.790 9.902 8.248 6.498 10.837 
030324202600 0.857 14.041 31.622 9.908 8.248 8.237 10.805 
030324204100 0.789 14.096 31.692 9.887 8.248 8.669 10.846 
030324205600 0.806 14.123 31.749 9.877 8.249 8.404 10.857 
030324211100 0.806 14.134 31.705 9.874 8.251 9.603 10.836 
030324212600 0.684 14.134 31.865 9.873 8.252 9.087 10.805 
030324214100 0.742 14.107 31.767 9.875 8.253 8.851 10.846 
030324215600 0.852 14.096 31.731 9.877 8.253 8.844 10.857 
030324221100 0.706 14.090 31.745 9.879 8.252 8.343 10.836 
030324222600 0.811 14.095 31.757 9.868 8.251 8.297 10.806 
030324224100 0.709 14.089 31.934 9.873 8.250 9.740 10.846 
030324225600 0.815 14.074 31.802 9.872 8.249 10.157 10.857 
030324231100 0.727 14.097 31.775 9.859 8.249 9.618 10.807 
030324232600 0.778 14.091 31.670 9.854 8.248 6.984 10.801 
030324234100 0.821 14.107 31.753 9.850 8.249 8.092 10.844 
030324235600 0.788 14.110 31.729 9.847 8.250 7.136 10.856 
040324001100 0.741 14.130 31.795 9.840 8.250 8.305 10.835 
040324002600 0.758 14.115 31.682 9.842 8.250 9.223 10.805 
040324004100 0.839 14.112 31.752 9.846 8.250 9.170 10.845 
040324005600 0.826 14.109 31.971 9.849 8.250 6.756 10.857 
040324011100 0.866 14.127 31.758 9.842 8.250 7.971 10.828 
040324012600 0.823 14.146 31.714 9.842 8.251 7.561 10.804 
040324014100 0.839 14.138 31.727 9.844 8.251 8.009 10.845 
040324015600 0.770 14.152 31.707 9.842 8.252 7.090 10.857 
040324021100 0.779 14.146 31.705 9.843 8.251 7.333 10.806 
040324022600 0.732 14.145 31.616 9.844 8.252 8.168 10.801 
040324024100 0.841 14.152 31.691 9.844 8.252 9.603 10.843 
040324025600 0.756 14.008 31.689 9.876 8.249 8.252 10.856 
040324031100 0.807 13.920 31.614 9.902 8.248 7.515 10.835 
040324032600 0.836 13.996 31.757 9.869 8.247 7.136 10.805 
040324034100 0.788 14.093 31.892 9.835 8.245 8.449 10.844 
040324035600 0.816 14.093 31.796 9.836 8.246 6.756 10.857 
040324041100 0.802 14.110 31.799 9.826 8.247 7.789 10.835 
040324042600 0.819 14.113 31.683 9.818 8.250 8.563 10.805 
040324044100 0.856 14.117 31.659 9.815 8.251 7.705 10.845 
040324045600 0.809 14.117 31.682 9.811 8.251 8.419 10.857 
040324051100 0.804 14.141 31.685 9.806 8.252 7.417 10.806 
040324052600 0.793 14.133 31.678 9.806 8.252 7.667 10.800 
040324054100 0.774 14.114 31.684 9.809 8.252 8.244 10.842 
040324055600 0.788 14.015 31.637 9.834 8.251 9.474 10.855 
040324061100 0.772 13.995 31.644 9.836 8.249 7.083 10.835 
040324062600 0.767 14.018 31.606 9.827 8.248 7.500 10.804 
040324064100 0.819 13.965 31.706 9.832 8.247 8.624 10.844 
040324065600 0.820 14.012 31.746 9.825 8.247 9.755 10.855 
040324071100 0.778 14.007 31.666 9.820 8.246 7.599 10.831 
040324072600 0.789 13.870 31.531 9.863 8.246 6.217 10.803 
040324074100 0.766 13.843 31.568 9.859 8.245 6.384 10.843 
040324075600 0.825 13.875 31.593 9.842 8.244 5.868 10.855 
040324081100 0.760 13.844 31.587 9.859 8.244 5.268 10.799 
040324082600 0.809 13.873 31.473 9.847 8.242 3.576 10.797 
040324084100 0.778 13.912 31.521 9.840 8.242 3.272 10.840 
040324085600 0.797 14.003 31.724 9.815 8.241 3.059 10.852 
040324091100 0.850 14.005 31.544 9.827 8.244 4.957 10.833 
040324092600 0.836 14.050 31.637 9.826 8.248 2.991 10.802 
040324094100 0.809 14.050 31.608 9.830 8.250 3.872 10.843 
040324095600 0.812 14.059 31.582 9.836 8.251 3.780 10.855 
040324101100 0.835 14.095 31.677 9.819 8.252 5.640 10.803 
040324102600 0.823 14.094 31.576 9.835 8.255 4.069 10.798 
040324104100 0.801 14.083 31.560 9.843 8.254 4.001 10.841 
040324105600 0.806 14.102 31.686 9.840 8.254 4.464 10.854 
040324111100 0.859 14.119 31.739 9.845 8.254 3.644 10.834 
040324112600 0.840 14.138 31.766 9.857 8.253 3.052 10.804 
040324114100 0.868 14.147 31.722 9.860 8.255 5.117 10.843 
040324115600 0.853 14.149 31.663 9.865 8.255 5.056 10.855 
040324121100 0.908 14.153 31.997 9.875 8.254 2.961 10.835 
040324122600 0.843 14.174 31.506 9.882 8.254 3.568 10.805 
040324124100 0.909 14.174 31.679 9.891 8.254 5.618 10.845 
040324125600 0.797 14.178 31.796 9.901 8.254 4.335 10.856 
040324131100 0.842 14.192 31.571 9.910 8.253 3.674 10.798 
040324132600 0.862 14.203 31.700 9.914 8.253 3.621 10.797 
040324134100 0.834 14.209 31.717 9.928 8.253 3.340 10.840 
040324135600 0.878 14.232 31.697 9.938 8.253 3.576 10.856 
040324141100 0.826 14.252 31.663 9.948 8.253 3.052 10.835 
040324142600 0.852 14.276 31.711 9.962 8.253 2.627 10.806 
040324144100 0.836 14.287 31.654 9.973 8.253 2.870 10.846 
040324145600 0.812 14.296 31.695 9.985 8.253 3.120 10.858 
040324151100 0.814 14.317 31.652 9.984 8.253 3.917 10.837 
040324152600 0.833 14.311 31.666 9.994 8.253 5.056 10.806 
040324154100 0.933 14.319 31.668 9.994 8.252 4.866 10.846 
