SAMBAT Sea Ti  C/T/D/Odo/Fluo/pH GPS : 50195 
V:0,Pression (0/50),dba
V:1,Température (-5/35),°C
V:2,Salinité (2/42),g/l
V:3,Oxygène (0/20),mgl
V:4,PH (0/14),pH
V:5,Fluorescence (0/500),ppb
V:6,Tension batterie,V
120124133829 0.966 14.922 39.383 9.471 8.243 1.571 10.740 
120124135328 0.945 14.921 39.381 9.471 8.243 1.845 10.821 
120124140828 0.999 14.924 39.374 9.471 8.243 1.792 10.821 
120124142328 0.985 14.932 39.381 9.470 8.245 2.133 10.818 
120124143828 0.977 14.927 39.377 9.474 8.243 2.437 10.849 
120124145328 0.996 14.928 39.382 9.475 8.243 2.566 10.860 
120124150828 0.968 14.931 39.379 9.477 8.242 2.854 10.811 
120124152328 1.008 14.926 39.413 9.479 8.243 3.158 10.818 
120124153828 0.984 14.926 39.409 9.479 8.243 4.084 10.850 
120124155328 0.965 14.863 39.359 9.500 8.242 3.712 10.861 
120124160828 0.972 14.777 39.330 9.518 8.241 4.380 10.838 
120124162328 0.988 14.782 39.380 9.522 8.239 4.456 10.823 
120124163828 0.982 14.824 39.381 9.515 8.241 5.435 10.852 
120124165328 0.950 14.860 39.377 9.508 8.246 4.494 10.862 
120124170828 0.988 14.828 39.371 9.516 8.245 5.777 10.839 
120124172328 1.015 14.863 39.386 9.503 8.248 4.540 10.823 
120124173828 0.993 14.850 39.383 9.513 8.245 4.729 10.852 
120124175328 0.952 14.850 39.382 9.514 8.244 5.618 10.862 
120124180828 0.997 14.834 39.387 9.520 8.245 5.747 10.812 
120124182328 0.993 14.843 39.382 9.515 8.242 4.927 10.819 
120124183828 1.007 14.851 39.389 9.512 8.246 3.674 10.850 
120124185328 0.991 14.849 39.388 9.514 8.246 5.306 10.862 
120124190828 0.995 14.858 39.384 9.509 8.243 4.790 10.835 
120124192328 0.993 14.844 39.390 9.511 8.241 4.874 10.823 
120124193828 0.954 14.847 39.387 9.511 8.244 5.306 10.852 
120124195328 1.033 14.831 39.405 9.515 8.243 5.192 10.862 
120124200828 0.985 14.851 39.387 9.509 8.242 4.471 10.837 
120124202328 0.973 14.819 39.390 9.516 8.243 5.466 10.823 
120124203828 0.958 14.844 39.400 9.507 8.241 5.299 10.852 
120124205328 0.973 14.825 39.390 9.511 8.242 5.208 10.863 
120124210828 1.004 14.832 39.384 9.508 8.241 4.737 10.812 
120124212328 1.015 14.829 39.385 9.508 8.243 4.767 10.819 
120124213828 0.998 14.841 39.386 9.504 8.244 6.157 10.850 
120124215328 0.980 14.831 39.386 9.505 8.241 4.995 10.862 
120124220828 0.985 14.811 39.388 9.505 8.240 5.716 10.837 
120124222328 1.004 14.818 39.391 9.503 8.241 5.314 10.823 
120124223828 1.009 14.802 39.383 9.507 8.241 4.547 10.852 
120124225328 1.024 14.810 39.389 9.497 8.238 4.608 10.858 
120124230828 0.983 14.817 39.392 9.493 8.243 5.192 10.837 
120124232328 0.968 14.805 39.378 9.499 8.242 4.950 10.823 
120124233828 1.031 14.805 39.393 9.496 8.240 5.124 10.852 
120124235328 1.008 14.801 39.394 9.496 8.241 5.868 10.862 
130124000828 1.034 14.795 39.393 9.496 8.239 5.352 10.812 
130124002328 1.042 14.792 39.394 9.494 8.239 5.018 10.820 
130124003828 1.025 14.793 39.390 9.491 8.240 5.337 10.850 
130124005328 0.986 14.794 39.399 9.489 8.241 5.147 10.861 
130124010828 1.012 14.803 39.397 9.486 8.241 5.329 10.839 
130124012328 1.030 14.781 39.393 9.487 8.241 4.927 10.823 
130124013828 1.036 14.783 39.395 9.489 8.240 5.397 10.852 
130124015328 0.997 14.797 39.382 9.485 8.243 5.276 10.860 
130124020828 0.974 14.771 39.409 9.490 8.241 5.056 10.837 
130124022328 1.026 14.778 39.395 9.487 8.239 5.139 10.823 
130124023828 0.982 14.802 39.396 9.482 8.244 6.012 10.852 
130124025328 1.033 14.800 39.396 9.480 8.243 4.843 10.862 
130124030828 1.003 14.783 39.394 9.481 8.240 5.155 10.813 
130124032328 1.012 14.801 39.401 9.474 8.240 5.511 10.819 
130124033828 1.005 14.804 39.393 9.473 8.243 5.382 10.850 
130124035328 1.008 14.786 39.396 9.474 8.241 6.058 10.861 
130124040828 1.000 14.796 39.397 9.472 8.241 5.830 10.839 
130124042328 0.997 14.805 39.376 9.470 8.244 4.646 10.823 
130124043828 1.011 14.791 39.390 9.469 8.240 5.056 10.852 
130124045328 1.000 14.800 39.398 9.466 8.239 5.504 10.862 
130124050828 1.040 14.791 39.399 9.466 8.241 4.836 10.835 
130124052328 1.028 14.800 39.399 9.464 8.240 4.798 10.822 
130124053828 1.075 14.795 39.393 9.464 8.240 4.456 10.852 
130124055328 0.977 14.810 39.399 9.458 8.244 4.858 10.862 
130124060828 1.013 14.804 39.392 9.458 8.243 4.221 10.812 
130124062328 0.982 14.789 39.402 9.460 8.241 4.707 10.819 
130124063828 0.991 14.798 39.407 9.459 8.238 4.676 10.850 
130124065328 1.039 14.807 39.405 9.457 8.241 4.069 10.861 
130124070828 1.009 14.790 39.380 9.459 8.241 4.752 10.838 
130124072328 1.028 14.798 39.403 9.458 8.240 4.691 10.823 
130124073828 0.983 14.803 39.409 9.455 8.240 6.210 10.852 
130124075328 1.022 14.792 39.399 9.455 8.242 4.987 10.862 
130124080828 0.984 14.795 39.408 9.454 8.240 5.382 10.837 
130124082328 1.047 14.794 39.404 9.453 8.242 4.775 10.823 
130124083828 0.988 14.797 39.404 9.451 8.242 4.077 10.852 
130124085328 1.005 14.801 39.402 9.450 8.243 3.834 10.862 
130124090828 0.971 14.789 39.408 9.450 8.241 4.357 10.813 
130124092328 1.025 14.788 39.410 9.449 8.238 5.063 10.819 
130124093828 1.030 14.789 39.411 9.449 8.240 5.489 10.850 
130124095328 1.017 14.789 39.407 9.449 8.241 3.955 10.861 
130124100828 1.002 14.803 39.415 9.448 8.244 4.152 10.839 
130124102328 1.014 14.801 39.414 9.448 8.243 3.811 10.823 
130124103828 1.008 14.807 39.408 9.447 8.243 2.733 10.852 
130124105328 1.007 14.804 39.410 9.447 8.243 2.801 10.862 
130124110828 1.011 14.806 39.414 9.447 8.242 4.099 10.841 
130124112328 1.004 14.804 39.413 9.447 8.241 3.166 10.823 
130124113828 1.020 14.803 39.420 9.447 8.240 4.843 10.852 
130124115328 0.972 14.802 39.422 9.449 8.240 2.680 10.860 
130124120828 1.012 14.813 39.421 9.447 8.243 2.012 10.813 
130124122328 1.022 14.812 39.425 9.449 8.242 1.807 10.819 
130124123828 0.961 14.833 39.424 9.445 8.244 2.050 10.850 
130124125328 0.982 14.831 39.419 9.447 8.246 2.528 10.861 
130124130828 1.002 14.825 39.440 9.449 8.243 6.157 10.838 
130124132328 0.939 14.828 39.439 9.451 8.242 3.530 10.823 
130124133828 1.022 14.824 39.428 9.454 8.241 3.894 10.852 
