SAMBAT Sea Ti  C/T/D/Odo/Fluo/pH GPS : 50195 
V:0,Pression (0/50),dba
V:1,Température (-5/35),°C
V:2,Salinité (2/42),g/l
V:3,Oxygène (0/20),mgl
V:4,PH (0/14),pH
V:5,Fluorescence (0/500),ppb
V:6,Tension batterie,V
070124132651 0.718 15.103 39.192 9.445 8.258 3.743 10.737 
070124134150 0.736 15.100 39.187 9.445 8.257 3.249 10.818 
070124135650 0.797 15.100 39.175 9.446 8.257 3.234 10.846 
070124141150 0.887 15.103 39.191 9.444 8.255 3.279 10.839 
070124142650 0.715 15.093 39.178 9.447 8.256 2.801 10.831 
070124144150 0.811 15.086 39.187 9.447 8.255 2.687 10.853 
070124145650 0.785 15.093 39.183 9.446 8.254 2.976 10.862 
070124151150 0.813 15.089 39.188 9.447 8.255 3.507 10.826 
070124152650 0.740 15.111 39.195 9.443 8.255 3.583 10.830 
070124154150 0.823 15.107 39.202 9.444 8.254 4.282 10.853 
070124155650 0.687 15.104 39.201 9.445 8.255 3.545 10.863 
070124161150 0.778 15.114 39.205 9.447 8.254 3.416 10.847 
070124162650 0.750 15.112 39.201 9.449 8.255 3.530 10.835 
070124164150 0.639 15.125 39.208 9.448 8.253 3.788 10.856 
070124165650 0.853 15.108 39.201 9.455 8.254 4.183 10.864 
070124171150 0.772 14.961 39.099 9.491 8.253 4.168 10.848 
070124172650 0.611 14.990 39.097 9.492 8.250 3.538 10.835 
070124174150 0.701 14.967 39.127 9.494 8.252 3.651 10.856 
070124175650 0.755 14.979 39.115 9.503 8.254 3.758 10.864 
070124181150 0.880 14.991 39.119 9.505 8.253 4.707 10.827 
070124182650 0.744 14.944 39.086 9.525 8.251 3.211 10.831 
070124184150 0.780 14.948 39.091 9.526 8.253 3.287 10.854 
070124185650 0.719 14.973 39.112 9.512 8.253 3.515 10.863 
070124191150 0.861 15.002 39.133 9.506 8.256 3.826 10.847 
070124192650 0.795 14.988 39.116 9.513 8.253 3.887 10.834 
070124194150 0.721 14.951 39.106 9.528 8.252 3.659 10.855 
070124195650 0.718 14.981 39.120 9.514 8.253 3.568 10.864 
070124201150 0.842 14.966 39.105 9.524 8.253 3.325 10.840 
070124202650 0.788 14.973 39.120 9.523 8.253 3.940 10.833 
070124204150 0.795 14.957 39.130 9.525 8.253 3.128 10.855 
070124205650 0.914 14.984 39.139 9.516 8.254 3.583 10.864 
070124211150 0.831 14.967 39.146 9.526 8.253 3.317 10.826 
070124212650 0.805 14.970 39.139 9.526 8.254 3.674 10.830 
070124214150 0.746 14.981 39.145 9.519 8.253 3.105 10.853 
070124215650 0.730 14.965 39.138 9.528 8.251 3.538 10.863 
070124221150 0.736 14.973 39.131 9.527 8.255 3.424 10.847 
070124222650 0.787 14.963 39.134 9.527 8.252 3.363 10.834 
070124224150 0.826 14.920 39.119 9.537 8.252 3.150 10.855 
070124225650 0.677 14.945 39.126 9.532 8.253 2.748 10.864 
070124231150 0.833 14.951 39.129 9.530 8.254 2.930 10.847 
070124232650 0.804 14.935 39.129 9.535 8.252 3.219 10.834 
070124234150 0.727 14.937 39.138 9.533 8.254 3.196 10.855 
070124235650 0.740 14.927 39.146 9.536 8.254 2.862 10.864 
080124001150 0.809 14.812 39.077 9.561 8.251 3.226 10.826 
080124002650 0.772 14.703 38.957 9.593 8.249 2.892 10.829 
080124004150 0.794 14.770 39.028 9.568 8.253 2.991 10.852 
080124005650 0.787 14.816 39.068 9.557 8.254 3.272 10.862 
080124011150 0.867 14.798 39.079 9.558 8.252 3.181 10.846 
080124012650 0.743 14.828 39.104 9.546 8.254 2.854 10.833 
080124014150 0.866 14.828 39.092 9.545 8.253 3.143 10.854 
080124015650 0.809 14.793 39.087 9.552 8.251 3.234 10.862 
080124021150 0.791 14.834 39.103 9.541 8.255 3.705 10.843 
080124022650 0.788 14.821 39.090 9.542 8.252 3.613 10.832 
080124024150 0.828 14.831 39.109 9.537 8.253 3.553 10.853 
080124025650 0.755 14.876 39.138 9.520 8.257 2.900 10.862 
080124031150 0.796 14.864 39.140 9.522 8.254 3.788 10.826 
080124032650 0.887 14.807 39.115 9.536 8.252 2.611 10.828 
080124034150 0.870 14.833 39.120 9.528 8.254 3.462 10.852 
080124035650 0.796 14.847 39.125 9.522 8.255 3.105 10.861 
080124041150 0.799 14.835 39.105 9.525 8.254 3.872 10.846 
080124042650 0.836 14.868 39.103 9.517 8.253 3.135 10.833 
080124044150 0.784 14.835 39.110 9.523 8.253 2.915 10.854 
080124045650 0.780 14.813 39.112 9.525 8.253 2.953 10.862 
080124051150 0.789 14.813 39.104 9.525 8.253 3.029 10.825 
080124052650 0.827 14.844 39.121 9.516 8.255 3.803 10.828 
080124054150 0.749 14.825 39.111 9.519 8.256 2.778 10.852 
080124055650 0.691 14.887 39.128 9.500 8.256 3.052 10.861 
080124061150 0.893 14.894 39.152 9.498 8.257 2.794 10.847 
080124062650 0.760 14.868 39.149 9.505 8.255 2.794 10.833 
080124064150 0.818 14.888 39.146 9.506 8.256 2.961 10.854 
080124065650 0.880 14.896 39.158 9.504 8.258 2.452 10.863 
080124071150 0.844 14.917 39.160 9.504 8.256 2.976 10.846 
080124072650 0.848 14.926 39.178 9.503 8.257 2.832 10.833 
080124074150 0.774 14.930 39.184 9.500 8.257 3.431 10.855 
080124075650 0.851 14.948 39.212 9.496 8.257 2.733 10.863 
080124081150 0.835 14.981 39.215 9.483 8.261 3.568 10.844 
080124082650 0.813 14.973 39.210 9.491 8.258 3.181 10.833 
080124084150 0.902 14.975 39.217 9.488 8.257 2.961 10.855 
080124085650 0.843 14.987 39.220 9.486 8.256 4.714 10.863 
080124091150 0.782 15.023 39.223 9.477 8.258 2.999 10.826 
080124092650 0.779 15.015 39.226 9.479 8.258 2.862 10.829 
080124094150 0.912 15.026 39.233 9.480 8.258 2.718 10.853 
080124095650 0.750 15.030 39.235 9.475 8.258 2.642 10.863 
080124101150 0.827 15.028 39.242 9.477 8.258 2.816 10.847 
080124102650 0.777 15.024 39.235 9.479 8.256 3.105 10.834 
080124104150 0.843 15.013 39.219 9.482 8.256 2.528 10.855 
080124105650 0.842 14.996 39.219 9.486 8.253 2.308 10.864 
080124111150 0.819 14.996 39.218 9.487 8.256 2.444 10.848 
080124112650 0.827 15.022 39.229 9.485 8.256 1.974 10.835 
080124114150 0.837 15.036 39.290 9.482 8.256 2.391 10.856 
080124115650 0.848 15.045 39.232 9.482 8.257 2.293 10.864 
080124121150 0.912 15.025 39.231 9.489 8.255 2.816 10.827 
080124122650 0.896 15.022 39.228 9.491 8.255 2.900 10.830 
080124124150 0.812 14.999 39.209 9.497 8.255 2.528 10.853 
080124125650 0.803 15.006 39.223 9.493 8.255 2.034 10.863 
080124131150 0.841 15.007 39.232 9.494 8.256 2.315 10.847 
080124132650 0.882 14.981 39.195 9.502 8.253 2.361 10.834 
