SAMBAT Sea Ti  C/T/D/Odo/Fluo/pH GPS : 50195 
V:0,Pression (0/50),dba
V:1,Température (-5/35),°C
V:2,Salinité (2/42),g/l
V:3,Oxygène (0/20),mgl
V:4,PH (0/14),pH
V:5,Fluorescence (0/500),ppb
V:6,Tension batterie,V
050124132208 0.793 15.188 39.053 9.523 8.254 2.536 10.738 
050124133707 0.794 15.194 39.062 9.523 8.256 2.877 10.820 
050124135207 0.760 15.193 39.053 9.524 8.255 1.928 10.846 
050124140707 0.806 15.201 39.053 9.519 8.256 2.270 10.729 
050124142207 0.810 15.202 39.055 9.519 8.257 2.710 10.813 
050124143707 0.798 15.200 39.057 9.520 8.256 3.173 10.847 
050124145207 0.799 15.202 39.057 9.521 8.255 3.135 10.860 
050124150707 0.828 15.194 39.056 9.529 8.257 2.945 10.746 
050124152207 0.780 15.198 39.056 9.524 8.256 4.995 10.816 
050124153707 0.773 15.191 39.057 9.530 8.255 3.431 10.850 
050124155207 0.759 15.189 39.063 9.532 8.255 3.560 10.862 
050124160707 0.788 15.185 39.060 9.533 8.257 2.976 10.748 
050124162207 0.790 15.195 39.064 9.533 8.255 3.743 10.818 
050124163707 0.777 15.188 39.065 9.535 8.255 3.963 10.851 
050124165207 0.801 15.184 39.060 9.535 8.255 3.925 10.862 
050124170707 0.765 15.188 39.066 9.535 8.256 3.560 10.746 
050124172207 0.773 15.179 39.065 9.536 8.255 3.682 10.817 
050124173707 0.767 15.171 39.068 9.538 8.255 4.350 10.851 
050124175207 0.761 15.177 39.066 9.535 8.253 3.932 10.862 
050124180707 0.767 15.178 39.066 9.534 8.256 3.325 10.746 
050124182207 0.789 15.177 39.069 9.534 8.256 3.712 10.818 
050124183707 0.755 15.170 39.072 9.536 8.253 4.130 10.851 
050124185207 0.759 15.160 39.073 9.536 8.256 3.409 10.863 
050124190707 0.749 15.158 39.075 9.537 8.257 3.613 10.746 
050124192207 0.750 15.155 39.065 9.536 8.258 4.282 10.818 
050124193707 0.783 15.156 39.078 9.536 8.256 3.538 10.851 
050124195207 0.809 15.158 39.076 9.536 8.257 3.606 10.863 
050124200707 0.737 15.146 39.077 9.541 8.257 3.894 10.746 
050124202207 0.692 15.147 39.077 9.541 8.256 4.008 10.818 
050124203707 0.733 15.133 39.077 9.545 8.256 4.061 10.851 
050124205207 0.796 15.135 39.077 9.544 8.256 3.439 10.862 
050124210707 0.797 15.137 39.079 9.543 8.256 3.226 10.745 
050124212207 0.735 15.117 39.076 9.547 8.255 3.636 10.818 
050124213707 0.773 15.121 39.074 9.544 8.254 3.682 10.851 
050124215207 0.828 15.112 39.075 9.547 8.255 4.289 10.862 
050124220707 0.784 15.122 39.080 9.543 8.253 4.532 10.746 
050124222207 0.777 15.116 39.077 9.545 8.253 3.591 10.817 
050124223707 0.775 15.115 39.079 9.542 8.254 3.530 10.851 
050124225207 0.803 15.136 39.089 9.538 8.253 3.796 10.862 
050124230707 0.775 15.134 39.090 9.535 8.253 3.674 10.745 
050124232207 0.717 15.127 39.088 9.535 8.253 4.251 10.817 
050124233707 0.723 15.140 39.089 9.533 8.255 4.023 10.851 
050124235207 0.805 15.134 39.097 9.533 8.254 4.350 10.862 
060124000707 0.717 15.132 39.091 9.532 8.256 4.456 10.748 
060124002207 0.714 15.132 39.093 9.533 8.255 3.849 10.818 
060124003707 0.686 15.136 39.092 9.532 8.255 3.492 10.851 
060124005207 0.830 15.135 39.094 9.532 8.255 3.226 10.862 
060124010707 0.836 15.133 39.099 9.532 8.256 3.310 10.748 
060124012207 0.727 15.140 39.101 9.531 8.255 3.302 10.817 
060124013707 0.757 15.138 39.096 9.530 8.254 3.894 10.851 
060124015207 0.802 15.133 39.100 9.530 8.254 3.545 10.862 
060124020707 0.761 15.135 39.106 9.529 8.255 3.241 10.748 
060124022207 0.653 15.135 39.110 9.526 8.255 3.864 10.817 
060124023707 0.795 15.128 39.109 9.526 8.254 3.128 10.851 
060124025207 0.915 15.128 39.109 9.525 8.253 3.530 10.862 
060124030707 0.857 15.124 39.109 9.523 8.255 2.854 10.749 
060124032207 0.796 15.125 39.108 9.523 8.253 3.219 10.818 
060124033707 0.679 15.116 39.116 9.521 8.253 3.522 10.851 
060124035207 0.702 15.121 39.118 9.520 8.253 3.621 10.862 
060124040707 0.781 15.119 39.118 9.519 8.255 4.023 10.748 
060124042207 0.592 15.129 39.117 9.517 8.254 3.705 10.818 
060124043707 0.762 15.127 39.115 9.518 8.254 3.401 10.851 
060124045207 0.750 15.125 39.100 9.519 8.253 2.991 10.862 
060124050707 0.742 15.129 39.120 9.518 8.255 3.226 10.746 
060124052207 0.773 15.122 39.117 9.520 8.253 4.092 10.817 
060124053707 0.788 15.127 39.121 9.519 8.255 3.181 10.850 
060124055207 0.834 15.120 39.098 9.521 8.254 3.720 10.862 
060124060707 0.732 15.094 39.044 9.524 8.256 3.697 10.747 
060124062207 0.766 15.060 38.972 9.534 8.252 3.545 10.818 
060124063707 0.705 15.040 38.968 9.539 8.255 4.046 10.850 
060124065207 0.715 15.011 38.929 9.544 8.255 3.424 10.862 
060124070707 0.744 15.017 38.961 9.541 8.255 2.718 10.747 
060124072207 0.769 15.020 38.991 9.536 8.255 3.355 10.817 
060124073707 0.814 15.026 39.019 9.532 8.254 3.181 10.850 
060124075207 0.735 15.032 39.033 9.529 8.255 3.796 10.861 
060124080707 0.720 14.998 39.023 9.533 8.255 3.044 10.743 
060124082207 0.754 15.020 39.036 9.526 8.255 3.659 10.814 
060124083707 0.793 15.045 39.067 9.516 8.255 3.674 10.849 
060124085207 0.803 15.060 39.084 9.513 8.256 4.001 10.861 
060124090707 0.797 15.075 39.095 9.506 8.258 4.319 10.746 
060124092207 0.815 15.071 39.102 9.507 8.255 3.325 10.816 
060124093707 0.748 15.080 39.106 9.500 8.257 3.249 10.849 
060124095207 0.757 15.085 39.113 9.496 8.256 3.074 10.861 
060124100707 0.782 15.099 39.124 9.494 8.258 3.993 10.742 
060124102207 0.710 15.109 39.122 9.492 8.257 3.818 10.816 
060124103707 0.675 15.098 39.126 9.495 8.255 3.424 10.850 
060124105207 0.775 15.107 39.125 9.493 8.256 2.961 10.862 
060124110707 0.754 15.108 39.120 9.493 8.256 3.712 10.749 
060124112207 0.788 15.111 39.132 9.491 8.255 3.067 10.816 
060124113707 0.769 15.107 39.135 9.491 8.255 5.299 10.850 
060124115207 0.718 15.109 39.126 9.492 8.255 5.170 10.862 
060124120707 0.761 15.111 39.136 9.491 8.256 3.241 10.748 
060124122207 0.821 15.116 39.132 9.488 8.255 3.826 10.817 
060124123707 0.754 15.125 39.136 9.489 8.255 2.968 10.850 
060124125207 0.720 15.119 39.143 9.491 8.255 2.907 10.862 
060124130707 0.763 15.122 39.135 9.492 8.255 3.743 10.748 
060124132207 0.772 15.125 39.140 9.494 8.255 3.469 10.817 
