SAMBAT Sea Ti  C/T/D/Odo/Fluo/pH GPS : 50195 
V:0,Pression (0/50),dba
V:1,Température (-5/35),°C
V:2,Salinité (2/42),g/l
V:3,Oxygène (0/20),mgl
V:4,PH (0/14),pH
V:5,Fluorescence (0/500),ppb
V:6,Tension batterie,V
190224150918 0.997 14.786 34.759 10.053 8.255 2.505 10.652 
190224152417 1.020 14.793 34.755 10.055 8.254 3.462 10.797 
190224153917 1.006 14.784 34.750 10.058 8.253 2.892 10.839 
190224155417 1.003 14.787 34.836 10.058 8.251 4.016 10.856 
190224160917 1.040 14.785 34.890 10.055 8.250 3.507 10.826 
190224162417 0.992 14.746 34.547 10.068 8.250 4.570 10.815 
190224163917 1.001 14.770 34.843 10.055 8.248 5.663 10.848 
190224165417 1.007 14.762 34.926 10.051 8.247 6.020 10.854 
190224170917 1.018 14.748 34.946 10.054 8.247 7.272 10.824 
190224172417 0.969 14.743 34.933 10.050 8.246 7.978 10.807 
190224173917 1.026 14.731 35.162 10.046 8.246 8.654 10.841 
190224175417 0.985 14.729 34.810 10.037 8.245 8.571 10.851 
190224180917 1.011 14.653 34.709 10.046 8.245 9.277 10.699 
190224182417 0.996 14.657 34.775 10.037 8.244 8.927 10.803 
190224183917 0.984 14.664 34.739 10.027 8.243 8.950 10.837 
190224185417 1.002 14.672 34.793 10.020 8.242 8.601 10.850 
190224190917 1.017 14.664 35.251 10.017 8.242 8.328 10.819 
190224192417 0.999 14.658 34.631 10.013 8.241 8.859 10.796 
190224193917 1.011 14.675 34.667 9.999 8.241 8.335 10.829 
190224195417 1.014 14.668 34.484 9.996 8.242 8.533 10.841 
190224200917 1.052 14.674 34.515 9.991 8.242 8.206 10.809 
190224202417 1.047 14.666 34.552 9.985 8.242 8.237 10.798 
190224203917 1.028 14.672 34.479 9.979 8.243 8.593 10.829 
190224205417 0.997 14.677 34.609 9.973 8.244 8.586 10.841 
190224210917 1.007 14.664 34.509 9.967 8.246 8.738 10.679 
190224212417 1.010 14.631 34.418 9.979 8.248 7.978 10.789 
190224213917 1.066 14.621 34.382 9.983 8.248 7.599 10.825 
190224215417 0.981 14.603 34.401 9.987 8.246 7.705 10.838 
190224220917 1.014 14.568 34.351 9.997 8.249 8.343 10.805 
190224222417 1.014 14.524 34.918 10.019 8.250 7.250 10.796 
190224223917 0.968 14.517 34.340 10.019 8.243 6.688 10.829 
190224225417 1.046 14.551 34.364 10.003 8.242 6.825 10.839 
190224230917 0.996 14.556 34.316 10.002 8.241 7.417 10.805 
190224232417 1.051 14.544 34.296 10.002 8.241 7.310 10.793 
190224233917 1.004 14.550 34.320 10.000 8.241 7.789 10.827 
190224235417 0.985 14.529 34.274 10.010 8.240 7.834 10.838 
200224000917 0.986 14.531 34.354 10.009 8.239 7.766 10.674 
200224002417 0.982 14.537 34.290 10.006 8.240 7.986 10.785 
200224003917 1.004 14.533 34.357 10.010 8.240 7.994 10.820 
200224005417 1.020 14.516 34.246 10.015 8.241 7.834 10.835 
200224010917 1.027 14.518 34.244 10.012 8.241 8.168 10.802 
200224012417 1.002 14.517 34.269 10.013 8.240 8.244 10.790 
200224013917 0.994 14.513 34.305 10.015 8.240 7.584 10.824 
200224015417 0.992 14.514 34.284 10.014 8.241 8.768 10.836 
200224020917 0.988 14.502 34.331 10.015 8.241 7.189 10.797 
200224022417 1.019 14.513 34.292 10.011 8.241 7.432 10.789 
200224023917 1.033 14.498 34.314 10.013 8.243 8.609 10.823 
200224025417 1.021 14.498 34.328 10.013 8.243 6.278 10.835 
200224030917 0.984 14.491 34.266 10.014 8.242 7.455 10.672 
200224032417 1.025 14.491 34.235 10.014 8.243 8.920 10.782 
200224033917 1.026 14.483 34.270 10.008 8.243 8.639 10.820 
200224035417 0.946 14.468 34.250 10.005 8.242 6.764 10.833 
200224040917 0.982 14.466 34.370 9.999 8.243 9.125 10.816 
200224042417 0.968 14.465 34.306 9.992 8.243 6.825 10.792 
200224043917 1.015 14.472 34.222 9.982 8.242 8.024 10.823 
200224045417 1.003 14.474 34.204 9.981 8.243 7.834 10.834 
200224050917 1.038 14.497 35.102 9.972 8.244 8.130 10.802 
200224052417 1.006 14.499 35.458 9.970 8.246 7.622 10.788 
200224053917 0.994 14.497 35.078 9.967 8.248 7.895 10.824 
200224055417 0.959 14.483 34.255 9.970 8.248 7.963 10.834 
200224060917 0.987 14.498 34.308 9.965 8.248 6.992 10.669 
200224062417 0.998 14.503 34.265 9.964 8.248 7.584 10.782 
200224063917 1.006 14.494 34.308 9.964 8.248 8.791 10.819 
200224065417 0.986 14.495 34.251 9.963 8.248 7.804 10.832 
200224070917 1.011 14.492 34.772 9.964 8.248 8.001 10.800 
200224072417 0.983 14.494 34.805 9.964 8.246 7.675 10.788 
200224073917 0.996 14.502 34.365 9.961 8.247 7.159 10.823 
200224075417 1.004 14.494 34.289 9.962 8.248 8.108 10.833 
200224080917 0.996 14.498 34.247 9.962 8.248 6.627 10.801 
200224082417 1.014 14.504 34.249 9.961 8.248 5.693 10.788 
200224083917 0.982 14.498 34.203 9.966 8.248 4.213 10.821 
200224085417 0.980 14.494 34.238 9.969 8.248 3.409 10.833 
200224090917 0.973 14.496 34.266 9.972 8.247 3.355 10.666 
200224092417 0.964 14.512 34.347 9.973 8.248 2.619 10.781 
200224093917 0.947 14.522 34.307 9.976 8.248 2.308 10.817 
200224095417 0.985 14.532 34.323 9.977 8.250 2.331 10.831 
200224100917 0.997 14.538 34.399 9.982 8.250 2.042 10.801 
200224102417 1.019 14.563 34.361 9.979 8.250 2.482 10.787 
200224103917 0.983 14.575 34.342 9.985 8.250 2.315 10.821 
200224105417 1.025 14.601 34.284 9.988 8.250 1.898 10.833 
200224110917 0.987 14.616 34.289 9.994 8.251 1.602 10.649 
200224112417 1.018 14.646 34.290 9.993 8.253 1.374 10.780 
200224113917 1.022 14.636 34.340 9.999 8.253 1.655 10.818 
200224115417 0.988 14.725 34.324 9.999 8.254 1.845 10.830 
200224120917 1.012 14.727 34.333 10.008 8.254 1.655 10.798 
200224122417 1.009 14.702 34.328 10.020 8.256 1.625 10.789 
200224123917 1.021 14.742 34.279 10.025 8.254 1.389 10.826 
200224125417 1.012 14.767 34.293 10.017 8.255 1.867 10.834 
200224130917 1.003 14.789 34.232 10.018 8.255 2.247 10.800 
200224132417 0.994 14.838 34.225 10.008 8.256 3.173 10.788 
200224133917 1.001 14.801 34.295 10.030 8.255 1.981 10.823 
200224135417 1.004 14.902 34.272 10.011 8.255 1.351 10.834 
200224140917 1.018 14.944 35.449 10.012 8.259 1.761 10.792 
200224142417 0.976 14.895 34.327 10.030 8.257 1.495 10.788 
200224143917 0.994 14.831 34.358 10.056 8.256 1.351 10.824 
200224145417 0.992 14.813 34.746 10.077 8.254 1.981 10.836 
200224150917 1.003 14.852 34.392 10.072 8.251 2.331 10.664 
