SAMBAT Sea Ti  C/T/D/Odo/Fluo/pH GPS : 50195 
V:0,Pression (0/50),dba
V:1,Température (-5/35),°C
V:2,Salinité (2/42),g/l
V:3,Oxygène (0/20),mgl
V:4,PH (0/14),pH
V:5,Fluorescence (0/500),ppb
V:6,Tension batterie,V
080124132913 0.909 14.994 39.199 9.502 8.254 2.778 10.739 
080124134412 0.806 14.961 39.171 9.516 8.253 2.277 10.820 
080124135912 0.896 15.023 39.211 9.502 8.255 2.050 10.846 
080124141412 0.796 14.976 39.168 9.515 8.255 2.794 10.844 
080124142912 0.784 15.003 39.197 9.508 8.258 2.573 10.836 
080124144412 0.901 15.025 39.220 9.506 8.259 2.945 10.855 
080124145912 0.827 15.039 39.239 9.505 8.257 3.006 10.863 
080124151412 0.874 15.080 39.250 9.493 8.261 2.657 10.833 
080124152912 0.842 15.076 39.259 9.498 8.260 2.961 10.835 
080124154412 0.861 15.084 39.268 9.493 8.258 3.689 10.855 
080124155912 0.874 15.045 39.263 9.509 8.257 3.105 10.864 
080124161412 0.874 15.063 39.257 9.507 8.257 3.067 10.851 
080124162912 0.896 15.069 39.260 9.505 8.257 3.720 10.839 
080124164412 0.837 15.059 39.253 9.509 8.256 3.697 10.857 
080124165912 0.843 15.068 39.264 9.505 8.256 3.947 10.865 
080124171412 0.859 15.078 39.278 9.497 8.257 3.553 10.850 
080124172912 0.859 15.086 39.280 9.497 8.258 3.067 10.840 
080124174412 0.865 15.077 39.279 9.500 8.256 3.492 10.858 
080124175912 0.813 15.098 39.282 9.492 8.255 3.317 10.865 
080124181412 0.914 15.085 39.286 9.494 8.255 4.304 10.835 
080124182912 0.930 15.080 39.279 9.494 8.254 3.082 10.836 
080124184412 0.875 15.082 39.285 9.491 8.255 3.363 10.856 
080124185912 0.922 15.090 39.291 9.490 8.255 3.454 10.865 
080124191412 0.874 15.111 39.297 9.483 8.255 3.522 10.852 
080124192912 0.832 15.104 39.293 9.484 8.255 2.915 10.840 
080124194412 0.846 15.110 39.292 9.482 8.253 2.498 10.858 
080124195912 0.864 15.119 39.297 9.479 8.254 3.613 10.866 
080124201412 0.925 15.106 39.293 9.478 8.253 3.097 10.852 
080124202912 0.960 15.090 39.294 9.478 8.253 3.173 10.841 
080124204412 0.866 15.095 39.294 9.476 8.252 2.961 10.859 
080124205912 0.953 15.092 39.291 9.475 8.253 2.763 10.866 
080124211412 0.895 15.079 39.293 9.481 8.251 2.687 10.822 
080124212912 0.908 15.082 39.292 9.473 8.252 3.188 10.833 
080124214412 0.896 15.091 39.292 9.470 8.253 3.067 10.854 
080124215912 0.913 15.088 39.296 9.469 8.253 3.052 10.864 
080124221412 0.985 15.064 39.298 9.477 8.250 2.877 10.851 
080124222912 0.941 15.075 39.296 9.474 8.252 2.862 10.840 
080124224412 0.907 15.054 39.292 9.479 8.250 3.204 10.858 
080124225912 0.943 15.042 39.300 9.483 8.249 2.680 10.866 
080124231412 0.893 15.060 39.310 9.477 8.250 3.105 10.851 
080124232912 0.874 15.029 39.297 9.484 8.249 2.870 10.840 
080124234412 0.868 15.027 39.297 9.485 8.250 2.756 10.858 
080124235912 0.900 15.024 39.301 9.485 8.249 2.938 10.866 
090124001412 0.911 15.035 39.312 9.481 8.250 3.287 10.836 
090124002912 0.910 15.009 39.313 9.485 8.249 2.581 10.836 
090124004412 0.905 15.009 39.318 9.486 8.248 2.938 10.856 
090124005912 0.944 15.010 39.310 9.483 8.252 4.403 10.864 
090124011412 0.891 15.000 39.320 9.485 8.250 3.044 10.851 
090124012912 0.862 15.028 39.325 9.480 8.253 3.257 10.840 
090124014412 1.016 15.005 39.326 9.483 8.251 2.642 10.858 
090124015912 0.912 15.006 39.322 9.484 8.250 2.520 10.865 
090124021412 0.969 15.013 39.323 9.482 8.250 2.566 10.851 
090124022912 0.903 15.004 39.326 9.483 8.250 3.257 10.840 
090124024412 0.891 15.014 39.328 9.482 8.250 2.156 10.858 
090124025912 0.871 15.035 39.325 9.477 8.253 3.204 10.865 
090124031412 0.882 15.027 39.341 9.476 8.253 2.444 10.836 
090124032912 0.936 15.023 39.333 9.478 8.253 2.467 10.836 
090124034412 0.952 15.020 39.330 9.480 8.254 2.968 10.856 
090124035912 0.869 15.031 39.337 9.476 8.253 2.923 10.864 
090124041412 0.903 14.992 39.332 9.487 8.252 2.429 10.852 
090124042912 0.927 15.035 39.340 9.476 8.254 2.763 10.840 
090124044412 0.927 15.025 39.343 9.476 8.253 2.315 10.858 
090124045912 0.827 15.005 39.327 9.479 8.254 2.771 10.865 
090124051412 0.919 15.042 39.330 9.470 8.254 2.642 10.835 
090124052912 0.879 15.037 39.331 9.472 8.253 2.368 10.836 
090124054412 0.918 15.041 39.322 9.472 8.253 2.847 10.856 
090124055912 0.880 15.043 39.339 9.470 8.252 2.642 10.864 
090124061412 0.894 15.041 39.345 9.472 8.253 2.505 10.852 
090124062912 0.927 15.035 39.331 9.472 8.251 2.232 10.840 
090124064412 0.877 15.036 39.322 9.472 8.253 2.611 10.858 
090124065912 0.878 15.049 39.324 9.468 8.251 2.490 10.866 
090124071412 0.958 15.047 39.351 9.470 8.253 2.695 10.835 
090124072912 0.974 15.050 39.341 9.468 8.252 2.384 10.836 
090124074412 0.939 15.058 39.326 9.467 8.254 2.460 10.856 
090124075912 0.971 15.055 39.324 9.466 8.253 3.735 10.864 
090124081412 0.985 15.053 39.321 9.465 8.252 3.257 10.851 
090124082912 0.890 15.056 39.335 9.465 8.253 2.186 10.840 
090124084412 0.927 15.034 39.323 9.471 8.252 2.156 10.858 
090124085912 0.921 15.037 39.324 9.470 8.252 2.611 10.866 
090124091412 0.924 15.040 39.331 9.469 8.250 2.255 10.853 
090124092912 0.959 15.050 39.327 9.468 8.253 1.769 10.841 
090124094412 0.963 15.054 39.331 9.467 8.252 1.640 10.858 
090124095912 0.943 15.059 39.332 9.465 8.251 1.526 10.866 
090124101412 0.915 15.053 39.329 9.468 8.250 1.533 10.853 
090124102912 0.943 15.058 39.332 9.467 8.250 1.131 10.840 
090124104412 0.950 15.064 39.338 9.465 8.250 1.131 10.858 
090124105912 1.006 15.061 39.339 9.464 8.250 0.919 10.866 
090124111412 0.979 15.064 39.350 9.464 8.250 1.048 10.836 
090124112912 0.951 15.067 39.344 9.463 8.250 1.268 10.836 
090124114412 0.951 15.074 39.344 9.461 8.250 0.957 10.856 
090124115912 0.956 15.080 39.348 9.454 8.249 0.957 10.865 
090124121412 0.962 15.098 39.353 9.451 8.251 1.124 10.852 
090124122912 0.965 15.103 39.340 9.451 8.250 0.752 10.841 
090124124412 0.999 15.102 39.344 9.452 8.250 1.063 10.859 
090124125912 0.985 15.109 39.339 9.452 8.250 0.941 10.866 
090124131412 0.926 15.114 39.347 9.452 8.249 0.835 10.852 
090124132912 0.923 15.122 39.342 9.453 8.251 1.321 10.841 
