SAMBAT Sea Ti  C/T/D/Odo/Fluo/pH GPS : 50195 
V:0,Pression (0/50),dba
V:1,Température (-5/35),°C
V:2,Salinité (2/42),g/l
V:3,Oxygène (0/20),mgl
V:4,PH (0/14),pH
V:5,Fluorescence (0/500),ppb
V:6,Tension batterie,V
020324153840 0.889 14.295 31.863 10.226 8.243 4.669 10.739 
020324155339 0.898 14.361 31.739 10.201 8.243 5.025 10.820 
020324160839 0.833 14.365 31.742 10.195 8.244 10.537 10.846 
020324162339 0.916 14.334 31.715 10.193 8.245 12.328 10.850 
020324163839 0.794 14.321 31.707 10.188 8.245 7.424 10.842 
020324165339 0.900 14.353 31.685 10.172 8.242 12.245 10.856 
020324170839 0.853 14.327 31.819 10.165 8.241 12.093 10.862 
020324172339 0.846 14.293 31.784 10.168 8.244 11.721 10.844 
020324173839 0.796 14.270 31.631 10.161 8.242 11.531 10.842 
020324175339 0.842 14.170 31.621 10.171 8.240 13.201 10.856 
020324180839 0.831 14.107 32.586 10.168 8.241 12.920 10.862 
020324182339 0.882 14.038 31.752 10.174 8.240 13.755 10.855 
020324183839 0.849 13.933 31.681 10.181 8.241 13.459 10.843 
020324185339 0.862 13.883 31.541 10.170 8.240 14.370 10.856 
020324190839 0.876 13.885 32.078 10.145 8.241 12.176 10.862 
020324192339 0.923 13.958 31.769 10.103 8.238 12.617 10.854 
020324193839 0.863 13.972 31.738 10.082 8.239 12.457 10.842 
020324195339 0.824 13.977 31.626 10.057 8.242 8.768 10.856 
020324200839 0.897 13.980 31.754 10.036 8.243 9.216 10.862 
020324202339 0.756 13.928 31.625 10.037 8.244 10.150 10.843 
020324203839 0.896 13.893 31.789 10.022 8.241 12.321 10.839 
020324205339 0.891 13.816 31.601 10.033 8.244 10.673 10.853 
020324210839 0.856 13.801 31.499 10.017 8.246 9.603 10.860 
020324212339 0.906 13.774 31.575 10.008 8.242 13.809 10.853 
020324213839 0.848 13.778 31.573 9.989 8.241 10.673 10.841 
020324215339 0.853 13.879 31.669 9.946 8.239 12.693 10.854 
020324220839 0.900 13.774 31.653 9.964 8.248 9.967 10.860 
020324222339 0.868 13.819 31.541 9.949 8.245 11.918 10.853 
020324223839 0.792 13.790 31.350 9.944 8.246 10.005 10.841 
020324225339 0.851 13.875 31.540 9.914 8.242 10.719 10.854 
020324230839 0.853 13.815 31.518 9.918 8.242 10.446 10.860 
020324232339 0.891 13.813 31.528 9.910 8.245 9.451 10.841 
020324233839 0.913 13.794 31.565 9.905 8.245 11.182 10.838 
020324235339 0.878 13.871 31.450 9.874 8.234 14.272 10.852 
030324000839 0.826 13.951 31.472 9.845 8.237 13.619 10.859 
030324002339 0.870 13.950 31.508 9.840 8.240 13.224 10.853 
030324003839 0.884 14.076 31.432 9.808 8.245 11.979 10.841 
030324005339 0.888 13.896 31.321 9.855 8.248 11.349 10.854 
030324010839 0.868 13.868 31.325 9.866 8.248 14.097 10.860 
030324012339 0.856 13.824 31.306 9.872 8.247 14.461 10.841 
030324013839 0.919 13.786 31.581 9.880 8.245 12.943 10.837 
030324015339 0.869 13.864 31.258 9.850 8.241 12.032 10.852 
030324020839 0.872 13.865 31.325 9.841 8.241 12.306 10.859 
030324022339 0.819 13.863 31.332 9.846 8.241 11.888 10.851 
030324023839 0.863 13.876 31.406 9.835 8.241 12.465 10.841 
030324025339 0.825 14.008 31.550 9.799 8.245 10.575 10.854 
030324030839 0.828 13.959 31.561 9.819 8.249 11.486 10.860 
030324032339 0.876 13.759 31.479 9.868 8.250 11.668 10.841 
030324033839 0.821 13.867 31.419 9.845 8.246 10.241 10.838 
030324035339 0.894 13.823 31.472 9.855 8.246 10.210 10.853 
030324040839 0.818 14.050 31.698 9.788 8.248 9.603 10.859 
030324042339 0.849 13.946 31.472 9.819 8.253 8.965 10.853 
030324043839 0.849 13.986 31.710 9.804 8.257 8.130 10.841 
030324045339 0.784 14.008 31.803 9.799 8.259 8.889 10.855 
030324050839 0.786 14.023 31.807 9.800 8.262 7.538 10.861 
030324052339 0.837 14.069 31.858 9.794 8.264 7.644 10.851 
030324053839 0.790 14.075 31.885 9.792 8.265 7.978 10.841 
030324055339 0.815 14.063 31.737 9.803 8.265 7.014 10.855 
030324060839 0.867 14.064 31.931 9.806 8.262 6.916 10.861 
030324062339 0.784 14.075 32.038 9.806 8.262 7.227 10.853 
030324063839 0.753 14.062 31.918 9.816 8.262 7.060 10.842 
030324065339 0.784 14.064 32.077 9.818 8.261 8.464 10.856 
030324070839 0.739 14.004 31.849 9.834 8.260 8.092 10.861 
030324072339 0.796 14.007 32.144 9.837 8.259 8.631 10.843 
030324073839 0.774 13.986 31.798 9.847 8.258 8.578 10.839 
030324075339 0.814 13.984 31.984 9.854 8.257 7.804 10.854 
030324080839 0.775 14.016 32.703 9.853 8.255 8.108 10.860 
030324082339 0.777 14.012 32.335 9.858 8.253 7.151 10.854 
030324083839 0.791 14.034 31.689 9.863 8.251 5.830 10.842 
030324085339 0.795 14.058 32.364 9.862 8.253 6.779 10.855 
030324090839 0.766 14.034 31.773 9.871 8.252 5.359 10.861 
030324092339 0.883 14.022 31.734 9.881 8.250 4.722 10.855 
030324093839 0.806 14.002 31.779 9.893 8.249 4.889 10.842 
030324095339 0.746 14.006 31.695 9.898 8.247 4.001 10.856 
030324100839 0.763 14.014 32.101 9.904 8.247 4.464 10.861 
030324102339 0.777 14.052 31.855 9.898 8.249 4.608 10.842 
030324103839 0.837 14.085 32.418 9.892 8.251 5.489 10.839 
030324105339 0.792 14.112 31.748 9.885 8.253 6.286 10.854 
030324110839 0.856 14.120 31.863 9.882 8.253 5.003 10.861 
030324112339 0.773 14.147 32.020 9.878 8.253 4.631 10.853 
030324113839 0.868 14.170 31.852 9.870 8.254 4.441 10.843 
030324115339 0.785 14.156 31.939 9.873 8.256 5.359 10.856 
030324120839 0.693 14.165 31.915 9.871 8.256 5.253 10.862 
030324122339 0.702 14.169 31.938 9.871 8.255 5.519 10.854 
030324123839 0.754 14.177 32.045 9.871 8.253 4.008 10.843 
030324125339 0.660 14.176 32.183 9.871 8.252 3.469 10.857 
030324130839 0.759 14.172 31.974 9.876 8.253 4.031 10.862 
030324132339 0.740 14.173 32.027 9.879 8.253 4.236 10.844 
030324133839 0.710 14.180 31.932 9.883 8.252 4.114 10.841 
030324135339 0.809 14.182 31.887 9.885 8.252 4.046 10.855 
030324140839 0.792 14.188 31.878 9.888 8.252 3.613 10.862 
030324142339 0.824 14.187 32.002 9.887 8.253 9.406 10.854 
030324143839 0.796 14.187 32.026 9.887 8.253 8.229 10.843 
030324145339 0.755 14.183 32.042 9.886 8.253 7.903 10.857 
030324150839 0.847 14.166 31.960 9.892 8.254 7.189 10.862 
030324152339 0.729 14.163 31.926 9.894 8.254 9.838 10.844 
030324153839 0.741 14.167 31.932 9.894 8.253 10.317 10.841 
