SAMBAT Sea Ti  C/T/D/Odo/Fluo/pH GPS : 50195 
V:0,Pression (0/50),dba
V:1,Température (-5/35),°C
V:2,Salinité (2/42),g/l
V:3,Oxygène (0/20),mgl
V:4,PH (0/14),pH
V:5,Fluorescence (0/500),ppb
V:6,Tension batterie,V
060324154810 1.090 14.118 31.225 10.046 8.248 5.481 10.736 
060324160309 0.925 14.117 31.240 10.049 8.248 5.223 10.818 
060324161809 0.930 14.104 31.101 10.059 8.249 5.329 10.833 
060324163309 0.903 14.096 31.272 10.064 8.249 6.346 10.827 
060324164809 0.764 14.097 31.232 10.066 8.249 6.111 10.849 
060324170309 0.907 14.096 31.238 10.069 8.248 6.574 10.857 
060324171809 1.061 14.090 31.197 10.076 8.248 9.565 10.831 
060324173309 0.984 14.090 31.378 10.076 8.249 10.780 10.828 
060324174809 1.000 14.086 31.402 10.077 8.249 12.169 10.849 
060324180309 0.912 14.090 31.426 10.076 8.248 12.693 10.858 
060324181809 0.840 14.063 31.250 10.078 8.249 12.662 10.848 
060324183309 1.022 14.077 31.224 10.067 8.248 13.566 10.831 
060324184809 0.900 14.068 31.202 10.066 8.248 12.009 10.851 
060324190309 1.015 14.072 31.205 10.064 8.248 15.433 10.858 
060324191809 0.849 14.065 31.187 10.066 8.248 13.072 10.847 
060324193309 1.004 14.061 31.181 10.065 8.248 12.966 10.831 
060324194809 0.934 14.059 31.193 10.060 8.248 12.526 10.851 
060324200309 0.858 14.057 31.400 10.056 8.248 13.459 10.858 
060324201809 0.866 14.053 31.179 10.045 8.248 13.786 10.831 
060324203309 1.017 14.048 31.161 10.040 8.248 11.751 10.827 
060324204809 0.944 14.041 31.163 10.036 8.248 11.364 10.849 
060324210309 0.975 14.043 31.111 10.027 8.247 14.393 10.858 
060324211809 0.937 14.041 31.146 10.022 8.247 13.163 10.848 
060324213309 0.913 14.041 31.156 10.016 8.248 14.431 10.832 
060324214809 0.991 14.045 31.122 10.009 8.248 12.419 10.851 
060324220309 0.832 14.039 31.346 10.004 8.248 13.551 10.859 
060324221809 0.937 14.036 31.643 9.996 8.248 12.791 10.847 
060324223309 1.030 14.037 31.203 9.995 8.248 11.888 10.831 
060324224809 0.921 14.053 31.244 9.987 8.248 13.315 10.851 
060324230309 0.961 14.035 31.304 9.989 8.249 13.642 10.857 
060324231809 0.900 14.035 31.195 9.984 8.248 12.890 10.831 
060324233309 0.902 14.037 31.105 9.985 8.249 14.811 10.826 
060324234809 1.023 14.006 31.050 9.985 8.249 13.801 10.848 
070324000309 0.982 13.939 31.026 10.005 8.249 14.340 10.857 
070324001809 0.987 13.912 31.017 10.015 8.247 10.909 10.846 
070324003309 0.941 13.848 30.977 10.036 8.247 10.552 10.830 
070324004809 0.905 13.775 30.969 10.050 8.246 9.588 10.850 
070324010309 0.867 13.900 30.986 10.011 8.245 9.876 10.857 
070324011809 1.015 13.942 31.005 10.001 8.245 13.482 10.846 
070324013309 1.019 13.978 30.994 9.983 8.246 11.486 10.830 
070324014809 0.873 14.011 31.012 9.976 8.248 12.374 10.847 
070324020309 0.970 14.014 31.018 9.976 8.252 12.860 10.857 
070324021809 0.939 14.003 30.972 9.981 8.253 11.660 10.830 
070324023309 0.986 14.003 30.931 9.982 8.254 11.417 10.826 
070324024809 0.944 14.003 31.068 9.984 8.254 11.258 10.842 
070324030309 1.026 14.008 30.949 9.979 8.254 10.013 10.855 
070324031809 1.016 14.005 30.934 9.983 8.254 10.370 10.840 
070324033309 1.003 14.015 30.894 9.977 8.253 11.091 10.828 
070324034809 0.921 14.009 30.858 9.977 8.253 12.192 10.848 
070324040309 1.026 13.988 31.063 9.980 8.253 11.007 10.856 
070324041809 0.932 13.996 30.895 9.978 8.253 10.377 10.843 
070324043309 0.911 14.010 30.878 9.974 8.253 10.059 10.827 
070324044809 1.012 14.011 30.881 9.973 8.253 11.531 10.846 
070324050309 0.944 14.049 30.883 9.963 8.251 10.430 10.856 
070324051809 0.988 14.042 30.861 9.964 8.253 10.901 10.828 
070324053309 0.965 14.020 30.854 9.966 8.253 9.611 10.825 
070324054809 0.961 14.055 30.849 9.955 8.253 9.474 10.847 
070324060309 1.022 14.035 30.953 9.959 8.253 9.398 10.855 
070324061809 0.893 14.020 30.810 9.959 8.253 8.920 10.840 
070324063309 0.962 14.030 30.815 9.957 8.253 10.757 10.824 
070324064809 0.964 14.043 31.710 9.954 8.252 11.159 10.846 
070324070309 0.980 14.038 30.787 9.949 8.252 9.633 10.855 
070324071809 1.018 14.049 30.796 9.948 8.252 8.935 10.844 
070324073309 0.964 13.923 30.734 9.981 8.251 9.254 10.827 
070324074809 0.939 13.938 30.797 9.979 8.250 8.244 10.846 
070324080309 0.982 13.927 30.760 9.984 8.251 5.003 10.857 
070324081809 0.948 13.902 30.722 9.990 8.249 4.502 10.842 
070324083309 0.984 13.984 30.936 9.968 8.248 4.084 10.828 
070324084809 0.941 13.950 30.835 9.992 8.247 3.613 10.846 
070324090309 1.012 13.887 30.828 10.008 8.247 3.553 10.857 
070324091809 0.941 13.974 30.778 9.996 8.245 3.348 10.828 
070324093309 0.970 13.967 31.776 10.006 8.245 2.968 10.821 
070324094809 0.966 13.969 30.750 10.016 8.246 3.135 10.844 
070324100309 0.933 14.030 31.544 10.008 8.246 2.778 10.854 
070324101809 0.917 14.017 31.164 10.022 8.249 2.687 10.840 
070324103309 0.962 14.022 30.723 10.035 8.248 28.080 10.830 
070324104809 0.968 14.039 30.780 10.049 8.247 47.066 10.851 
070324110309 0.918 14.039 30.769 10.063 8.248 33.546 10.857 
070324111809 0.970 14.065 30.804 10.070 8.249 36.704 10.829 
070324113309 0.927 14.101 30.744 10.071 8.252 1.837 10.831 
070324114809 0.994 14.127 30.697 10.081 8.253 2.057 10.849 
070324120309 0.985 14.167 30.643 10.088 8.251 1.981 10.859 
070324121809 0.975 14.267 30.669 10.079 8.251 1.989 10.848 
070324123309 0.909 14.249 30.738 10.104 8.256 2.255 10.827 
070324124809 0.939 14.289 30.663 10.114 8.256 2.201 10.846 
070324130309 0.978 14.345 30.638 10.115 8.257 2.239 10.860 
070324131809 0.974 14.335 30.687 10.136 8.258 2.437 10.848 
070324133309 0.916 14.330 30.663 10.154 8.257 31.276 10.838 
070324134809 0.940 14.309 30.592 10.187 8.256 44.812 10.852 
070324140309 0.923 14.304 30.605 10.206 8.254 34.214 10.862 
070324141809 1.014 14.296 30.955 10.226 8.254 25.636 10.833 
070324143309 0.915 14.299 31.531 10.241 8.253 2.186 10.834 
070324144809 0.982 14.311 31.258 10.248 8.253 2.665 10.853 
070324150309 1.000 14.377 31.432 10.238 8.255 3.037 10.860 
070324151809 0.968 14.396 30.763 10.242 8.258 2.961 10.848 
070324153309 0.963 14.379 30.774 10.256 8.256 3.158 10.833 
070324154809 0.945 14.384 30.748 10.263 8.255 2.938 10.852 
