SAMBAT Sea Ti  C/T/D/Odo/Fluo/pH GPS : 50195 
V:0,Pression (0/50),dba
V:1,Température (-5/35),°C
V:2,Salinité (2/42),g/l
V:3,Oxygène (0/20),mgl
V:4,PH (0/14),pH
V:5,Fluorescence (0/500),ppb
V:6,Tension batterie,V
040324154324 0.836 14.311 31.656 10.011 8.252 5.443 10.738 
040324155823 0.874 14.317 31.672 10.018 8.252 4.357 10.819 
040324161323 0.851 14.327 31.667 10.015 8.250 3.659 10.827 
040324162823 0.901 14.322 31.837 10.028 8.251 3.894 10.814 
040324164323 0.792 14.298 31.758 10.041 8.252 3.773 10.846 
040324165823 0.885 14.281 31.783 10.037 8.251 8.009 10.857 
040324171323 0.850 14.273 31.743 10.041 8.250 8.350 10.821 
040324172823 0.824 14.263 31.777 10.039 8.250 8.950 10.813 
040324174323 0.856 14.270 31.754 10.038 8.250 9.869 10.846 
040324175823 0.907 14.257 31.716 10.037 8.249 9.064 10.858 
040324181323 0.809 14.245 31.736 10.028 8.248 10.871 10.840 
040324182823 0.834 14.238 31.485 10.015 8.246 10.226 10.818 
040324184323 0.953 14.239 31.523 10.008 8.247 10.241 10.849 
040324185823 0.924 14.227 31.695 9.999 8.246 9.975 10.860 
040324191323 0.921 14.241 31.661 9.982 8.246 11.972 10.843 
040324192823 0.924 14.234 31.710 9.961 8.246 10.506 10.818 
040324194323 0.916 14.230 31.716 9.957 8.246 10.400 10.849 
040324195823 0.862 14.222 31.722 9.943 8.246 9.694 10.858 
040324201323 0.927 14.206 31.684 9.940 8.246 9.163 10.843 
040324202823 0.837 14.204 31.689 9.936 8.246 10.393 10.820 
040324204323 0.896 14.217 31.707 9.927 8.246 9.671 10.850 
040324205823 0.883 14.208 31.727 9.924 8.246 6.650 10.860 
040324211323 0.855 14.198 31.676 9.923 8.249 7.310 10.818 
040324212823 0.924 14.189 31.672 9.936 8.248 6.703 10.812 
040324214323 0.894 14.185 31.723 9.940 8.246 6.878 10.846 
040324215823 0.879 14.180 31.687 9.943 8.246 8.328 10.858 
040324221323 0.848 14.176 31.503 9.945 8.248 6.863 10.842 
040324222823 0.905 14.167 31.709 9.954 8.248 7.531 10.818 
040324224323 0.896 14.169 31.717 9.957 8.249 8.077 10.849 
040324225823 0.871 14.169 31.706 9.959 8.248 8.882 10.859 
040324231323 0.878 14.164 31.706 9.966 8.249 7.713 10.842 
040324232823 0.890 14.159 31.672 9.973 8.248 8.419 10.818 
040324234323 0.970 14.154 31.719 9.979 8.248 8.373 10.849 
040324235823 0.885 14.157 32.296 9.981 8.248 10.119 10.859 
050324001323 0.858 14.151 31.681 9.985 8.248 9.633 10.826 
050324002823 0.878 14.125 31.670 9.992 8.248 9.026 10.813 
050324004323 0.893 14.137 31.661 9.993 8.248 8.700 10.847 
050324005823 0.891 14.146 31.675 9.994 8.248 10.248 10.858 
050324011323 0.952 14.130 31.651 9.998 8.249 8.829 10.820 
050324012823 0.966 14.134 31.613 9.999 8.250 7.629 10.816 
050324014323 0.939 14.146 31.552 9.997 8.250 8.745 10.846 
050324015823 0.937 14.137 31.533 9.997 8.250 7.705 10.858 
050324021323 0.898 14.141 31.568 9.993 8.250 8.244 10.842 
050324022823 0.974 14.138 31.638 9.990 8.249 7.052 10.816 
050324024323 0.891 14.135 31.651 9.989 8.248 7.515 10.848 
050324025823 0.911 14.134 31.633 9.982 8.248 7.181 10.854 
050324031323 0.854 14.141 31.633 9.978 8.248 6.802 10.840 
050324032823 0.912 14.137 31.708 9.973 8.249 8.381 10.818 
050324034323 0.898 14.152 31.611 9.966 8.249 8.844 10.848 
050324035823 0.919 14.137 31.643 9.967 8.248 8.829 10.859 
050324041323 0.957 14.140 31.580 9.963 8.249 8.517 10.817 
050324042823 0.898 14.127 31.581 9.963 8.249 9.368 10.814 
050324044323 0.896 14.133 31.646 9.960 8.249 8.821 10.844 
050324045823 0.979 14.144 31.600 9.959 8.248 8.950 10.857 
050324051323 0.982 14.104 31.600 9.963 8.249 9.459 10.841 
050324052823 0.871 14.124 31.589 9.953 8.248 8.290 10.817 
050324054323 0.970 14.114 31.535 9.952 8.248 9.967 10.847 
050324055823 0.836 14.099 31.528 9.951 8.247 8.935 10.858 
050324061323 0.909 14.112 31.576 9.942 8.247 9.800 10.816 
050324062823 0.895 14.115 31.531 9.921 8.247 10.347 10.809 
050324064323 0.803 14.103 31.472 9.919 8.247 12.624 10.841 
050324065823 0.836 14.106 31.520 9.914 8.247 9.656 10.844 
050324071323 0.917 14.126 31.734 9.903 8.247 9.466 10.828 
050324072823 0.845 14.116 32.018 9.892 8.248 9.056 10.801 
050324074323 0.930 14.119 31.674 9.888 8.248 8.320 10.834 
050324075823 0.796 14.141 31.526 9.882 8.248 8.411 10.845 
050324081323 0.901 14.127 31.633 9.879 8.249 6.734 10.824 
050324082823 0.926 14.135 31.584 9.879 8.249 5.580 10.805 
050324084323 0.966 14.133 31.509 9.878 8.249 5.215 10.835 
050324085823 0.919 14.142 31.586 9.878 8.249 5.109 10.846 
050324091323 0.864 14.144 31.516 9.878 8.249 4.752 10.805 
050324092823 0.831 14.083 31.538 9.907 8.247 3.940 10.798 
050324094323 0.812 14.069 31.472 9.913 8.246 3.037 10.832 
050324095823 0.893 14.079 31.483 9.915 8.244 2.756 10.845 
050324101323 0.917 14.063 31.422 9.926 8.243 2.725 10.831 
050324102823 0.965 14.101 31.446 9.934 8.242 3.029 10.802 
050324104323 0.954 14.124 31.445 9.934 8.243 2.900 10.836 
050324105823 0.890 14.156 31.506 9.937 8.246 3.226 10.846 
050324111323 0.961 14.172 31.535 9.944 8.248 2.680 10.804 
050324112823 0.942 14.187 31.593 9.950 8.249 2.429 10.798 
050324114323 0.934 14.193 31.529 9.966 8.250 3.166 10.833 
050324115823 0.927 14.199 31.561 9.970 8.252 3.029 10.844 
050324121323 0.893 14.231 31.558 9.979 8.252 2.634 10.826 
050324122823 0.874 14.326 31.520 9.967 8.252 2.733 10.783 
050324124323 0.798 14.339 31.513 9.980 8.254 2.444 10.817 
050324125823 0.862 14.370 31.556 9.984 8.255 1.989 10.829 
050324131323 0.819 14.384 31.545 9.992 8.255 2.179 10.809 
050324132823 0.898 14.415 31.559 10.020 8.255 2.156 10.783 
050324134323 0.872 14.417 31.532 10.052 8.255 2.391 10.815 
050324135823 0.890 14.428 31.515 10.055 8.255 2.368 10.828 
050324141323 0.994 14.434 31.506 10.063 8.255 2.376 10.783 
050324142823 1.014 14.439 31.491 10.081 8.257 2.839 10.777 
050324144323 0.874 14.351 31.497 10.116 8.255 2.907 10.815 
050324145823 1.000 14.324 31.512 10.129 8.255 4.350 10.829 
050324151323 0.917 14.262 31.527 10.156 8.253 3.431 10.808 
050324152823 0.892 14.257 31.556 10.169 8.251 3.963 10.782 
050324154323 1.041 14.265 31.519 10.170 8.250 3.902 10.817 
