SAMBAT Sea Ti  C/T/D/Odo/Fluo/pH GPS : 50195 
V:0,Pression (0/50),dba
V:1,Température (-5/35),°C
V:2,Salinité (2/42),g/l
V:3,Oxygène (0/20),mgl
V:4,PH (0/14),pH
V:5,Fluorescence (0/500),ppb
V:6,Tension batterie,V
080224144307 0.813 14.553 36.989 9.797 8.243 2.710 10.742 
080224145806 0.943 14.532 37.042 9.814 8.243 2.346 10.823 
080224151306 0.831 14.491 37.004 9.831 8.242 2.627 10.822 
080224152806 0.790 14.516 36.933 9.833 8.239 1.959 10.826 
080224154306 0.858 14.522 37.022 9.837 8.238 1.890 10.852 
080224155806 0.846 14.522 36.906 9.844 8.239 2.915 10.862 
080224161306 0.878 14.520 36.981 9.852 8.240 3.090 10.847 
080224162806 0.921 14.521 37.040 9.857 8.241 3.507 10.832 
080224164306 0.861 14.517 36.997 9.863 8.241 4.790 10.855 
080224165806 0.779 14.511 36.994 9.870 8.242 5.549 10.864 
080224171306 0.817 14.510 37.026 9.876 8.242 5.162 10.848 
080224172806 0.809 14.508 37.060 9.883 8.242 5.557 10.833 
080224174306 0.918 14.489 37.005 9.892 8.242 5.656 10.856 
080224175806 0.902 14.465 36.784 9.902 8.243 5.686 10.865 
080224181306 0.808 14.478 36.905 9.905 8.242 5.276 10.847 
080224182806 0.895 14.458 37.132 9.916 8.241 5.618 10.833 
080224184306 0.820 14.481 37.107 9.923 8.242 6.248 10.856 
080224185806 0.859 14.472 36.999 9.932 8.243 5.132 10.865 
080224191306 0.950 14.476 37.238 9.940 8.244 5.132 10.826 
080224192806 0.936 14.483 37.315 9.941 8.242 5.914 10.828 
080224194306 0.836 14.480 37.011 9.942 8.242 6.711 10.853 
080224195806 0.856 14.478 36.988 9.943 8.243 5.094 10.864 
080224201306 0.819 14.465 36.863 9.946 8.243 4.608 10.843 
080224202806 0.834 14.453 36.877 9.952 8.243 4.904 10.832 
080224204306 0.856 14.456 36.941 9.952 8.243 8.016 10.855 
080224205806 0.880 14.459 36.813 9.954 8.243 6.232 10.865 
080224211306 0.856 14.470 37.059 9.952 8.241 5.504 10.826 
080224212806 0.884 14.454 37.010 9.956 8.243 5.914 10.828 
080224214306 0.881 14.457 37.069 9.955 8.243 5.739 10.853 
080224215806 0.831 14.465 37.098 9.953 8.244 6.058 10.864 
080224221306 0.917 14.453 37.085 9.953 8.243 5.815 10.847 
080224222806 0.939 14.459 37.034 9.950 8.243 6.665 10.832 
080224224306 0.896 14.440 37.033 9.956 8.244 5.291 10.856 
080224225806 0.763 14.453 36.943 9.952 8.244 6.058 10.865 
080224231306 0.874 14.447 36.916 9.955 8.245 5.572 10.848 
080224232806 0.843 14.427 36.972 9.962 8.245 5.557 10.833 
080224234306 0.885 14.405 36.994 9.968 8.245 5.405 10.856 
080224235806 0.859 14.429 36.991 9.958 8.239 5.952 10.865 
090224001306 0.845 14.437 36.992 9.944 8.238 5.936 10.826 
090224002806 0.849 14.422 37.043 9.944 8.239 6.020 10.828 
090224004306 0.837 14.440 37.042 9.927 8.239 6.802 10.853 
090224005806 0.863 14.441 37.070 9.918 8.239 7.166 10.864 
090224011306 0.851 14.432 37.043 9.913 8.240 7.181 10.849 
090224012806 0.852 14.438 37.054 9.901 8.241 7.356 10.833 
090224014306 0.846 14.433 37.055 9.895 8.241 7.644 10.856 
090224015806 0.809 14.442 36.850 9.890 8.241 5.883 10.865 
090224021306 0.843 14.434 36.875 9.886 8.242 6.278 10.846 
090224022806 0.812 14.430 36.847 9.882 8.242 7.318 10.833 
090224024306 0.855 14.425 36.852 9.883 8.242 7.166 10.856 
090224025806 0.875 14.418 36.864 9.881 8.242 8.259 10.864 
090224031306 0.859 14.424 36.865 9.873 8.241 5.792 10.825 
090224032806 0.852 14.422 36.935 9.867 8.241 6.566 10.828 
090224034306 0.823 14.413 36.970 9.867 8.241 7.310 10.853 
090224035806 0.797 14.432 37.031 9.852 8.241 5.914 10.863 
090224041306 0.800 14.427 37.088 9.846 8.242 7.758 10.847 
090224042806 0.826 14.423 37.060 9.848 8.242 6.103 10.839 
090224044306 0.782 14.424 37.061 9.844 8.242 6.103 10.858 
090224045806 0.782 14.426 37.146 9.836 8.241 6.134 10.866 
090224051306 0.789 14.431 36.997 9.824 8.242 6.483 10.848 
090224052806 0.838 14.422 37.031 9.825 8.243 5.526 10.839 
090224054306 0.844 14.439 37.062 9.811 8.243 5.807 10.858 
090224055806 0.869 14.438 37.080 9.806 8.243 6.597 10.866 
090224061306 0.824 14.427 37.098 9.811 8.244 5.473 10.847 
090224062806 0.818 14.439 37.155 9.805 8.244 5.155 10.830 
090224064306 0.864 14.446 37.162 9.805 8.245 6.081 10.855 
090224065806 0.786 14.445 36.953 9.806 8.245 7.022 10.864 
090224071306 0.841 14.432 36.895 9.808 8.246 7.508 10.825 
090224072806 0.796 14.433 37.121 9.809 8.244 6.642 10.834 
090224074306 0.831 14.431 37.062 9.809 8.243 6.058 10.856 
090224075806 0.803 14.420 36.973 9.816 8.243 6.536 10.865 
090224081306 0.810 14.430 36.832 9.809 8.243 6.126 10.847 
090224082806 0.831 14.432 36.989 9.808 8.244 6.658 10.838 
090224084306 0.827 14.431 36.976 9.807 8.244 6.058 10.858 
090224085806 0.814 14.425 37.062 9.814 8.244 5.982 10.866 
090224091306 0.780 14.435 36.998 9.808 8.244 4.479 10.849 
090224092806 0.838 14.434 36.955 9.809 8.244 4.160 10.834 
090224094306 0.772 14.440 37.077 9.810 8.244 5.071 10.856 
090224095806 0.817 14.438 37.097 9.811 8.244 4.714 10.865 
090224101306 0.838 14.436 37.027 9.811 8.244 4.881 10.827 
090224102806 0.799 14.438 37.078 9.813 8.244 4.335 10.834 
090224104306 0.865 14.443 37.079 9.813 8.243 4.198 10.856 
090224105806 0.815 14.440 37.124 9.814 8.244 4.843 10.865 
090224111306 0.810 14.441 37.065 9.816 8.244 6.460 10.848 
090224112806 0.770 14.428 37.111 9.822 8.245 5.443 10.839 
090224114306 0.802 14.439 37.100 9.818 8.244 5.079 10.858 
090224115806 0.798 14.438 37.072 9.820 8.244 4.319 10.866 
090224121306 0.803 14.441 37.036 9.820 8.244 5.025 10.844 
090224122806 0.811 14.443 37.040 9.821 8.244 4.001 10.829 
090224124306 0.777 14.444 37.083 9.821 8.245 5.139 10.854 
090224125806 0.766 14.445 37.068 9.824 8.244 3.689 10.864 
090224131306 0.766 14.446 36.985 9.825 8.244 4.631 10.827 
090224132806 0.783 14.442 36.920 9.826 8.244 4.965 10.837 
090224134306 0.792 14.441 36.949 9.826 8.245 5.534 10.857 
090224135806 0.777 14.438 36.999 9.826 8.245 6.225 10.865 
090224141306 0.809 14.442 36.931 9.827 8.244 6.012 10.849 
090224142806 0.796 14.439 36.964 9.830 8.244 6.362 10.840 
090224144306 0.757 14.435 36.816 9.831 8.244 7.310 10.858 
