SAMBAT Sea Ti  C/T/D/Odo/Fluo/pH GPS : 50195 
V:0,Pression (0/50),dba
V:1,Température (-5/35),°C
V:2,Salinité (2/42),g/l
V:3,Oxygène (0/20),mgl
V:4,PH (0/14),pH
V:5,Fluorescence (0/500),ppb
V:6,Tension batterie,V
220124140211 1.090 14.379 39.129 9.512 8.240 2.467 10.739 
220124141710 1.144 14.390 39.137 9.513 8.241 4.198 10.815 
220124143210 1.114 14.394 39.206 9.516 8.239 2.315 10.829 
220124144710 1.143 14.396 39.278 9.520 8.239 2.520 10.849 
220124150210 1.133 14.402 39.304 9.524 8.238 2.528 10.858 
220124151710 0.990 14.396 39.277 9.530 8.236 2.057 10.849 
220124153210 0.999 14.377 39.295 9.538 8.234 2.627 10.840 
220124154710 1.115 14.365 39.303 9.544 8.233 4.251 10.855 
220124160210 1.060 14.359 39.294 9.546 8.232 3.887 10.862 
220124161710 0.979 14.347 39.312 9.550 8.231 4.289 10.835 
220124163210 1.074 14.341 39.324 9.556 8.231 4.608 10.836 
220124164710 0.970 14.339 39.288 9.557 8.231 5.177 10.853 
220124170210 0.979 14.323 39.312 9.561 8.231 5.132 10.861 
220124171710 1.113 14.310 39.296 9.570 8.231 5.618 10.852 
220124173210 1.022 14.302 39.316 9.575 8.229 6.255 10.841 
220124174710 1.082 14.316 39.314 9.570 8.230 4.874 10.856 
220124180210 0.988 14.317 39.311 9.570 8.237 5.693 10.862 
220124181710 1.154 14.311 39.307 9.571 8.234 5.952 10.852 
220124183210 1.001 14.297 39.299 9.574 8.232 4.669 10.842 
220124184710 1.129 14.308 39.263 9.570 8.232 5.792 10.856 
220124190210 1.227 14.298 39.287 9.574 8.234 5.162 10.863 
220124191710 1.081 14.291 39.285 9.573 8.232 4.912 10.835 
220124193210 1.140 14.272 39.275 9.577 8.232 6.270 10.837 
220124194710 1.113 14.286 39.270 9.572 8.231 6.445 10.854 
220124200210 1.072 14.297 39.264 9.567 8.232 5.192 10.862 
220124201710 1.047 14.278 39.275 9.569 8.232 5.633 10.851 
220124203210 1.098 14.272 39.289 9.568 8.232 5.337 10.840 
220124204710 0.998 14.280 39.198 9.567 8.233 6.119 10.856 
220124210210 1.084 14.301 39.273 9.559 8.237 4.752 10.862 
220124211710 0.992 14.298 39.134 9.558 8.238 5.071 10.850 
220124213210 0.958 14.311 39.255 9.551 8.237 4.752 10.840 
220124214710 1.037 14.311 39.262 9.549 8.235 4.896 10.856 
220124220210 1.065 14.312 39.257 9.546 8.236 5.648 10.862 
220124221710 1.060 14.302 39.259 9.547 8.234 5.018 10.836 
220124223210 1.033 14.293 39.231 9.549 8.235 5.314 10.837 
220124224710 1.020 14.303 39.227 9.547 8.237 5.299 10.854 
220124230210 1.046 14.271 39.224 9.555 8.235 5.921 10.861 
220124231710 1.048 14.287 39.241 9.551 8.234 5.944 10.851 
220124233210 1.116 14.297 39.244 9.551 8.236 4.524 10.840 
220124234710 1.029 14.288 39.239 9.551 8.234 5.990 10.856 
230124000210 1.094 14.278 39.234 9.553 8.234 5.633 10.862 
230124001710 0.964 14.293 39.230 9.549 8.233 5.117 10.850 
230124003210 0.966 14.275 39.241 9.553 8.234 5.322 10.841 
230124004710 1.042 14.295 39.234 9.551 8.237 5.747 10.856 
230124010210 1.083 14.286 39.231 9.554 8.236 4.411 10.862 
230124011710 0.988 14.275 39.214 9.558 8.234 4.919 10.836 
230124013210 0.921 14.269 39.219 9.559 8.233 4.593 10.837 
230124014710 1.144 14.278 39.221 9.557 8.233 3.970 10.854 
230124020210 1.014 14.277 39.125 9.558 8.235 4.661 10.861 
230124021710 1.025 14.276 39.222 9.559 8.235 4.464 10.851 
230124023210 1.017 14.288 39.216 9.555 8.236 5.693 10.840 
230124024710 0.971 14.279 39.172 9.559 8.234 4.616 10.856 
230124030210 1.100 14.289 39.220 9.555 8.236 5.549 10.862 
230124031710 1.050 14.288 39.206 9.555 8.236 4.411 10.851 
230124033210 1.134 14.287 39.204 9.555 8.235 4.433 10.841 
230124034710 1.059 14.287 39.200 9.555 8.236 4.836 10.856 
230124040210 1.223 14.285 39.197 9.559 8.235 4.745 10.863 
230124041710 1.004 14.290 39.202 9.559 8.234 4.987 10.836 
230124043210 0.975 14.281 39.190 9.561 8.235 4.570 10.836 
230124044710 1.178 14.287 39.188 9.562 8.235 4.479 10.854 
230124050210 1.164 14.286 39.168 9.563 8.235 4.638 10.861 
230124051710 1.121 14.276 39.099 9.567 8.234 4.965 10.851 
230124053210 1.083 14.283 39.165 9.566 8.234 4.972 10.841 
230124054710 1.106 14.271 39.084 9.569 8.234 4.403 10.856 
230124060210 1.066 14.285 39.115 9.568 8.235 5.124 10.862 
230124061710 1.028 14.274 39.157 9.571 8.235 4.699 10.852 
230124063210 0.955 14.256 39.101 9.575 8.232 4.631 10.841 
230124064710 1.119 14.268 39.037 9.574 8.233 5.921 10.856 
230124070210 1.054 14.259 39.049 9.576 8.232 4.616 10.862 
230124071710 0.863 14.222 39.055 9.583 8.231 4.965 10.836 
230124073210 0.924 14.241 39.102 9.581 8.230 4.843 10.837 
230124074710 1.139 14.222 39.065 9.585 8.230 5.041 10.853 
230124080210 1.143 14.216 39.080 9.586 8.234 4.828 10.861 
230124081710 1.012 14.226 38.986 9.586 8.234 4.206 10.851 
230124083210 1.112 14.238 39.075 9.584 8.235 4.995 10.840 
230124084710 1.073 14.227 39.014 9.588 8.234 3.682 10.855 
230124090210 1.044 14.246 38.940 9.586 8.234 3.613 10.862 
230124091710 1.007 14.264 38.879 9.586 8.239 2.983 10.836 
230124093210 1.029 14.269 38.850 9.586 8.239 2.323 10.836 
230124094710 1.038 14.272 38.938 9.584 8.238 2.543 10.854 
230124100210 0.955 14.276 38.984 9.581 8.237 2.680 10.861 
230124101710 1.020 14.273 38.969 9.582 8.236 2.118 10.851 
230124103210 1.037 14.286 38.844 9.579 8.237 1.921 10.840 
230124104710 1.058 14.300 38.956 9.576 8.239 2.118 10.856 
230124110210 1.065 14.313 38.956 9.572 8.239 2.247 10.862 
230124111710 1.089 14.322 38.933 9.568 8.239 1.427 10.850 
230124113210 1.132 14.353 38.839 9.560 8.242 1.518 10.839 
230124114710 1.109 14.353 39.122 9.562 8.242 1.776 10.855 
230124120210 1.065 14.371 38.842 9.562 8.241 1.511 10.862 
230124121710 1.105 14.396 38.935 9.557 8.245 1.867 10.836 
230124123210 1.009 14.411 38.987 9.556 8.244 1.685 10.837 
230124124710 0.989 14.432 38.846 9.549 8.243 1.792 10.854 
230124130210 1.065 14.453 38.771 9.550 8.242 2.133 10.862 
230124131710 1.119 14.469 38.930 9.552 8.243 1.670 10.853 
230124133210 1.090 14.494 38.820 9.553 8.243 2.368 10.841 
230124134710 1.021 14.512 38.753 9.554 8.243 1.784 10.857 
