SAMBAT Sea Ti  C/T/D/Odo/Fluo/pH GPS : 50195 
V:0,Pression (0/50),dba
V:1,Température (-5/35),°C
V:2,Salinité (2/42),g/l
V:3,Oxygène (0/20),mgl
V:4,PH (0/14),pH
V:5,Fluorescence (0/500),ppb
V:6,Tension batterie,V
090224144533 0.745 14.437 36.939 9.833 8.244 6.278 10.740 
090224150032 0.767 14.438 37.005 9.833 8.244 7.774 10.822 
090224151532 0.714 14.435 36.920 9.834 8.244 7.045 10.835 
090224153032 0.778 14.440 36.919 9.833 8.244 6.354 10.838 
090224154532 0.760 14.436 36.867 9.832 8.243 5.595 10.855 
090224160032 0.796 14.434 36.924 9.833 8.244 6.164 10.864 
090224161532 0.770 14.434 36.952 9.833 8.244 6.453 10.833 
090224163032 0.738 14.435 36.888 9.833 8.243 7.045 10.836 
090224164532 0.873 14.434 36.832 9.834 8.243 6.938 10.855 
090224170032 0.756 14.423 36.735 9.843 8.243 6.195 10.864 
090224171532 0.686 14.421 36.987 9.843 8.243 7.052 10.851 
090224173032 0.851 14.421 36.919 9.843 8.243 7.212 10.843 
090224174532 0.765 14.424 36.708 9.842 8.243 7.379 10.859 
090224180032 0.724 14.424 36.906 9.842 8.243 7.151 10.866 
090224181532 0.773 14.421 36.771 9.840 8.243 7.075 10.851 
090224183032 0.883 14.425 36.778 9.838 8.243 7.250 10.838 
090224184532 0.696 14.420 36.771 9.837 8.243 6.764 10.858 
090224190032 0.799 14.419 36.803 9.837 8.243 6.498 10.865 
090224191532 0.711 14.406 36.871 9.839 8.243 5.716 10.834 
090224193032 0.811 14.415 37.190 9.836 8.243 6.680 10.834 
090224194532 0.767 14.414 36.781 9.835 8.243 7.607 10.856 
090224200032 0.737 14.396 36.925 9.840 8.243 5.997 10.864 
090224201532 0.755 14.414 36.949 9.833 8.242 6.589 10.850 
090224203032 0.675 14.410 36.724 9.832 8.243 6.779 10.838 
090224204532 0.754 14.402 36.712 9.832 8.243 7.493 10.857 
090224210032 0.773 14.420 36.708 9.826 8.243 6.020 10.865 
090224211532 0.766 14.414 36.940 9.826 8.243 6.035 10.851 
090224213032 0.764 14.419 36.691 9.823 8.243 5.709 10.838 
090224214532 0.724 14.402 36.709 9.827 8.243 5.496 10.857 
090224220032 0.846 14.406 36.770 9.824 8.243 5.762 10.865 
090224221532 0.724 14.409 36.580 9.822 8.243 6.377 10.834 
090224223032 0.743 14.414 36.879 9.818 8.243 6.437 10.835 
090224224532 0.774 14.406 36.820 9.818 8.244 6.680 10.855 
090224230032 0.739 14.400 36.880 9.818 8.244 6.065 10.864 
090224231532 0.779 14.394 36.833 9.817 8.244 6.825 10.851 
090224233032 0.707 14.392 36.817 9.816 8.243 6.339 10.838 
090224234532 0.748 14.390 36.873 9.817 8.242 7.257 10.858 
100224000032 0.775 14.418 36.807 9.807 8.243 6.787 10.865 
100224001532 0.762 14.407 36.875 9.811 8.243 6.134 10.833 
100224003032 0.719 14.403 36.861 9.811 8.244 6.582 10.834 
100224004532 0.748 14.409 36.837 9.808 8.244 7.341 10.855 
100224010032 0.723 14.421 36.850 9.803 8.244 6.286 10.864 
100224011532 0.773 14.405 36.871 9.806 8.245 6.529 10.851 
100224013032 0.705 14.417 36.921 9.802 8.245 6.430 10.838 
100224014532 0.708 14.417 37.175 9.801 8.245 6.050 10.857 
100224020032 0.744 14.423 37.094 9.799 8.244 6.020 10.865 
100224021532 0.728 14.414 36.910 9.800 8.245 6.384 10.852 
100224023032 0.735 14.416 36.964 9.798 8.245 6.825 10.839 
100224024532 0.699 14.415 36.979 9.797 8.244 6.544 10.858 
100224030032 0.755 14.415 36.966 9.798 8.245 6.149 10.865 
100224031532 0.702 14.415 36.799 9.798 8.244 6.308 10.834 
100224033032 0.709 14.419 36.883 9.796 8.244 6.999 10.835 
100224034532 0.703 14.419 37.158 9.794 8.244 6.111 10.856 
100224040032 0.718 14.416 36.689 9.794 8.245 6.817 10.864 
100224041532 0.698 14.408 37.049 9.797 8.245 5.625 10.852 
100224043032 0.744 14.412 36.891 9.796 8.245 7.561 10.839 
100224044532 0.712 14.421 36.872 9.794 8.244 6.324 10.857 
100224050032 0.692 14.410 36.824 9.799 8.245 6.270 10.865 
100224051532 0.714 14.388 36.921 9.802 8.245 6.612 10.851 
100224053032 0.709 14.404 37.191 9.798 8.243 6.483 10.844 
100224054532 0.705 14.386 36.638 9.805 8.243 6.491 10.860 
100224060032 0.722 14.396 36.846 9.799 8.243 7.242 10.866 
100224061532 0.608 14.381 36.952 9.801 8.243 7.447 10.851 
100224063032 0.718 14.406 36.919 9.796 8.243 6.650 10.843 
100224064532 0.649 14.402 37.073 9.797 8.245 5.974 10.860 
100224070032 0.720 14.396 36.896 9.799 8.246 7.265 10.866 
100224071532 0.720 14.407 36.924 9.797 8.246 6.172 10.834 
100224073032 0.667 14.412 36.755 9.794 8.246 6.453 10.832 
100224074532 0.624 14.404 36.894 9.797 8.247 7.994 10.854 
100224080032 0.667 14.412 36.866 9.795 8.247 5.914 10.864 
100224081532 0.718 14.417 36.663 9.794 8.247 6.187 10.851 
100224083032 0.571 14.412 36.643 9.796 8.246 6.005 10.844 
100224084532 0.714 14.398 36.890 9.800 8.246 5.762 10.860 
100224090032 0.794 14.411 36.807 9.797 8.245 6.339 10.866 
100224091532 0.756 14.411 36.844 9.799 8.245 5.587 10.852 
100224093032 0.641 14.403 37.040 9.800 8.246 5.208 10.844 
100224094532 0.696 14.415 36.746 9.798 8.246 5.132 10.860 
100224100032 0.698 14.421 36.919 9.799 8.246 5.261 10.867 
100224101532 0.659 14.406 36.765 9.804 8.246 5.526 10.835 
100224103032 0.732 14.415 36.707 9.802 8.245 5.306 10.840 
100224104532 0.672 14.414 36.857 9.804 8.245 4.851 10.858 
100224110032 0.557 14.408 36.640 9.804 8.244 3.796 10.866 
100224111532 0.710 14.409 36.627 9.806 8.244 3.826 10.851 
100224113032 0.673 14.402 36.901 9.808 8.244 3.879 10.844 
100224114532 0.652 14.396 36.667 9.809 8.243 4.031 10.860 
100224120032 0.579 14.392 36.802 9.810 8.243 4.433 10.866 
100224121532 0.620 14.391 36.755 9.809 8.242 4.145 10.834 
100224123032 0.683 14.398 36.870 9.808 8.243 4.927 10.832 
100224124532 0.650 14.378 37.036 9.812 8.242 4.942 10.855 
100224130032 0.703 14.368 36.848 9.814 8.241 5.018 10.864 
100224131532 0.576 14.379 36.770 9.811 8.241 5.800 10.850 
100224133032 0.595 14.385 36.932 9.810 8.241 5.329 10.838 
100224134532 0.585 14.385 36.855 9.810 8.242 5.375 10.857 
100224140032 0.668 14.397 36.977 9.806 8.243 6.240 10.865 
100224141532 0.633 14.396 37.014 9.806 8.244 5.929 10.834 
100224143032 0.631 14.399 36.827 9.806 8.244 5.997 10.834 
100224144532 0.613 14.399 36.739 9.806 8.245 6.020 10.855 
