SAMBAT Sea Ti  C/T/D/Odo/Fluo/pH GPS : 50195 
V:0,Pression (0/50),m
V:1,Température (-5/35),°C
V:2,Salinité (2/42),g/l
V:3,Oxygène (0/20),mgl
V:4,PH (0/14),pH
V:5,Fluorescence (0/50),µgl
V:6,Tension batterie,V
101022153125 0.880 22.073 38.436 8.151 8.320 2.034 10.769 
101022154624 0.922 22.076 38.433 8.165 8.320 0.112 10.869 
101022160124 0.919 22.099 38.436 8.168 8.320 0.147 10.863 
101022161624 0.939 22.113 38.444 8.168 8.320 0.195 10.892 
101022163124 0.897 22.107 38.437 8.166 8.318 0.444 10.903 
101022164624 0.902 22.102 38.440 8.169 8.319 0.261 10.907 
101022170124 0.892 22.073 38.440 8.176 8.319 0.661 10.878 
101022171624 0.904 22.070 38.441 8.177 8.317 0.453 10.899 
101022173124 0.902 22.065 38.431 8.179 8.319 0.848 10.905 
101022174624 0.928 22.055 38.439 8.183 8.318 0.469 10.909 
101022180124 0.934 22.051 38.440 8.177 8.319 1.089 10.879 
101022181624 0.891 22.049 38.441 8.167 8.320 0.375 10.899 
101022183124 0.906 22.042 38.437 8.166 8.320 1.607 10.906 
101022184624 0.893 22.033 38.441 8.162 8.320 2.900 10.909 
101022190124 0.901 22.019 38.440 8.153 8.320 2.171 10.864 
101022191624 0.927 22.013 38.439 8.142 8.318 0.242 10.894 
101022193124 0.906 22.002 38.443 8.132 8.319 0.253 10.904 
101022194624 0.904 21.993 38.439 8.128 8.321 0.280 10.908 
101022200124 0.916 21.988 38.432 8.124 8.320 0.293 10.878 
101022201624 0.929 21.992 38.432 8.113 8.320 0.318 10.899 
101022203124 0.915 21.990 38.430 8.112 8.322 0.300 10.906 
101022204624 0.895 21.975 38.441 8.113 8.323 0.270 10.909 
101022210124 0.913 21.974 38.433 8.110 8.324 0.242 10.879 
101022211624 0.949 21.974 38.432 8.107 8.324 0.372 10.899 
101022213124 0.927 21.961 38.433 8.112 8.325 0.271 10.906 
101022214624 0.909 21.955 38.430 8.115 8.325 0.294 10.909 
101022220124 0.900 21.959 38.431 8.116 8.324 0.416 10.875 
101022221624 0.899 21.946 38.434 8.114 8.325 0.235 10.898 
101022223124 0.887 21.940 38.434 8.114 8.325 0.250 10.905 
101022224624 0.968 21.937 38.430 8.116 8.325 0.223 10.908 
101022230124 0.933 21.926 38.440 8.112 8.326 0.243 10.864 
101022231624 0.942 21.917 38.444 8.114 8.327 0.276 10.894 
101022233124 0.893 21.916 38.444 8.110 8.328 0.197 10.904 
101022234624 0.909 21.901 38.435 8.112 8.328 0.228 10.907 
111022000124 0.955 21.896 38.440 8.113 8.327 0.300 10.879 
111022001624 0.899 21.892 38.436 8.117 8.328 0.238 10.899 
111022003124 0.916 21.876 38.435 8.122 8.329 0.252 10.905 
111022004624 0.938 21.875 38.445 8.123 8.329 0.280 10.908 
111022010124 0.922 21.875 38.432 8.120 8.328 0.241 10.878 
111022011624 0.909 21.865 38.440 8.121 8.329 0.226 10.899 
111022013124 0.920 21.858 38.432 8.122 8.328 0.290 10.905 
111022014624 0.889 21.852 38.426 8.126 8.328 0.212 10.908 
111022020124 0.899 21.843 38.432 8.124 8.330 0.210 10.877 
111022021624 0.948 21.832 38.433 8.122 8.330 0.312 10.898 
111022023124 0.893 21.826 38.435 8.117 8.329 0.209 10.905 
111022024624 0.942 21.818 38.424 8.115 8.329 0.258 10.907 
111022030124 0.921 21.817 38.434 8.112 8.329 0.353 10.865 
111022031624 0.906 21.811 38.432 8.112 8.330 0.225 10.894 
111022033124 0.922 21.809 38.429 8.111 8.330 0.245 10.903 
111022034624 0.914 21.809 38.433 8.110 8.330 0.193 10.907 
111022040124 0.913 21.812 38.430 8.109 8.330 0.250 10.877 
111022041624 0.896 21.808 38.427 8.109 8.328 0.239 10.898 
111022043124 0.887 21.811 38.429 8.112 8.330 0.269 10.905 
111022044624 0.929 21.806 38.423 8.116 8.330 0.184 10.907 
111022050124 0.918 21.803 38.424 8.117 8.328 0.275 10.865 
111022051624 0.906 21.789 38.433 8.113 8.329 0.195 10.894 
111022053124 0.902 21.803 38.429 8.104 8.329 0.280 10.903 
111022054624 0.929 21.796 38.420 8.099 8.325 0.185 10.907 
111022060124 0.904 21.789 38.425 8.099 8.330 0.243 10.877 
111022061624 0.904 21.783 38.427 8.098 8.329 0.245 10.898 
111022063124 0.869 21.773 38.413 8.096 8.330 0.245 10.905 
111022064624 0.911 21.779 38.418 8.091 8.330 0.286 10.907 
111022070124 0.906 21.782 38.421 8.085 8.327 0.246 10.864 
111022071624 0.938 21.777 38.421 8.085 8.330 0.374 10.893 
111022073124 0.952 21.768 38.420 8.081 8.330 3.416 10.902 
111022074624 0.947 21.769 38.416 8.085 8.330 1.317 10.906 
111022080124 0.888 21.766 38.427 8.088 8.329 1.054 10.877 
111022081624 0.906 21.752 38.428 8.098 8.330 0.885 10.897 
111022083124 0.942 21.766 38.422 8.094 8.328 1.120 10.904 
111022084624 0.917 21.751 38.426 8.103 8.330 1.746 10.907 
111022090124 0.905 21.741 38.424 8.106 8.330 0.901 10.877 
111022091624 0.941 21.749 38.424 8.108 8.328 1.198 10.897 
111022093124 0.939 21.739 38.423 8.108 8.328 1.227 10.904 
111022094624 0.917 21.749 38.422 8.101 8.327 2.469 10.907 
111022100124 0.929 21.758 38.425 8.100 8.327 0.818 10.877 
111022101624 0.933 21.768 38.417 8.090 8.327 0.602 10.897 
111022103124 0.936 21.776 38.419 8.086 8.327 0.646 10.904 
111022104624 0.923 21.808 38.420 8.084 8.325 0.551 10.907 
111022110124 0.942 21.816 38.416 8.084 8.325 0.892 10.862 
111022111624 0.952 21.819 38.404 8.084 8.325 0.302 10.893 
111022113124 0.920 21.906 38.410 8.074 8.323 1.006 10.902 
111022114624 0.899 21.862 38.401 8.089 8.322 0.255 10.907 
111022120124 0.913 21.929 38.425 8.082 8.323 1.008 10.878 
111022121624 0.945 21.931 38.419 8.099 8.323 0.573 10.898 
111022123124 0.901 21.961 38.429 8.111 8.322 0.627 10.905 
111022124624 0.913 21.951 38.435 8.126 8.322 0.696 10.908 
111022130124 0.902 22.045 38.416 8.123 8.321 0.806 10.877 
111022131624 0.920 22.050 38.435 8.131 8.320 1.011 10.899 
111022133124 0.912 22.068 38.434 8.140 8.319 0.364 10.906 
111022134624 0.935 22.103 38.423 8.150 8.320 0.192 10.909 
111022140124 0.955 22.141 38.428 8.153 8.320 0.393 10.864 
111022141624 0.897 22.167 38.437 8.155 8.319 0.361 10.895 
111022143124 0.928 22.163 38.428 8.168 8.319 0.117 10.904 
111022144624 0.904 22.146 38.430 8.172 8.319 0.282 10.908 
111022150124 0.911 22.214 38.423 8.157 8.318 0.307 10.880 
111022151624 0.915 22.248 38.426 8.157 8.317 0.802 10.900 
111022153124 0.915 22.228 38.425 8.164 8.318 0.842 10.907 
