SAMBAT Sea Ti  C/T/D/Odo/Fluo/pH GPS : 50195 
V:0,Pression (0/50),m
V:1,Température (-5/35),°C
V:2,Salinité (2/42),g/l
V:3,Oxygène (0/20),mgl
V:4,PH (0/14),pH
V:5,Fluorescence (0/50),µgl
V:6,Tension batterie,V
030922140206 0.824 27.411 38.453 7.499 8.270 0.069 10.819 
030922141705 0.815 27.508 38.433 7.483 8.270 0.089 10.927 
030922143205 0.802 27.556 38.430 7.460 8.269 0.087 10.946 
030922144705 0.838 27.642 38.444 7.446 8.269 0.124 10.951 
030922150205 0.806 27.634 38.449 7.442 8.270 0.105 10.936 
030922151705 0.809 27.566 38.443 7.442 8.270 0.073 10.949 
030922153205 0.841 27.535 38.454 7.449 8.270 0.089 10.952 
030922154705 0.805 27.525 38.439 7.452 8.270 0.103 10.954 
030922160205 0.798 27.497 38.445 7.457 8.270 0.087 10.936 
030922161705 0.809 27.492 38.445 7.465 8.271 0.087 10.950 
030922163205 0.854 27.490 38.448 7.464 8.271 0.127 10.953 
030922164705 0.824 27.470 38.436 7.471 8.270 0.106 10.954 
030922170205 0.801 27.479 38.436 7.477 8.271 0.149 10.928 
030922171705 0.816 27.462 38.435 7.486 8.269 0.107 10.948 
030922173205 0.816 27.474 38.438 7.489 8.269 0.139 10.953 
030922174705 0.789 27.493 38.432 7.491 8.270 0.167 10.953 
030922180205 0.812 27.484 38.436 7.494 8.269 0.157 10.936 
030922181705 0.840 27.479 38.433 7.494 8.269 0.198 10.950 
030922183205 0.825 27.454 38.434 7.498 8.270 0.161 10.953 
030922184705 0.787 27.480 38.432 7.489 8.268 0.148 10.954 
030922190205 0.818 27.470 38.422 7.486 8.267 0.230 10.936 
030922191705 0.811 27.477 38.432 7.484 8.267 0.179 10.950 
030922193205 0.810 27.451 38.425 7.486 8.267 0.173 10.953 
030922194705 0.805 27.431 38.420 7.483 8.267 0.209 10.954 
030922200205 0.809 27.390 38.419 7.479 8.267 0.259 10.929 
030922201705 0.847 27.350 38.412 7.484 8.267 0.250 10.948 
030922203205 0.833 27.295 38.417 7.485 8.269 0.226 10.953 
030922204705 0.813 27.239 38.408 7.497 8.269 0.221 10.953 
030922210205 0.834 27.205 38.407 7.497 8.270 0.189 10.936 
030922211705 0.829 27.172 38.408 7.496 8.270 0.200 10.949 
030922213205 0.816 27.174 38.410 7.493 8.270 0.195 10.952 
030922214705 0.822 27.158 38.412 7.497 8.272 0.172 10.953 
030922220205 0.866 27.156 38.413 7.496 8.273 0.222 10.935 
030922221705 0.845 27.166 38.413 7.494 8.273 0.211 10.949 
030922223205 0.846 27.161 38.414 7.499 8.274 0.183 10.952 
030922224705 0.840 27.163 38.416 7.497 8.275 0.207 10.953 
030922230205 0.843 27.134 38.418 7.502 8.276 0.239 10.927 
030922231705 0.833 27.138 38.423 7.504 8.276 0.304 10.947 
030922233205 0.837 27.129 38.423 7.505 8.277 0.190 10.951 
030922234705 0.836 27.100 38.425 7.508 8.277 0.182 10.952 
040922000205 0.861 27.070 38.421 7.519 8.279 0.157 10.935 
040922001705 0.868 27.051 38.419 7.523 8.279 0.211 10.949 
040922003205 0.812 27.004 38.424 7.533 8.281 0.187 10.952 
040922004705 0.848 27.003 38.416 7.537 8.281 0.271 10.953 
040922010205 0.813 26.967 38.420 7.547 8.282 0.206 10.932 
040922011705 0.824 26.983 38.419 7.545 8.284 0.188 10.948 
040922013205 0.814 26.966 38.415 7.556 8.284 0.190 10.951 
040922014705 0.835 26.961 38.418 7.558 8.284 0.170 10.952 
040922020205 0.829 26.958 38.428 7.562 8.285 0.255 10.934 
040922021705 0.819 26.964 38.430 7.566 8.286 0.156 10.948 
040922023205 0.838 26.954 38.430 7.572 8.286 0.151 10.951 
040922024705 0.813 26.962 38.433 7.573 8.288 0.187 10.952 
040922030205 0.828 26.953 38.437 7.580 8.289 0.177 10.933 
040922031705 0.813 26.969 38.440 7.578 8.288 0.179 10.948 
040922033205 0.822 26.959 38.441 7.583 8.289 0.188 10.951 
040922034705 0.836 26.959 38.438 7.586 8.289 0.186 10.952 
040922040205 0.841 26.949 38.443 7.592 8.290 0.179 10.934 
040922041705 0.845 26.949 38.445 7.597 8.291 0.171 10.948 
040922043205 0.833 26.956 38.440 7.599 8.291 0.171 10.951 
040922044705 0.815 26.956 38.446 7.599 8.290 0.212 10.952 
040922050205 0.824 26.962 38.442 7.600 8.291 0.184 10.926 
040922051705 0.849 26.959 38.446 7.599 8.291 0.189 10.946 
040922053205 0.834 26.954 38.441 7.602 8.291 0.190 10.950 
040922054705 0.765 26.945 38.444 7.606 8.292 0.158 10.951 
040922060205 0.840 26.937 38.447 7.609 8.293 0.149 10.933 
040922061705 0.827 26.932 38.463 7.610 8.293 0.137 10.948 
040922063205 0.812 26.940 38.459 7.613 8.293 0.140 10.951 
040922064705 0.835 26.933 38.457 7.611 8.292 0.194 10.952 
040922070205 0.835 26.917 38.456 7.616 8.293 0.205 10.933 
040922071705 0.841 26.935 38.462 7.611 8.293 0.218 10.948 
040922073205 0.851 26.941 38.467 7.607 8.292 0.146 10.951 
040922074705 0.837 26.941 38.454 7.608 8.292 0.150 10.952 
040922080205 0.844 26.948 38.463 7.605 8.291 0.159 10.926 
040922081705 0.839 26.953 38.466 7.602 8.291 0.172 10.946 
040922083205 0.853 26.956 38.462 7.603 8.289 0.158 10.950 
040922084705 0.855 26.959 38.456 7.605 8.289 0.124 10.952 
040922090205 0.841 26.959 38.457 7.600 8.288 0.085 10.934 
040922091705 0.850 26.985 38.452 7.596 8.286 0.106 10.948 
040922093205 0.867 26.975 38.442 7.599 8.287 0.104 10.951 
040922094705 0.857 26.964 38.449 7.607 8.286 0.085 10.952 
040922100205 0.858 26.991 38.444 7.605 8.284 0.109 10.933 
040922101705 0.849 26.990 38.445 7.610 8.284 0.119 10.948 
040922103205 0.868 26.988 38.438 7.610 8.284 0.158 10.951 
040922104705 0.850 26.991 38.441 7.613 8.284 0.131 10.952 
040922110205 0.871 27.009 38.433 7.612 8.283 0.104 10.926 
040922111705 0.875 27.025 38.439 7.609 8.282 0.062 10.946 
040922113205 0.840 27.020 38.437 7.611 8.282 0.090 10.951 
040922114705 0.860 27.035 38.441 7.611 8.282 0.083 10.952 
040922120205 0.864 27.045 38.439 7.611 8.281 0.088 10.934 
040922121705 0.866 27.062 38.436 7.608 8.279 0.107 10.948 
040922123205 0.855 27.106 38.435 7.600 8.279 0.057 10.951 
040922124705 0.846 27.114 38.430 7.601 8.278 0.078 10.952 
040922130205 0.850 27.129 38.436 7.598 8.277 0.062 10.926 
040922131705 0.845 27.171 38.437 7.591 8.276 0.071 10.947 
040922133205 0.855 27.318 38.448 7.559 8.275 0.076 10.951 
040922134705 0.861 27.359 38.441 7.551 8.274 0.083 10.953 
040922140205 0.867 27.305 38.433 7.562 8.274 0.064 10.935 
