SAMBAT Sea Ti  C/T/D/Odo/Fluo/pH GPS : 50195 
V:0,Pression (0/50),m
V:1,Température (-5/35),°C
V:2,Salinité (2/42),g/l
V:3,Oxygène (0/20),mgl
V:4,PH (0/14),pH
V:5,Fluorescence (0/50),µgl
V:6,Tension batterie,V
061222174951 0.908 17.236 35.781 8.634 8.332 0.486 10.738 
061222180450 0.889 17.223 35.771 8.632 8.332 0.421 10.817 
061222181950 0.913 17.218 35.777 8.628 8.333 0.479 10.847 
061222183450 0.891 17.207 35.775 8.623 8.331 0.368 10.859 
061222184950 0.900 17.201 35.775 8.623 8.331 0.459 10.865 
061222190450 0.903 17.192 35.777 8.620 8.332 0.472 10.838 
061222191950 0.890 17.176 35.768 8.629 8.332 0.466 10.857 
061222193450 0.876 17.171 35.770 8.632 8.334 0.437 10.864 
061222194950 0.900 17.180 35.780 8.617 8.331 0.383 10.868 
061222200450 0.899 17.180 35.772 8.603 8.332 0.441 10.839 
061222201950 0.879 17.181 35.779 8.593 8.331 0.399 10.858 
061222203450 0.907 17.186 35.776 8.589 8.332 0.374 10.865 
061222204950 0.896 17.216 35.774 8.595 8.333 0.308 10.869 
061222210450 0.917 17.224 35.778 8.604 8.334 0.399 10.828 
061222211950 0.902 17.242 35.767 8.606 8.332 0.332 10.854 
061222213450 0.902 17.258 35.766 8.614 8.332 0.317 10.864 
061222214950 0.882 17.272 35.767 8.618 8.333 0.365 10.868 
061222220450 0.909 17.270 35.769 8.637 8.334 0.358 10.839 
061222221950 0.890 17.251 35.789 8.650 8.333 0.344 10.858 
061222223450 0.907 17.257 35.807 8.657 8.333 0.421 10.866 
061222224950 0.875 17.258 35.800 8.678 8.335 0.427 10.869 
061222230450 0.890 17.245 35.795 8.699 8.335 0.354 10.840 
061222231950 0.881 17.246 35.797 8.702 8.335 0.334 10.858 
061222233450 0.902 17.225 35.787 8.701 8.334 0.320 10.866 
061222234950 0.899 17.219 35.785 8.706 8.335 0.338 10.869 
071222000450 0.898 17.226 35.784 8.711 8.335 0.362 10.840 
071222001950 0.896 17.214 35.762 8.721 8.336 0.423 10.859 
071222003450 0.895 17.179 35.749 8.720 8.335 0.357 10.866 
071222004950 0.904 17.183 35.754 8.719 8.336 0.481 10.869 
071222010450 0.877 17.185 35.752 8.723 8.333 0.339 10.826 
071222011950 0.884 17.195 35.746 8.710 8.334 0.356 10.853 
071222013450 0.884 17.180 35.752 8.704 8.336 0.304 10.863 
071222014950 0.919 17.191 35.756 8.701 8.336 0.352 10.868 
071222020450 0.889 17.194 35.748 8.712 8.337 0.347 10.840 
071222021950 0.885 17.191 35.742 8.722 8.338 0.312 10.858 
071222023450 0.907 17.196 35.778 8.729 8.336 0.445 10.866 
071222024950 0.877 17.176 35.747 8.730 8.338 0.324 10.869 
071222030450 0.905 17.177 36.344 8.733 8.336 0.369 10.840 
071222031950 0.888 17.180 36.223 8.742 8.337 0.393 10.858 
071222033450 0.933 16.988 35.666 8.747 8.338 0.297 10.865 
071222034950 0.896 16.971 35.675 8.749 8.338 0.515 10.869 
071222040450 0.886 16.976 35.671 8.747 8.338 0.471 10.826 
071222041950 0.876 17.044 35.723 8.743 8.338 0.328 10.852 
071222043450 0.891 16.952 36.208 8.733 8.337 0.364 10.862 
071222044950 0.892 16.996 35.691 8.717 8.337 0.374 10.866 
071222050450 0.892 17.004 36.203 8.703 8.337 0.357 10.839 
071222051950 0.937 16.989 35.696 8.691 8.337 0.468 10.857 
071222053450 0.886 17.009 35.643 8.683 8.337 0.348 10.864 
071222054950 0.886 17.034 36.238 8.683 8.338 0.302 10.867 
071222060450 0.865 17.065 35.761 8.682 8.337 0.376 10.838 
071222061950 0.886 16.955 35.620 8.688 8.337 0.530 10.857 
071222063450 0.871 16.981 35.669 8.683 8.338 0.338 10.864 
071222064950 0.895 17.013 35.713 8.680 8.336 0.410 10.868 
071222070450 0.887 17.039 35.700 8.682 8.336 0.331 10.825 
071222071950 0.874 17.089 35.730 8.682 8.337 0.396 10.852 
071222073450 0.902 17.081 35.721 8.680 8.335 0.390 10.862 
071222074950 0.876 17.081 35.756 8.681 8.336 0.451 10.866 
071222080450 0.898 17.063 36.237 8.683 8.337 0.363 10.838 
071222081950 0.920 17.078 35.762 8.674 8.336 0.412 10.857 
071222083450 0.885 17.070 35.732 8.670 8.336 0.418 10.864 
071222084950 0.877 17.049 36.240 8.663 8.335 0.483 10.868 
071222090450 0.875 17.107 35.810 8.657 8.333 0.482 10.838 
071222091950 0.863 17.117 35.795 8.646 8.334 0.390 10.857 
071222093450 0.859 17.125 35.811 8.635 8.333 0.383 10.864 
071222094950 0.901 17.124 35.791 8.626 8.334 0.411 10.868 
071222100450 0.884 17.120 35.800 8.620 8.334 0.345 10.839 
071222101950 0.910 17.120 36.323 8.616 8.336 0.271 10.857 
071222103450 0.852 17.123 35.807 8.609 8.337 0.313 10.865 
071222104950 0.907 17.118 35.797 8.610 8.336 0.207 10.868 
071222110450 0.892 17.131 36.242 8.614 8.336 0.115 10.825 
071222111950 0.893 17.138 35.813 8.618 8.334 0.123 10.852 
071222113450 0.915 17.141 35.811 8.624 8.336 0.122 10.862 
071222114950 0.920 17.150 35.786 8.633 8.335 0.077 10.867 
071222120450 0.879 17.164 36.214 8.643 8.334 0.125 10.839 
071222121950 0.867 17.173 36.259 8.653 8.334 0.103 10.857 
071222123450 0.882 17.164 35.817 8.663 8.333 0.130 10.865 
071222124950 0.890 17.215 35.850 8.655 8.331 0.163 10.868 
071222130450 0.901 17.211 36.323 8.657 8.332 0.116 10.838 
071222131950 0.900 17.213 35.807 8.660 8.333 0.077 10.858 
071222133450 0.896 17.222 35.819 8.664 8.334 0.124 10.865 
071222134950 0.902 17.239 36.147 8.662 8.332 0.112 10.869 
071222140450 0.857 17.266 35.840 8.663 8.334 0.149 10.838 
071222141950 0.882 17.260 35.815 8.668 8.332 0.084 10.858 
071222143450 0.873 17.245 35.817 8.682 8.333 0.100 10.866 
071222144950 0.887 17.326 35.833 8.667 8.330 0.106 10.869 
071222150450 0.889 17.322 35.820 8.674 8.331 0.143 10.826 
071222151950 0.887 17.344 35.766 8.691 8.330 0.300 10.853 
071222153450 0.868 17.329 35.805 8.710 8.330 0.195 10.863 
071222154950 0.858 17.306 35.773 8.728 8.332 0.290 10.868 
071222160450 0.795 17.629 35.771 8.669 8.339 0.219 10.839 
071222161950 0.831 17.504 35.763 8.722 8.337 0.273 10.859 
071222163450 0.826 17.494 35.794 8.739 8.338 0.263 10.866 
071222164950 0.874 17.469 35.804 8.768 8.339 0.301 10.870 
071222170450 0.858 17.450 35.802 8.786 8.339 0.351 10.839 
071222171950 0.868 17.428 35.799 8.807 8.338 0.348 10.859 
071222173450 0.884 17.412 35.814 8.829 8.339 0.366 10.867 
071222174950 0.945 17.396 35.764 8.848 8.339 0.362 10.870 
