SAMBAT Sea Ti  C/T/D/Odo/Fluo/pH GPS : 50195 
V:0,Pression (0/50),m
V:1,Température (-5/35),°C
V:2,Salinité (2/42),g/l
V:3,Oxygène (0/20),mgl
V:4,PH (0/14),pH
V:5,Fluorescence (0/50),µgl
V:6,Tension batterie,V
060922140917 0.855 27.712 38.508 7.437 8.276 0.121 10.822 
060922142416 0.852 27.706 38.508 7.431 8.275 0.056 10.930 
060922143916 0.842 27.749 38.515 7.423 8.274 0.081 10.948 
060922145416 0.828 27.721 38.499 7.418 8.274 0.114 10.910 
060922150916 0.860 27.686 38.493 7.422 8.274 0.076 10.946 
060922152416 0.849 27.734 38.499 7.427 8.273 0.099 10.953 
060922153916 0.845 27.734 38.499 7.430 8.273 0.109 10.955 
060922155416 0.851 27.692 38.509 7.429 8.273 0.083 10.910 
060922160916 0.833 27.732 38.493 7.436 8.272 0.119 10.947 
060922162416 0.811 27.729 38.495 7.435 8.274 0.178 10.953 
060922163916 0.833 27.677 38.509 7.440 8.274 0.124 10.955 
060922165416 0.853 27.671 38.498 7.441 8.274 0.123 10.898 
060922170916 0.797 27.636 38.496 7.442 8.274 0.169 10.945 
060922172416 0.822 27.636 38.494 7.447 8.274 0.132 10.953 
060922173916 0.846 27.611 38.496 7.454 8.273 0.157 10.955 
060922175416 0.823 27.601 38.496 7.454 8.273 0.137 10.912 
060922180916 0.828 27.563 38.494 7.456 8.274 0.126 10.947 
060922182416 0.902 27.536 38.503 7.464 8.274 0.165 10.953 
060922183916 0.831 27.520 38.487 7.468 8.275 0.148 10.954 
060922185416 0.807 27.497 38.489 7.479 8.276 0.163 10.911 
060922190916 0.825 27.467 38.490 7.485 8.277 0.159 10.946 
060922192416 0.823 27.437 38.493 7.498 8.277 0.164 10.953 
060922193916 0.830 27.429 38.495 7.501 8.278 0.168 10.954 
060922195416 0.840 27.411 38.506 7.505 8.279 0.161 10.912 
060922200916 0.849 27.377 38.506 7.507 8.280 0.161 10.946 
060922202416 0.832 27.365 38.509 7.509 8.281 0.127 10.953 
060922203916 0.849 27.360 38.510 7.514 8.281 0.181 10.953 
060922205416 0.841 27.355 38.506 7.520 8.282 0.129 10.910 
060922210916 0.874 27.341 38.511 7.521 8.282 0.202 10.945 
060922212416 0.842 27.337 38.510 7.519 8.283 0.149 10.952 
060922213916 0.835 27.337 38.517 7.517 8.283 0.185 10.954 
060922215416 0.845 27.329 38.517 7.518 8.284 0.137 10.909 
060922220916 0.841 27.291 38.516 7.523 8.285 0.158 10.945 
060922222416 0.860 27.272 38.515 7.530 8.286 0.183 10.952 
060922223916 0.833 27.229 38.512 7.540 8.287 0.153 10.954 
060922225416 0.837 27.234 38.518 7.540 8.287 0.151 10.910 
060922230916 0.842 27.257 38.514 7.538 8.288 0.135 10.945 
060922232416 0.824 27.283 38.512 7.529 8.287 0.173 10.952 
060922233916 0.871 27.300 38.509 7.527 8.288 0.165 10.953 
060922235416 0.854 27.314 38.507 7.529 8.288 0.168 10.910 
070922000916 0.848 27.332 38.513 7.530 8.288 0.193 10.945 
070922002416 0.842 27.344 38.507 7.529 8.288 0.178 10.952 
070922003916 0.845 27.349 38.505 7.531 8.288 0.235 10.953 
070922005416 0.832 27.354 38.499 7.531 8.289 0.160 10.897 
070922010916 0.853 27.354 38.496 7.533 8.289 0.156 10.943 
070922012416 0.859 27.409 38.501 7.523 8.288 0.141 10.951 
070922013916 0.854 27.439 38.496 7.516 8.289 0.173 10.954 
070922015416 0.842 27.406 38.479 7.522 8.289 0.188 10.911 
070922020916 0.844 27.413 38.476 7.520 8.290 0.140 10.946 
070922022416 0.832 27.391 38.463 7.519 8.290 0.126 10.952 
070922023916 0.830 27.377 38.460 7.521 8.290 0.158 10.954 
070922025416 0.835 27.355 38.446 7.524 8.291 0.194 10.911 
070922030916 0.844 27.316 38.441 7.527 8.291 0.148 10.946 
070922032416 0.846 27.275 38.436 7.532 8.291 0.141 10.952 
070922033916 0.849 27.269 38.439 7.535 8.292 0.115 10.954 
070922035416 0.823 27.270 38.445 7.537 8.291 0.148 10.909 
070922040916 0.862 27.259 38.452 7.542 8.291 0.161 10.945 
070922042416 0.821 27.231 38.449 7.551 8.291 0.138 10.952 
070922043916 0.839 27.236 38.449 7.552 8.291 0.137 10.953 
070922045416 0.839 27.221 38.440 7.554 8.291 0.165 10.909 
070922050916 0.826 27.195 38.438 7.557 8.291 0.143 10.945 
070922052416 0.843 27.190 38.435 7.558 8.291 0.140 10.952 
070922053916 0.820 27.169 38.432 7.561 8.292 0.114 10.953 
070922055416 0.830 27.171 38.431 7.557 8.292 0.167 10.909 
070922060916 0.845 27.169 38.434 7.554 8.292 0.121 10.945 
070922062416 0.825 27.155 38.435 7.557 8.292 0.121 10.951 
070922063916 0.836 27.156 38.424 7.554 8.292 0.160 10.953 
070922065416 0.831 27.150 38.440 7.550 8.292 0.105 10.909 
070922070916 0.824 27.138 38.444 7.555 8.292 0.167 10.945 
070922072416 0.845 27.140 38.432 7.555 8.291 0.157 10.951 
070922073916 0.842 27.138 38.436 7.549 8.291 0.158 10.953 
070922075416 0.833 27.129 38.431 7.549 8.291 0.133 10.909 
070922080916 0.858 27.119 38.434 7.550 8.291 0.143 10.945 
070922082416 0.836 27.090 38.432 7.556 8.291 0.117 10.951 
070922083916 0.841 27.085 38.430 7.557 8.290 0.096 10.953 
070922085416 0.842 27.096 38.426 7.555 8.289 0.101 10.896 
070922090916 0.827 27.108 38.425 7.556 8.288 0.107 10.942 
070922092416 0.838 27.112 38.426 7.555 8.288 0.116 10.951 
070922093916 0.844 27.112 38.424 7.557 8.286 0.101 10.953 
070922095416 0.856 27.177 38.441 7.548 8.285 0.099 10.904 
070922100916 0.843 27.277 38.468 7.535 8.283 0.068 10.944 
070922102416 0.857 27.296 38.470 7.537 8.282 0.073 10.951 
070922103916 0.818 27.298 38.474 7.539 8.282 0.075 10.953 
070922105416 0.841 27.319 38.480 7.536 8.281 0.069 10.910 
070922110916 0.851 27.375 38.476 7.529 8.280 0.071 10.946 
070922112416 0.847 27.428 38.482 7.519 8.279 0.044 10.952 
070922113916 0.840 27.540 38.482 7.491 8.278 0.025 10.954 
070922115416 0.839 27.395 38.447 7.524 8.278 0.039 10.911 
070922120916 0.828 27.439 38.466 7.512 8.278 0.082 10.946 
070922122416 0.842 27.393 38.463 7.511 8.278 0.074 10.953 
070922123916 0.840 27.694 38.468 7.468 8.274 0.070 10.954 
070922125416 0.821 27.691 38.472 7.461 8.274 0.064 10.899 
070922130916 0.838 27.719 38.463 7.456 8.274 0.065 10.945 
070922132416 0.854 27.618 38.467 7.455 8.274 0.088 10.953 
070922133916 0.839 27.604 38.453 7.454 8.275 0.079 10.955 
070922135416 0.821 27.593 38.436 7.453 8.275 0.085 10.911 
070922140916 0.842 27.619 38.433 7.458 8.274 0.100 10.947 
