SAMBAT Sea Ti  C/T/D/Odo/Fluo/pH GPS : 50195 
V:0,Pression (0/50),m
V:1,Température (-5/35),°C
V:2,Salinité (2/42),g/l
V:3,Oxygène (0/20),mgl
V:4,PH (0/14),pH
V:5,Fluorescence (0/50),µgl
V:6,Tension batterie,V
211022155755 0.902 21.693 38.404 8.092 8.330 0.243 10.765 
211022161254 0.898 21.736 38.406 8.081 8.322 1.708 10.864 
211022162754 0.912 21.748 38.402 8.078 8.331 0.818 10.890 
211022164254 0.882 21.727 38.424 8.083 8.332 0.455 10.901 
211022165754 0.910 21.741 38.432 8.092 8.328 0.789 10.837 
211022171254 0.904 21.733 38.432 8.130 8.332 1.868 10.886 
211022172754 0.908 21.706 38.435 8.180 8.332 3.019 10.900 
211022174254 0.901 21.654 38.428 8.188 8.333 2.256 10.905 
211022175754 0.917 21.635 38.429 8.197 8.332 1.278 10.860 
211022181254 0.894 21.605 38.431 8.205 8.334 10.628 10.893 
211022182754 0.912 21.639 38.430 8.200 8.334 0.279 10.902 
211022184254 0.902 21.618 38.433 8.208 8.332 0.450 10.907 
211022185754 0.862 21.616 38.428 8.229 8.334 4.993 10.860 
211022191254 0.897 21.624 38.406 8.239 8.332 0.942 10.893 
211022192754 0.903 21.607 38.407 8.253 8.332 0.295 10.903 
211022194254 0.898 21.604 38.413 8.252 8.335 0.416 10.907 
211022195754 0.907 21.594 38.407 8.258 8.332 0.279 10.839 
211022201254 0.904 21.584 38.408 8.257 8.330 0.217 10.887 
211022202754 0.883 21.577 38.409 8.263 8.329 0.281 10.900 
211022204254 0.914 21.571 38.409 8.261 8.326 0.356 10.905 
211022205754 0.906 21.568 38.414 8.254 8.332 0.295 10.861 
211022211254 0.902 21.566 38.410 8.247 8.322 0.272 10.893 
211022212754 0.893 21.566 38.410 8.231 8.328 0.275 10.902 
211022214254 0.908 21.564 38.409 8.225 8.323 0.411 10.906 
211022215754 0.904 21.561 38.410 8.209 8.330 0.480 10.860 
211022221254 0.904 21.552 38.407 8.203 8.320 0.297 10.892 
211022222754 0.919 21.555 38.412 8.193 8.335 0.296 10.902 
211022224254 0.900 21.551 38.409 8.192 8.336 0.240 10.907 
211022225754 0.895 21.540 38.394 8.183 8.336 0.234 10.839 
211022231254 0.910 21.548 38.403 8.175 8.334 0.303 10.886 
211022232754 0.905 21.558 38.411 8.164 8.329 0.295 10.900 
211022234254 0.905 21.557 38.413 8.162 8.332 0.317 10.905 
211022235754 0.919 21.561 38.414 8.150 8.328 0.283 10.860 
221022001254 0.905 21.542 38.412 8.143 8.330 0.316 10.893 
221022002754 0.899 21.550 38.414 8.139 8.334 0.297 10.902 
221022004254 0.915 21.551 38.442 8.131 8.334 0.249 10.906 
221022005754 0.906 21.545 38.426 8.116 8.334 0.310 10.860 
221022011254 0.922 21.550 38.424 8.106 8.334 0.409 10.892 
221022012754 0.897 21.546 38.417 8.103 8.333 0.363 10.902 
221022014254 0.911 21.545 38.413 8.103 8.333 0.287 10.906 
221022015754 0.901 21.542 38.451 8.113 8.336 0.282 10.859 
221022021254 0.902 21.532 38.417 8.121 8.337 0.271 10.892 
221022022754 0.892 21.534 38.409 8.132 8.337 0.300 10.902 
221022024254 0.897 21.541 38.410 8.141 8.320 0.256 10.906 
221022025754 0.929 21.540 38.413 8.155 8.337 6.425 10.841 
221022031254 0.921 21.540 38.410 8.169 8.328 0.398 10.887 
221022032754 0.886 21.534 38.411 8.189 8.338 3.129 10.900 
221022034254 0.957 21.527 38.414 8.204 8.337 2.653 10.905 
221022035754 0.885 21.524 38.415 8.217 8.337 0.294 10.857 
221022041254 0.887 21.535 38.408 8.224 8.337 0.223 10.892 
221022042754 0.884 21.530 38.412 8.226 8.331 0.245 10.902 
221022044254 0.905 21.524 38.410 8.230 8.333 0.317 10.906 
221022045754 0.909 21.526 38.409 8.237 8.319 0.300 10.859 
221022051254 0.873 21.521 38.450 8.244 8.324 0.331 10.892 
221022052754 0.908 21.522 38.450 8.244 8.329 0.273 10.902 
221022054254 0.908 21.513 38.412 8.251 8.326 0.265 10.906 
221022055754 0.910 21.520 38.412 8.251 8.320 0.331 10.856 
221022061254 0.916 21.513 38.410 8.251 8.326 0.347 10.891 
221022062754 0.911 21.494 38.412 8.248 8.328 0.218 10.902 
221022064254 0.904 21.508 38.412 8.242 8.321 0.274 10.906 
221022065754 0.918 21.515 38.411 8.236 8.315 0.265 10.838 
221022071254 0.904 21.498 38.413 8.239 8.324 0.267 10.886 
221022072754 0.892 21.490 38.449 8.236 8.337 0.359 10.900 
221022074254 0.898 21.503 38.395 8.233 8.338 1.292 10.905 
221022075754 0.906 21.510 38.393 8.230 8.337 1.779 10.860 
221022081254 0.900 21.508 38.400 8.226 8.338 1.358 10.892 
221022082754 0.862 21.509 38.402 8.226 8.338 1.396 10.902 
221022084254 0.889 21.509 38.398 8.230 8.337 1.188 10.906 
221022085754 0.928 21.497 38.392 8.237 8.337 0.997 10.860 
221022091254 0.929 21.510 38.397 8.237 8.338 0.529 10.892 
221022092754 0.924 21.513 38.393 8.243 8.337 1.311 10.902 
221022094254 0.945 21.509 38.395 8.249 8.337 1.221 10.906 
221022095754 0.929 21.510 38.388 8.254 8.337 1.320 10.858 
221022101254 0.920 21.500 38.389 8.257 8.332 1.315 10.892 
221022102754 0.892 21.506 38.388 8.257 8.333 1.762 10.902 
221022104254 0.941 21.519 38.387 8.257 8.337 1.498 10.906 
221022105754 0.918 21.529 38.391 8.262 8.332 0.234 10.838 
221022111254 0.939 21.546 38.395 8.266 8.335 0.600 10.886 
221022112754 0.944 21.558 38.394 8.266 8.334 0.364 10.900 
221022114254 0.913 21.563 38.391 8.272 8.331 1.330 10.905 
221022115754 0.908 21.628 38.382 8.269 8.330 0.312 10.860 
221022121254 0.902 21.584 38.385 8.278 8.331 0.383 10.893 
221022122754 0.902 21.588 38.388 8.282 8.330 0.262 10.902 
221022124254 0.938 21.621 38.374 8.287 8.331 0.320 10.907 
221022125754 0.903 21.615 38.377 8.297 8.332 0.160 10.859 
221022131254 0.946 21.674 38.370 8.293 8.332 0.358 10.893 
221022132754 0.921 21.636 38.369 8.308 8.330 0.602 10.903 
221022134254 0.909 21.616 38.397 8.316 8.326 0.316 10.907 
221022135754 0.920 21.641 38.417 8.317 8.330 0.371 10.839 
221022141254 0.913 21.650 38.377 8.320 8.327 0.290 10.887 
221022142754 0.881 21.721 38.398 8.312 8.329 0.325 10.901 
221022144254 0.934 21.686 38.382 8.322 8.329 0.351 10.906 
221022145754 0.927 21.797 38.393 8.308 8.328 0.358 10.862 
221022151254 0.884 21.870 38.387 8.296 8.327 0.171 10.894 
221022152754 0.948 21.803 38.437 8.314 8.328 0.275 10.904 
221022154254 0.976 21.669 38.383 8.345 8.330 0.915 10.907 
221022155754 0.873 21.646 38.461 8.355 8.330 0.612 10.860 
