SAMBAT Sea Ti  C/T/D/Odo/Fluo/pH GPS : 50195 
V:0,Pression (0/50),m
V:1,Température (-5/35),°C
V:2,Salinité (2/42),g/l
V:3,Oxygène (0/20),mgl
V:4,PH (0/14),pH
V:5,Fluorescence (0/50),µgl
V:6,Tension batterie,V
311222185024 1.096 16.033 37.663 9.312 8.348 0.517 10.726 
311222190523 1.081 16.034 37.937 9.307 8.348 0.425 10.804 
311222192023 1.070 16.019 37.662 9.310 8.348 0.480 10.834 
311222193523 1.070 16.023 37.676 9.302 8.348 0.453 10.847 
311222195023 1.082 16.007 37.822 9.301 8.348 0.506 10.852 
311222200523 1.100 16.011 37.605 9.298 8.349 0.550 10.824 
311222202023 1.123 15.994 37.614 9.298 8.348 0.458 10.844 
311222203523 1.062 16.003 37.607 9.294 8.348 0.416 10.852 
311222205023 1.048 15.991 37.613 9.291 8.348 0.522 10.856 
311222210523 1.074 15.993 37.639 9.287 8.348 0.415 10.815 
311222212023 1.103 15.987 37.589 9.284 8.349 0.506 10.841 
311222213523 1.098 15.978 37.597 9.285 8.348 0.412 10.851 
311222215023 1.104 15.965 37.586 9.285 8.348 0.434 10.855 
311222220523 1.119 15.973 37.612 9.285 8.348 0.404 10.825 
311222222023 1.069 15.978 37.614 9.286 8.349 0.413 10.845 
311222223523 1.084 15.970 37.566 9.288 8.349 0.431 10.853 
311222225023 1.065 15.964 37.577 9.286 8.349 0.356 10.856 
311222230523 1.091 15.971 37.594 9.287 8.349 0.429 10.826 
311222232023 1.086 15.976 37.614 9.287 8.349 0.445 10.846 
311222233523 1.071 15.970 37.632 9.286 8.349 0.541 10.853 
311222235023 1.088 15.951 37.624 9.300 8.350 0.447 10.857 
010123000523 1.081 15.962 37.663 9.295 8.349 0.386 10.826 
010123002023 1.085 15.951 37.648 9.301 8.349 0.519 10.845 
010123003523 1.095 15.955 37.654 9.295 8.350 0.469 10.853 
010123005023 1.087 15.960 37.671 9.292 8.350 0.406 10.857 
010123010523 1.089 15.951 37.623 9.294 8.351 0.427 10.815 
010123012023 1.075 15.953 37.594 9.297 8.351 0.467 10.840 
010123013523 1.108 15.959 37.571 9.291 8.351 0.507 10.851 
010123015023 1.071 15.949 37.563 9.298 8.351 0.626 10.855 
010123020523 1.077 15.946 37.574 9.297 8.350 0.473 10.825 
010123022023 1.077 15.948 37.574 9.291 8.351 0.450 10.845 
010123023523 1.086 15.948 37.575 9.289 8.351 0.524 10.852 
010123025023 1.096 15.948 37.571 9.285 8.351 0.530 10.856 
010123030523 1.081 15.928 37.566 9.287 8.351 0.392 10.826 
010123032023 1.100 15.948 37.575 9.282 8.351 0.424 10.845 
010123033523 1.064 15.941 37.682 9.282 8.352 0.481 10.853 
010123035023 1.092 15.946 37.666 9.284 8.352 0.428 10.857 
010123040523 1.073 15.937 37.671 9.287 8.351 0.526 10.825 
010123042023 1.088 15.926 37.655 9.288 8.352 0.451 10.845 
010123043523 1.074 15.928 37.654 9.286 8.352 0.509 10.853 
010123045023 1.108 15.933 37.653 9.288 8.352 0.487 10.856 
010123050523 1.088 15.937 37.550 9.291 8.352 0.442 10.815 
010123052023 1.045 15.928 37.573 9.295 8.353 0.497 10.841 
010123053523 1.050 15.932 37.569 9.297 8.353 0.532 10.851 
010123055023 1.076 15.931 37.566 9.298 8.354 0.522 10.855 
010123060523 1.077 15.939 37.585 9.294 8.353 0.495 10.826 
010123062023 1.080 15.933 37.592 9.289 8.354 0.445 10.845 
010123063523 1.067 15.933 37.617 9.288 8.353 0.624 10.852 
010123065023 1.117 15.936 37.782 9.287 8.354 0.457 10.856 
010123070523 1.062 15.933 37.937 9.289 8.354 0.392 10.825 
010123072023 1.089 15.934 37.547 9.285 8.354 0.518 10.845 
010123073523 1.072 15.914 37.538 9.283 8.354 0.447 10.853 
010123075023 1.076 15.891 37.527 9.283 8.354 0.475 10.856 
010123080523 1.074 15.890 37.524 9.278 8.354 0.477 10.825 
010123082023 1.087 15.865 37.557 9.278 8.354 0.511 10.844 
010123083523 1.074 15.881 37.554 9.266 8.354 0.492 10.852 
010123085023 1.079 15.863 37.562 9.269 8.355 0.614 10.856 
010123090523 1.087 15.835 37.558 9.272 8.354 0.570 10.815 
010123092023 1.075 15.883 37.567 9.248 8.354 0.543 10.840 
010123093523 1.083 15.830 37.545 9.256 8.354 0.507 10.850 
010123095023 1.081 15.835 37.551 9.245 8.354 0.432 10.855 
010123100523 1.094 15.869 37.666 9.228 8.354 0.325 10.825 
010123102023 1.101 15.847 37.750 9.234 8.353 0.266 10.844 
010123103523 1.115 15.830 37.564 9.238 8.353 0.249 10.852 
010123105023 1.087 15.840 37.505 9.238 8.352 0.200 10.855 
010123110523 1.085 15.845 37.509 9.236 8.352 0.157 10.825 
010123112023 1.074 15.850 37.543 9.228 8.351 0.165 10.844 
010123113523 1.092 15.863 37.560 9.223 8.351 0.152 10.852 
010123115023 1.092 15.867 37.543 9.226 8.350 0.148 10.855 
010123120523 1.097 15.886 37.555 9.228 8.349 0.131 10.824 
010123122023 1.095 15.887 37.561 9.230 8.349 0.123 10.844 
010123123523 1.091 15.918 37.567 9.223 8.348 0.190 10.852 
010123125023 1.075 15.947 37.560 9.222 8.347 0.163 10.855 
010123130523 1.064 15.962 37.550 9.213 8.346 0.248 10.814 
010123132023 1.085 15.992 37.541 9.211 8.346 0.104 10.840 
010123133523 1.076 16.018 37.675 9.211 8.345 0.115 10.851 
010123135023 1.063 16.059 37.703 9.209 8.344 0.091 10.855 
010123140523 1.074 15.988 37.530 9.226 8.344 0.105 10.826 
010123142023 1.077 16.072 37.632 9.203 8.344 0.110 10.845 
010123143523 1.065 16.017 37.597 9.221 8.344 0.172 10.853 
010123145023 1.054 16.063 37.581 9.219 8.345 0.174 10.857 
010123150523 1.089 16.202 37.605 9.187 8.343 0.087 10.816 
010123152023 1.080 16.175 37.713 9.201 8.343 0.162 10.842 
010123153523 1.074 16.202 37.719 9.203 8.342 0.191 10.851 
010123155023 1.058 16.140 37.726 9.230 8.343 0.212 10.856 
010123160523 1.061 16.164 37.709 9.231 8.344 0.211 10.826 
010123162023 1.063 16.122 37.595 9.246 8.344 0.273 10.846 
010123163523 1.080 16.191 37.608 9.237 8.344 0.379 10.854 
010123165023 1.062 16.110 37.613 9.269 8.345 0.516 10.857 
010123170523 1.070 16.090 37.617 9.281 8.345 0.452 10.817 
010123172023 1.065 16.118 37.574 9.284 8.344 0.425 10.842 
010123173523 1.087 16.094 37.616 9.288 8.345 0.406 10.852 
010123175023 1.085 16.093 37.513 9.291 8.344 0.503 10.857 
010123180523 1.058 16.054 37.491 9.301 8.346 0.629 10.826 
010123182023 1.071 16.047 37.527 9.303 8.346 0.591 10.846 
010123183523 1.061 16.042 37.527 9.302 8.346 0.476 10.853 
010123185023 1.072 16.032 37.526 9.303 8.346 0.420 10.857 
