SAMBAT Sea Ti  C/T/D/Odo/Fluo/pH GPS : 50195 
V:0,Pression (0/50),m
V:1,Température (-5/35),°C
V:2,Salinité (2/42),g/l
V:3,Oxygène (0/20),mgl
V:4,PH (0/14),pH
V:5,Fluorescence (0/50),µgl
V:6,Tension batterie,V
021122162629 0.988 21.751 37.909 8.502 8.330 0.241 10.773 
021122164128 1.003 21.727 37.888 8.503 8.330 0.297 10.870 
021122165628 1.009 21.716 37.879 8.509 8.330 0.242 10.848 
021122171128 0.939 21.686 37.876 8.515 8.329 0.271 10.890 
021122172628 0.956 21.680 37.876 8.519 8.329 0.296 10.902 
021122174128 0.955 21.675 37.860 8.519 8.330 0.338 10.907 
021122175628 0.923 21.665 37.872 8.523 8.330 0.289 10.854 
021122181128 0.914 21.666 37.880 8.520 8.330 0.363 10.893 
021122182628 0.949 21.665 37.866 8.521 8.330 0.281 10.903 
021122184128 0.948 21.646 37.839 8.524 8.330 0.329 10.908 
021122185628 0.923 21.642 37.872 8.521 8.330 0.288 10.835 
021122191128 0.900 21.636 37.887 8.522 8.331 0.270 10.888 
021122192628 0.969 21.624 37.860 8.524 8.332 0.273 10.902 
021122194128 0.883 21.598 37.978 8.526 8.332 0.268 10.907 
021122195628 0.961 21.598 37.935 8.520 8.332 0.235 10.854 
021122201128 1.007 21.602 37.943 8.515 8.333 0.200 10.893 
021122202628 0.931 21.603 37.864 8.509 8.333 0.231 10.904 
021122204128 0.981 21.597 37.856 8.507 8.334 0.313 10.908 
021122205628 0.993 21.595 37.858 8.504 8.334 0.238 10.833 
021122211128 0.930 21.621 37.857 8.499 8.334 0.243 10.887 
021122212628 0.979 21.642 37.873 8.495 8.334 0.235 10.901 
021122214128 0.953 21.641 37.877 8.491 8.334 0.272 10.907 
021122215628 0.950 21.636 37.866 8.492 8.335 0.258 10.854 
021122221128 0.902 21.633 37.860 8.488 8.335 0.220 10.893 
021122222628 0.981 21.635 37.860 8.487 8.336 0.259 10.904 
021122224128 0.882 21.629 37.865 8.487 8.336 0.226 10.908 
021122225628 0.976 21.628 37.850 8.485 8.336 0.230 10.853 
021122231128 0.936 21.613 37.855 8.485 8.337 0.200 10.893 
021122232628 0.929 21.615 37.842 8.486 8.337 0.213 10.904 
021122234128 0.969 21.604 37.851 8.487 8.337 0.531 10.908 
021122235628 0.958 21.583 37.854 8.488 8.337 0.238 10.850 
031122001128 0.971 21.602 37.847 8.483 8.337 0.273 10.892 
031122002628 0.957 21.595 37.851 8.482 8.337 0.238 10.903 
031122004128 1.002 21.595 37.852 8.483 8.337 0.263 10.908 
031122005628 0.939 21.587 37.843 8.483 8.337 0.356 10.835 
031122011128 0.965 21.577 37.845 8.485 8.338 0.235 10.888 
031122012628 0.902 21.562 37.848 8.488 8.338 0.224 10.902 
031122014128 0.922 21.579 37.846 8.485 8.338 0.341 10.907 
031122015628 0.941 21.567 37.850 8.488 8.339 0.277 10.855 
031122021128 0.977 21.563 37.843 8.483 8.339 0.239 10.893 
031122022628 0.976 21.568 37.846 8.480 8.339 0.210 10.904 
031122024128 0.939 21.567 37.844 8.480 8.339 0.206 10.908 
031122025628 0.970 21.566 37.821 8.480 8.339 0.242 10.854 
031122031128 0.920 21.562 37.838 8.478 8.339 0.259 10.892 
031122032628 0.962 21.561 37.846 8.477 8.339 0.243 10.903 
031122034128 0.942 21.556 37.826 8.476 8.339 0.241 10.908 
031122035628 0.946 21.562 37.823 8.477 8.339 0.252 10.853 
031122041128 0.935 21.545 37.828 8.481 8.340 0.274 10.892 
031122042628 0.937 21.542 37.827 8.478 8.340 0.261 10.903 
031122044128 0.981 21.526 37.857 8.486 8.340 0.256 10.907 
031122045628 0.976 21.546 37.836 8.479 8.340 0.256 10.834 
031122051128 0.961 21.520 37.847 8.486 8.340 0.236 10.887 
031122052628 0.966 21.541 37.854 8.483 8.340 0.214 10.901 
031122054128 0.927 21.541 37.847 8.482 8.340 0.264 10.907 
031122055628 0.923 21.536 37.847 8.484 8.340 0.227 10.853 
031122061128 0.926 21.531 37.826 8.484 8.340 0.213 10.892 
031122062628 0.908 21.534 37.826 8.480 8.341 0.234 10.903 
031122064128 0.944 21.530 37.826 8.480 8.341 0.589 10.907 
031122065628 0.928 21.514 37.837 8.482 8.342 0.229 10.855 
031122071128 0.951 21.516 37.823 8.479 8.341 0.210 10.893 
031122072628 0.941 21.514 37.835 8.477 8.341 0.203 10.903 
031122074128 0.985 21.527 37.825 8.474 8.342 0.303 10.907 
031122075628 0.899 21.519 37.827 8.474 8.342 0.296 10.834 
031122081128 0.902 21.526 37.824 8.470 8.342 0.207 10.887 
031122082628 0.962 21.515 37.817 8.468 8.342 0.250 10.901 
031122084128 0.925 21.508 37.817 8.470 8.342 0.241 10.907 
031122085628 0.915 21.513 37.811 8.470 8.341 0.206 10.854 
031122091128 0.972 21.522 37.839 8.466 8.341 0.209 10.892 
031122092628 0.933 21.520 37.815 8.463 8.340 0.191 10.903 
031122094128 0.928 21.514 37.790 8.465 8.339 0.160 10.907 
031122095628 0.943 21.518 37.818 8.463 8.338 0.141 10.854 
031122101128 0.962 21.527 37.816 8.465 8.337 0.123 10.892 
031122102628 0.932 21.524 37.813 8.469 8.337 0.112 10.903 
031122104128 0.902 21.536 37.810 8.467 8.336 0.111 10.907 
031122105628 0.936 21.537 37.821 8.470 8.335 0.102 10.834 
031122111128 0.921 21.548 37.806 8.467 8.334 0.096 10.887 
031122112628 0.953 21.564 37.812 8.462 8.334 0.089 10.901 
031122114128 0.960 21.564 37.814 8.467 8.333 0.120 10.907 
031122115628 0.915 21.670 37.822 8.446 8.333 0.090 10.855 
031122121128 0.912 21.718 37.784 8.438 8.333 0.056 10.893 
031122122628 0.941 21.753 37.781 8.424 8.332 0.036 10.903 
031122124128 0.929 21.736 37.793 8.425 8.331 0.038 10.908 
031122125628 0.901 21.796 37.824 8.402 8.330 0.098 10.855 
031122131128 0.919 21.817 37.795 8.400 8.330 0.067 10.893 
031122132628 0.877 21.819 37.802 8.393 8.330 0.062 10.905 
031122134128 0.912 21.821 37.808 8.387 8.329 0.066 10.909 
031122135628 0.960 21.839 37.767 8.382 8.329 0.102 10.853 
031122141128 0.890 21.885 37.759 8.368 8.329 0.115 10.893 
031122142628 0.909 21.853 37.741 8.380 8.329 0.039 10.905 
031122144128 0.902 21.865 37.755 8.376 8.329 0.084 10.909 
031122145628 0.885 21.888 37.767 8.372 8.328 0.073 10.837 
031122151128 0.946 21.876 37.766 8.376 8.328 0.038 10.890 
031122152628 0.886 21.902 37.762 8.369 8.328 0.074 10.903 
031122154128 0.859 21.919 37.766 8.367 8.328 0.146 10.908 
031122155628 0.886 21.942 37.721 8.363 8.328 0.163 10.858 
031122161128 0.902 21.959 37.731 8.356 8.327 0.126 10.895 
031122162628 0.883 21.971 37.732 8.347 8.327 0.160 10.906 
