SAMBAT Sea Ti  C/T/D/Odo/Fluo/pH GPS : 50195 
V:0,Pression (0/50),m
V:1,Température (-5/35),°C
V:2,Salinité (2/42),g/l
V:3,Oxygène (0/20),mgl
V:4,PH (0/14),pH
V:5,Fluorescence (0/50),µgl
V:6,Tension batterie,V
051022151931 0.985 22.599 38.368 7.912 8.307 0.092 10.777 
051022153430 0.975 22.651 38.398 7.898 8.308 0.394 10.875 
051022154930 0.955 22.713 38.411 7.878 8.309 0.190 10.849 
051022160430 0.978 22.718 38.394 7.866 8.307 0.306 10.887 
051022161930 0.992 22.734 38.401 7.859 8.308 0.863 10.903 
051022163430 0.974 22.724 38.402 7.848 8.306 0.108 10.910 
051022164930 0.970 22.807 38.410 7.833 8.306 0.306 10.859 
051022170430 0.968 22.719 38.406 7.844 8.309 0.167 10.891 
051022171930 0.976 22.883 38.405 7.813 8.308 0.159 10.906 
051022173430 1.001 22.723 38.428 7.842 8.308 2.438 10.911 
051022174930 0.982 22.713 38.396 7.839 8.310 0.305 10.860 
051022180430 0.962 22.824 38.420 7.827 8.310 0.159 10.890 
051022181930 0.975 22.879 38.406 7.803 8.308 0.198 10.907 
051022183430 0.979 22.723 38.398 7.836 8.310 0.193 10.912 
051022184930 0.972 22.762 38.411 7.824 8.309 0.239 10.861 
051022190430 0.974 22.766 38.411 7.830 8.310 0.286 10.891 
051022191930 0.996 22.773 38.418 7.811 8.310 0.172 10.907 
051022193430 0.996 22.681 38.412 7.820 8.310 0.170 10.912 
051022194930 0.972 22.578 38.408 7.826 8.311 0.198 10.861 
051022200430 1.005 22.539 38.403 7.820 8.308 0.369 10.891 
051022201930 0.991 22.507 38.400 7.826 8.311 0.183 10.906 
051022203430 0.985 22.472 38.398 7.819 8.310 0.239 10.911 
051022204930 0.988 22.435 38.396 7.826 8.312 0.247 10.860 
051022210430 0.978 22.427 38.393 7.819 8.311 0.164 10.890 
051022211930 0.990 22.386 38.396 7.813 8.309 0.327 10.905 
051022213430 0.984 22.344 38.391 7.810 8.313 0.204 10.910 
051022214930 0.980 22.338 38.390 7.791 8.312 0.197 10.859 
051022220430 0.989 22.316 38.391 7.788 8.313 0.326 10.889 
051022221930 0.999 22.305 38.394 7.778 8.313 0.251 10.904 
051022223430 0.996 22.283 38.391 7.772 8.314 0.226 10.910 
051022224930 0.996 22.273 38.394 7.750 8.313 0.204 10.858 
051022230430 1.004 22.265 38.391 7.738 8.313 0.267 10.888 
051022231930 0.998 22.247 38.394 7.726 8.310 0.295 10.904 
051022233430 0.989 22.237 38.401 7.714 8.312 0.183 10.909 
051022234930 1.002 22.218 38.403 7.713 8.313 0.233 10.857 
061022000430 1.004 22.209 38.396 7.716 8.315 0.254 10.888 
061022001930 0.995 22.200 38.395 7.718 8.314 0.252 10.904 
061022003430 0.988 22.179 38.391 7.712 8.315 0.186 10.909 
061022004930 0.995 22.173 38.387 7.710 8.317 0.217 10.857 
061022010430 0.992 22.163 38.392 7.710 8.317 0.203 10.888 
061022011930 1.005 22.151 38.390 7.709 8.315 0.224 10.903 
061022013430 1.002 22.144 38.386 7.717 8.320 0.232 10.909 
061022014930 0.998 22.134 38.385 7.725 8.320 0.296 10.856 
061022020430 0.989 22.125 38.386 7.729 8.319 0.209 10.888 
061022021930 1.013 22.117 38.382 7.720 8.318 0.217 10.903 
061022023430 0.997 22.113 38.384 7.709 8.319 0.185 10.908 
061022024930 0.994 22.094 38.393 7.700 8.319 0.190 10.857 
061022030430 0.994 22.085 38.388 7.694 8.319 0.272 10.887 
061022031930 1.007 22.084 38.384 7.681 8.320 0.250 10.903 
061022033430 1.003 22.079 38.392 7.682 8.321 0.158 10.908 
061022034930 1.006 22.055 38.387 7.690 8.323 0.202 10.857 
061022040430 0.987 22.068 38.387 7.670 8.321 0.201 10.887 
061022041930 0.979 22.071 38.393 7.654 8.321 0.232 10.902 
061022043430 0.988 22.090 38.396 7.638 8.320 0.198 10.908 
061022044930 0.986 22.095 38.390 7.636 8.322 0.252 10.856 
061022050430 0.989 22.098 38.397 7.616 8.319 0.200 10.887 
061022051930 0.983 22.098 38.397 7.599 8.320 0.364 10.902 
061022053430 0.988 22.098 38.379 7.577 8.320 0.219 10.908 
061022054930 0.995 22.106 38.388 7.572 8.321 0.187 10.856 
061022060430 0.988 22.109 38.386 7.550 8.318 0.204 10.887 
061022061930 0.984 22.112 38.395 7.515 8.317 0.233 10.903 
061022063430 0.990 22.108 38.390 7.485 8.317 0.206 10.908 
061022064930 0.995 22.113 38.396 7.453 8.318 0.197 10.857 
061022070430 0.992 22.120 38.399 7.422 8.314 1.469 10.885 
061022071930 0.993 22.118 38.401 7.394 8.317 0.573 10.902 
061022073430 0.989 22.104 38.386 7.396 8.315 1.107 10.907 
061022074930 0.989 22.111 38.387 7.413 8.318 0.442 10.856 
061022080430 0.987 22.098 38.397 7.433 8.314 0.620 10.887 
061022081930 0.999 22.093 38.394 7.435 8.311 0.742 10.902 
061022083430 1.002 22.088 38.403 7.455 8.312 0.170 10.908 
061022084930 0.995 22.088 38.410 7.497 8.315 0.139 10.855 
061022090430 1.021 22.087 38.406 7.541 8.310 0.125 10.887 
061022091930 1.006 22.090 38.367 7.582 8.313 0.089 10.903 
061022093430 0.997 22.095 38.397 7.628 8.313 0.124 10.908 
061022094930 0.996 22.103 38.407 7.674 8.312 0.088 10.855 
061022100430 1.003 22.112 38.406 7.709 8.309 0.070 10.887 
061022101930 1.012 22.126 38.404 7.730 8.308 0.076 10.903 
061022103430 1.010 22.137 38.398 7.757 8.311 0.066 10.908 
061022104930 1.009 22.139 38.403 7.793 8.312 0.052 10.855 
061022110430 1.014 22.150 38.394 7.825 8.310 0.060 10.887 
061022111930 1.003 22.155 38.398 7.843 8.311 0.054 10.903 
061022113430 1.008 22.170 38.404 7.859 8.312 0.057 10.908 
061022114930 0.992 22.190 38.399 7.886 8.311 0.047 10.856 
061022120430 0.997 22.278 38.397 7.885 8.312 0.083 10.887 
061022121930 1.012 22.280 38.403 7.913 8.312 0.087 10.903 
061022123430 0.991 22.283 38.403 7.935 8.308 0.061 10.909 
061022124930 1.004 22.316 38.397 7.946 8.308 0.057 10.857 
061022130430 0.983 22.370 38.395 7.961 8.306 0.040 10.888 
061022131930 0.999 22.429 38.398 7.956 8.303 0.061 10.904 
061022133430 0.998 22.466 38.417 7.956 8.306 0.052 10.910 
061022134930 1.035 22.478 38.403 7.962 8.307 0.062 10.857 
061022140430 0.948 22.486 38.408 7.971 8.307 0.083 10.889 
061022141930 0.984 22.441 38.403 7.994 8.308 0.076 10.905 
061022143430 0.979 22.528 38.411 7.990 8.306 0.102 10.910 
061022144930 0.981 22.521 38.401 7.994 8.307 0.043 10.857 
061022150430 0.981 22.529 38.409 7.996 8.306 0.048 10.889 
061022151930 0.997 22.541 38.411 8.000 8.305 0.079 10.905 
