SAMBAT Sea Ti  C/T/D/Odo/Fluo/pH GPS : 50195 
V:0,Pression (0/50),m
V:1,Température (-5/35),°C
V:2,Salinité (2/42),g/l
V:3,Oxygène (0/20),mgl
V:4,PH (0/14),pH
V:5,Fluorescence (0/50),µgl
V:6,Tension batterie,V
221222182821 0.800 16.337 35.757 9.092 8.337 0.439 10.729 
221222184320 1.008 16.318 35.840 9.094 8.338 0.551 10.817 
221222185820 0.967 16.329 35.328 9.098 8.338 0.492 10.791 
221222191320 0.917 16.332 35.737 9.092 8.338 0.561 10.834 
221222192820 0.961 16.334 35.311 9.092 8.338 0.537 10.849 
221222194320 0.912 16.337 35.290 9.092 8.337 0.506 10.855 
221222195820 1.035 16.337 35.754 9.090 8.338 0.489 10.809 
221222201320 0.957 16.334 35.683 9.090 8.338 0.466 10.842 
221222202820 0.890 16.334 35.297 9.089 8.337 0.448 10.853 
221222204320 0.927 16.334 35.668 9.090 8.337 0.537 10.858 
221222205820 0.925 16.335 35.297 9.089 8.337 0.489 10.808 
221222211320 0.939 16.341 35.284 9.085 8.337 0.420 10.842 
221222212820 0.952 16.335 35.749 9.084 8.337 0.380 10.853 
221222214320 0.849 16.338 35.312 9.086 8.337 0.353 10.859 
221222215820 0.869 16.334 35.308 9.084 8.337 0.386 10.808 
221222221320 0.954 16.337 35.306 9.080 8.337 0.448 10.842 
221222222820 0.996 16.333 35.287 9.078 8.337 0.373 10.854 
221222224320 0.968 16.332 35.348 9.076 8.337 0.382 10.859 
221222225820 0.925 16.334 35.321 9.076 8.337 0.362 10.809 
221222231320 0.967 16.320 35.329 9.077 8.338 0.369 10.842 
221222232820 0.955 16.325 35.349 9.075 8.338 0.354 10.854 
221222234320 0.923 16.331 35.346 9.076 8.338 0.347 10.859 
221222235820 0.950 16.327 35.336 9.078 8.338 0.355 10.797 
231222001320 0.887 16.322 35.333 9.076 8.338 0.403 10.838 
231222002820 1.043 16.322 35.329 9.077 8.338 0.404 10.852 
231222004320 0.763 16.319 35.320 9.080 8.339 0.436 10.858 
231222005820 0.875 16.320 35.378 9.086 8.339 0.316 10.809 
231222011320 0.874 16.318 35.348 9.088 8.339 0.419 10.842 
231222012820 0.859 16.318 35.341 9.089 8.339 0.400 10.854 
231222014320 0.879 16.317 35.335 9.088 8.339 0.476 10.859 
231222015820 1.002 16.315 35.326 9.091 8.338 0.396 10.809 
231222021320 0.820 16.321 35.316 9.088 8.338 0.456 10.842 
231222022820 0.957 16.319 35.753 9.088 8.338 0.429 10.853 
231222024320 0.937 16.319 35.341 9.091 8.338 0.421 10.858 
231222025820 0.904 16.313 35.340 9.093 8.338 0.358 10.798 
231222031320 0.875 16.321 35.350 9.088 8.338 0.331 10.838 
231222032820 1.035 16.321 35.374 9.082 8.338 0.504 10.852 
231222034320 0.956 16.318 35.365 9.083 8.338 0.395 10.858 
231222035820 0.922 16.312 35.342 9.084 8.339 0.407 10.797 
231222041320 0.919 16.314 35.345 9.087 8.339 0.347 10.838 
231222042820 0.905 16.311 35.329 9.083 8.339 0.453 10.852 
231222044320 0.842 16.308 35.334 9.084 8.339 0.323 10.858 
231222045820 0.891 16.311 35.306 9.081 8.339 0.408 10.808 
231222051320 0.930 16.306 35.292 9.081 8.339 0.348 10.842 
231222052820 0.943 16.299 35.256 9.082 8.339 0.413 10.853 
231222054320 0.888 16.289 35.279 9.086 8.339 0.379 10.859 
231222055820 0.914 16.294 35.291 9.087 8.340 0.405 10.808 
231222061320 0.908 16.291 35.322 9.086 8.339 0.363 10.842 
231222062820 0.925 16.303 35.785 9.084 8.340 0.353 10.853 
231222064320 0.997 16.315 35.283 9.078 8.340 0.414 10.858 
231222065820 0.952 16.313 35.302 9.083 8.340 0.323 10.810 
231222071320 0.875 16.309 35.298 9.085 8.340 0.379 10.842 
231222072820 0.877 16.303 35.519 9.089 8.340 0.457 10.854 
231222074320 0.898 16.314 35.254 9.083 8.340 0.383 10.859 
231222075820 0.906 16.311 35.820 9.084 8.340 0.395 10.809 
231222081320 0.953 16.301 35.753 9.083 8.339 0.356 10.842 
231222082820 0.881 16.310 35.607 9.078 8.339 0.348 10.853 
231222084320 0.974 16.304 35.738 9.076 8.341 0.417 10.859 
231222085820 1.018 16.308 35.769 9.077 8.341 0.397 10.797 
231222091320 0.885 16.301 35.361 9.078 8.341 0.377 10.838 
231222092820 1.055 16.299 35.715 9.072 8.341 0.362 10.852 
231222094320 0.942 16.299 35.757 9.074 8.341 0.602 10.858 
231222095820 0.951 16.308 35.375 9.071 8.340 0.399 10.808 
231222101320 0.930 16.308 35.392 9.075 8.341 0.385 10.842 
231222102820 0.962 16.315 35.938 9.073 8.340 0.336 10.853 
231222104320 0.997 16.308 35.918 9.080 8.340 0.406 10.858 
231222105820 0.792 16.315 35.430 9.083 8.340 0.206 10.809 
231222111320 0.879 16.313 35.408 9.087 8.340 0.308 10.842 
231222112820 0.954 16.318 35.398 9.087 8.339 0.172 10.854 
231222114320 0.961 16.319 35.371 9.092 8.339 0.143 10.859 
231222115820 1.017 16.326 35.392 9.095 8.339 0.144 10.805 
231222121320 0.879 16.326 35.390 9.098 8.339 0.171 10.841 
231222122820 0.927 16.327 35.379 9.101 8.338 0.122 10.853 
231222124320 0.910 16.348 35.391 9.096 8.338 0.149 10.858 
231222125820 1.023 16.345 35.369 9.099 8.337 0.159 10.807 
231222131320 0.884 16.350 35.358 9.100 8.337 0.140 10.842 
231222132820 1.008 16.354 35.344 9.101 8.337 0.115 10.854 
231222134320 0.985 16.374 35.372 9.101 8.336 0.109 10.859 
231222135820 1.004 16.373 35.354 9.106 8.336 0.111 10.807 
231222141320 0.848 16.377 35.397 9.107 8.335 0.096 10.842 
231222142820 0.877 16.375 35.341 9.115 8.334 0.121 10.854 
231222144320 0.841 16.389 35.349 9.114 8.334 0.100 10.859 
231222145820 0.963 16.400 35.337 9.107 8.334 0.234 10.798 
231222151320 0.977 16.393 35.339 9.112 8.334 0.233 10.838 
231222152820 0.913 16.388 35.320 9.118 8.333 0.285 10.852 
231222154320 0.852 16.388 35.324 9.118 8.334 0.480 10.858 
231222155820 1.036 16.397 35.744 9.118 8.333 0.287 10.809 
231222161320 0.811 16.413 35.380 9.113 8.332 0.349 10.842 
231222162820 0.955 16.393 35.332 9.116 8.332 0.240 10.854 
231222164320 0.879 16.380 35.332 9.125 8.332 0.316 10.859 
231222165820 0.967 16.372 35.314 9.129 8.332 0.409 10.809 
231222171320 0.917 16.368 35.339 9.131 8.332 0.450 10.842 
231222172820 0.970 16.359 35.328 9.138 8.333 0.423 10.854 
231222174320 0.854 16.366 35.339 9.141 8.333 0.491 10.859 
231222175820 0.976 16.357 35.339 9.141 8.333 0.412 10.809 
231222181320 0.870 16.348 35.358 9.145 8.333 0.425 10.842 
231222182820 0.857 16.343 35.848 9.148 8.333 0.561 10.854 
