SAMBAT Sea Ti  C/T/D/Odo/Fluo/pH GPS : 50195 
V:0,Pression (0/50),m
V:1,Température (-5/35),°C
V:2,Salinité (2/42),g/l
V:3,Oxygène (0/20),mgl
V:4,PH (0/14),pH
V:5,Fluorescence (0/50),µgl
V:6,Tension batterie,V
031222174250 0.764 17.143 35.851 8.760 8.339 0.514 10.732 
031222175749 0.847 17.123 36.443 8.760 8.339 0.483 10.797 
031222181249 0.810 17.129 35.869 8.764 8.338 0.757 10.840 
031222182749 0.754 17.119 35.881 8.765 8.338 0.461 10.855 
031222184249 0.797 17.107 36.397 8.769 8.339 0.485 10.863 
031222185749 0.830 17.119 35.856 8.766 8.337 0.475 10.806 
031222191249 0.834 17.118 35.893 8.765 8.337 0.431 10.847 
031222192749 0.805 17.106 35.883 8.762 8.337 0.475 10.860 
031222194249 0.794 17.125 35.882 8.757 8.336 0.462 10.866 
031222195749 0.877 17.145 35.889 8.753 8.338 0.430 10.817 
031222201249 0.858 17.144 35.894 8.750 8.337 0.480 10.851 
031222202749 0.803 17.145 35.894 8.748 8.337 0.395 10.862 
031222204249 0.899 17.159 35.898 8.740 8.338 0.503 10.867 
031222205749 0.886 17.162 35.892 8.738 8.337 0.425 10.819 
031222211249 0.807 17.142 35.893 8.729 8.338 0.474 10.852 
031222212749 0.848 17.125 35.895 8.728 8.338 0.432 10.863 
031222214249 0.810 17.109 35.894 8.724 8.338 0.532 10.868 
031222215749 0.799 17.134 35.888 8.718 8.336 0.466 10.818 
031222221249 0.835 17.148 35.892 8.713 8.337 0.425 10.851 
031222222749 0.812 17.152 35.893 8.706 8.337 0.523 10.863 
031222224249 0.808 17.138 35.893 8.697 8.337 0.504 10.867 
031222225749 0.851 17.140 35.896 8.688 8.337 0.597 10.818 
031222231249 0.872 17.141 35.907 8.683 8.337 0.454 10.852 
031222232749 0.860 17.143 35.911 8.674 8.337 0.539 10.863 
031222234249 0.858 17.143 35.902 8.672 8.338 0.493 10.868 
031222235749 0.870 17.143 35.900 8.667 8.338 0.471 10.819 
041222001249 0.847 17.125 35.915 8.662 8.336 0.444 10.852 
041222002749 0.849 17.143 35.907 8.662 8.338 0.404 10.863 
041222004249 0.880 17.138 35.908 8.664 8.338 0.405 10.868 
041222005749 0.874 17.134 36.310 8.667 8.337 0.411 10.818 
041222011249 0.844 17.139 35.906 8.669 8.337 0.516 10.851 
041222012749 0.886 17.129 35.888 8.670 8.337 0.409 10.862 
041222014249 0.869 17.142 35.885 8.666 8.337 0.368 10.868 
041222015749 0.853 17.143 35.894 8.671 8.338 0.415 10.818 
041222021249 0.838 17.280 35.853 8.659 8.342 0.412 10.851 
041222022749 0.852 17.306 35.838 8.654 8.341 0.385 10.863 
041222024249 0.862 17.326 35.838 8.662 8.342 0.448 10.868 
041222025749 0.824 17.337 35.856 8.666 8.342 0.454 10.819 
041222031249 0.857 17.329 35.873 8.673 8.342 0.423 10.853 
041222032749 0.823 17.321 35.861 8.679 8.342 0.403 10.864 
041222034249 0.853 17.324 35.865 8.690 8.343 0.378 10.869 
041222035749 0.849 17.326 35.866 8.705 8.342 0.327 10.820 
041222041249 0.872 17.323 35.858 8.723 8.342 0.344 10.853 
041222042749 0.861 17.311 35.806 8.736 8.342 0.376 10.864 
041222044249 0.819 17.311 35.849 8.752 8.342 0.485 10.868 
041222045749 0.921 17.298 35.844 8.770 8.342 0.368 10.820 
041222051249 0.852 17.294 35.850 8.785 8.342 0.426 10.853 
041222052749 0.828 17.304 35.843 8.794 8.343 0.348 10.864 
041222054249 0.863 17.317 35.818 8.806 8.343 0.307 10.869 
041222055749 0.867 17.345 35.818 8.804 8.342 0.359 10.819 
041222061249 0.861 17.371 35.829 8.802 8.343 0.515 10.853 
041222062749 0.925 17.373 35.816 8.809 8.344 0.408 10.864 
041222064249 0.854 17.386 35.821 8.809 8.344 0.313 10.869 
041222065749 0.843 17.400 35.816 8.808 8.344 0.312 10.821 
041222071249 0.826 17.405 35.823 8.805 8.344 0.334 10.853 
041222072749 0.771 17.394 35.811 8.800 8.344 0.287 10.865 
041222074249 0.758 17.414 35.770 8.790 8.344 0.337 10.869 
041222075749 0.887 17.404 35.846 8.793 8.343 0.337 10.819 
041222081249 0.864 17.412 35.809 8.791 8.344 0.372 10.853 
041222082749 0.814 17.408 35.809 8.795 8.344 0.305 10.864 
041222084249 0.853 17.418 35.803 8.794 8.345 0.315 10.869 
041222085749 0.865 17.414 35.801 8.792 8.345 0.399 10.811 
041222091249 0.840 17.412 35.806 8.798 8.345 0.347 10.851 
041222092749 0.881 17.419 35.810 8.796 8.345 0.270 10.863 
041222094249 0.903 17.421 35.812 8.798 8.345 0.315 10.868 
041222095749 0.897 17.423 35.784 8.800 8.344 0.211 10.820 
041222101249 0.896 17.423 35.776 8.802 8.344 0.148 10.854 
041222102749 0.830 17.422 35.775 8.799 8.342 0.098 10.864 
041222104249 0.876 17.433 36.347 8.795 8.342 0.120 10.869 
041222105749 0.864 17.434 35.780 8.793 8.343 0.136 10.819 
041222111249 0.851 17.433 35.779 8.794 8.342 0.140 10.853 
041222112749 0.881 17.433 36.342 8.794 8.342 0.094 10.864 
041222114249 0.858 17.442 35.775 8.788 8.342 0.067 10.869 
041222115749 0.901 17.451 35.768 8.783 8.340 0.083 10.819 
041222121249 0.899 17.462 35.772 8.783 8.341 0.075 10.853 
041222122749 0.915 17.472 35.803 8.780 8.341 0.079 10.865 
041222124249 0.902 17.482 35.772 8.771 8.339 0.082 10.870 
041222125749 0.888 17.488 35.765 8.765 8.339 0.066 10.819 
041222131249 0.884 17.498 35.767 8.758 8.339 0.067 10.853 
041222132749 0.946 17.502 35.842 8.759 8.339 0.059 10.865 
041222134249 0.876 17.499 35.829 8.753 8.338 0.096 10.870 
041222135749 0.908 17.507 35.813 8.746 8.337 0.084 10.821 
041222141249 0.869 17.500 35.822 8.743 8.337 0.123 10.854 
041222142749 0.916 17.497 35.786 8.744 8.337 0.117 10.865 
041222144249 0.806 17.481 35.783 8.747 8.337 0.148 10.870 
041222145749 0.930 17.481 35.781 8.745 8.337 0.189 10.820 
041222151249 0.871 17.476 35.775 8.745 8.336 0.136 10.854 
041222152749 0.870 17.474 35.826 8.748 8.336 0.139 10.864 
041222154249 0.889 17.465 35.830 8.748 8.337 0.394 10.870 
041222155749 0.907 17.473 35.818 8.743 8.337 0.268 10.798 
041222161249 0.897 17.467 35.806 8.745 8.337 0.297 10.847 
041222162749 0.928 17.466 35.820 8.744 8.336 0.280 10.862 
041222164249 0.938 17.454 35.821 8.746 8.336 0.323 10.868 
041222165749 0.896 17.461 35.819 8.748 8.336 0.334 10.820 
041222171249 0.932 17.454 35.806 8.747 8.336 0.271 10.854 
041222172749 0.966 17.451 35.782 8.745 8.336 0.327 10.865 
041222174249 0.939 17.461 35.787 8.741 8.335 0.270 10.870 
