SAMBAT Sea Ti  C/T/D/Odo/Fluo/pH GPS : 50195 
V:0,Pression (0/50),m
V:1,Température (-5/35),°C
V:2,Salinité (2/42),g/l
V:3,Oxygène (0/20),mgl
V:4,PH (0/14),pH
V:5,Fluorescence (0/50),µgl
V:6,Tension batterie,V
111222180220 0.881 17.111 35.696 8.968 8.327 0.457 10.729 
111222181719 0.679 17.120 35.665 8.971 8.327 0.427 10.821 
111222183219 0.753 17.117 35.677 8.972 8.327 0.467 10.848 
111222184719 0.768 17.132 35.692 8.972 8.327 0.427 10.859 
111222190219 0.808 17.112 35.689 8.967 8.328 0.466 10.828 
111222191719 0.735 17.119 35.675 8.969 8.327 0.474 10.852 
111222193219 0.682 17.097 35.685 8.966 8.328 0.373 10.862 
111222194719 0.816 17.105 35.688 8.966 8.328 0.389 10.866 
111222200219 0.763 17.094 35.686 8.966 8.328 0.404 10.828 
111222201719 0.855 17.099 35.779 8.961 8.328 0.491 10.853 
111222203219 0.902 17.089 35.729 8.963 8.329 0.401 10.863 
111222204719 0.732 17.105 35.692 8.962 8.329 0.375 10.867 
111222210219 0.902 17.080 35.686 8.960 8.329 0.364 10.816 
111222211719 0.707 17.079 35.681 8.954 8.329 0.361 10.849 
111222213219 0.882 17.092 35.700 8.956 8.330 0.421 10.861 
111222214719 0.780 17.078 35.702 8.952 8.330 0.325 10.866 
111222220219 0.713 17.073 35.678 8.954 8.330 0.404 10.830 
111222221719 0.863 17.099 35.687 8.950 8.330 0.445 10.854 
111222223219 0.768 17.085 35.730 8.954 8.330 0.382 10.863 
111222224719 0.780 17.094 35.710 8.956 8.330 0.371 10.867 
111222230219 0.843 17.073 35.687 8.951 8.330 0.332 10.831 
111222231719 0.712 17.061 35.701 8.947 8.331 0.404 10.855 
111222233219 0.869 17.054 35.729 8.945 8.331 0.408 10.863 
111222234719 0.812 17.050 35.693 8.943 8.331 0.373 10.867 
121222000219 0.788 17.068 35.684 8.938 8.331 0.339 10.830 
121222001719 0.802 17.043 35.673 8.935 8.332 0.365 10.854 
121222003219 0.910 17.004 35.669 8.933 8.332 0.395 10.863 
121222004719 0.769 17.042 35.661 8.928 8.332 0.353 10.867 
121222010219 0.823 17.067 35.666 8.920 8.332 0.417 10.816 
121222011719 0.775 17.044 35.698 8.916 8.332 0.390 10.849 
121222013219 0.768 17.052 36.210 8.915 8.332 0.435 10.861 
121222014719 0.805 17.033 35.734 8.913 8.332 0.369 10.866 
121222020219 0.808 17.054 35.714 8.912 8.333 0.302 10.830 
121222021719 0.763 17.050 35.711 8.910 8.333 0.389 10.854 
121222023219 0.913 17.024 36.254 8.907 8.334 0.346 10.863 
121222024719 0.886 17.021 35.719 8.908 8.333 0.394 10.867 
121222030219 0.856 17.047 35.701 8.902 8.332 0.454 10.829 
121222031719 0.795 17.044 35.669 8.905 8.333 0.426 10.854 
121222033219 0.808 17.008 35.679 8.903 8.334 0.412 10.863 
121222034719 0.851 17.002 36.077 8.902 8.335 0.397 10.866 
121222040219 0.780 17.009 36.250 8.894 8.334 0.342 10.816 
121222041719 0.782 17.010 36.179 8.891 8.334 0.339 10.849 
121222043219 0.757 17.009 35.708 8.886 8.335 0.466 10.860 
121222044719 0.830 17.044 36.040 8.883 8.334 0.444 10.865 
121222050219 0.846 17.014 35.740 8.881 8.335 0.366 10.830 
121222051719 0.849 17.024 35.749 8.877 8.335 0.392 10.854 
121222053219 0.812 17.017 35.746 8.879 8.335 0.419 10.863 
121222054719 0.825 17.019 35.748 8.879 8.336 0.372 10.867 
121222060219 0.813 16.998 35.747 8.876 8.336 0.326 10.830 
121222061719 0.749 17.029 35.737 8.873 8.336 0.352 10.854 
121222063219 0.907 17.002 35.736 8.876 8.336 0.405 10.863 
121222064719 0.827 17.005 35.736 8.880 8.337 0.413 10.867 
121222070219 0.877 17.031 35.742 8.882 8.336 0.377 10.816 
121222071719 0.861 17.024 35.730 8.883 8.337 0.322 10.849 
121222073219 0.812 17.020 35.730 8.885 8.337 0.334 10.860 
121222074719 0.858 17.031 35.732 8.884 8.337 0.410 10.865 
121222080219 0.813 17.022 35.728 8.884 8.337 0.388 10.830 
121222081719 0.817 17.012 35.708 8.885 8.337 0.305 10.854 
121222083219 0.843 16.989 35.720 8.886 8.338 0.453 10.863 
121222084719 0.853 17.030 35.720 8.889 8.338 0.373 10.866 
121222090219 0.846 17.007 36.206 8.887 8.338 0.337 10.830 
121222091719 0.889 17.015 35.739 8.882 8.337 0.349 10.854 
121222093219 0.817 16.996 35.758 8.878 8.338 0.321 10.862 
121222094719 0.803 17.032 35.771 8.877 8.337 0.281 10.866 
121222100219 0.871 17.022 35.768 8.877 8.337 0.253 10.815 
121222101719 0.855 17.018 35.748 8.880 8.338 0.212 10.848 
121222103219 0.802 17.022 35.756 8.882 8.337 0.167 10.860 
121222104719 0.827 17.025 35.743 8.881 8.337 0.133 10.865 
121222110219 0.862 17.025 35.761 8.884 8.337 0.178 10.815 
121222111719 0.865 17.005 35.754 8.883 8.337 0.156 10.848 
121222113219 0.873 17.026 35.746 8.890 8.337 0.165 10.860 
121222114719 0.847 17.016 35.993 8.896 8.337 0.178 10.865 
121222120219 0.831 17.023 35.722 8.904 8.337 0.142 10.830 
121222121719 0.929 17.027 35.736 8.910 8.337 0.170 10.854 
121222123219 0.774 17.026 35.759 8.916 8.336 0.127 10.863 
121222124719 0.793 17.022 35.758 8.915 8.336 0.153 10.866 
121222130219 0.841 17.024 35.695 8.917 8.336 0.141 10.830 
121222131719 0.845 17.021 35.701 8.920 8.336 0.129 10.854 
121222133219 0.720 17.025 35.694 8.925 8.335 0.152 10.863 
121222134719 0.838 17.021 35.701 8.932 8.335 0.153 10.867 
121222140219 0.771 17.018 35.701 8.930 8.335 0.183 10.816 
121222141719 0.928 17.017 35.704 8.933 8.334 0.169 10.848 
121222143219 0.767 17.018 35.728 8.930 8.334 0.147 10.860 
121222144719 0.918 17.018 35.731 8.928 8.334 0.152 10.865 
121222150219 0.857 17.022 35.732 8.929 8.334 0.210 10.831 
121222151719 0.919 17.013 35.728 8.934 8.334 0.178 10.854 
121222153219 0.893 17.020 35.726 8.936 8.333 0.195 10.862 
121222154719 0.935 17.008 36.342 8.937 8.334 0.285 10.866 
121222160219 0.870 17.014 35.725 8.934 8.333 0.293 10.829 
121222161719 0.836 17.001 35.709 8.929 8.334 0.374 10.853 
121222163219 0.865 17.009 35.690 8.930 8.334 0.355 10.862 
121222164719 0.909 17.004 35.703 8.929 8.334 0.374 10.866 
121222170219 0.756 16.997 35.753 8.932 8.334 0.344 10.815 
121222171719 0.903 17.004 35.724 8.933 8.333 0.500 10.848 
121222173219 0.776 16.999 35.695 8.930 8.335 0.376 10.860 
121222174719 0.732 16.992 35.671 8.927 8.335 0.504 10.865 
121222180219 0.841 17.001 35.699 8.924 8.335 0.437 10.815 
