SAMBAT Sea Ti  C/T/D/Odo/Fluo/pH GPS : 50195 
V:0,Pression (0/50),m
V:1,Température (-5/35),°C
V:2,Salinité (2/42),g/l
V:3,Oxygène (0/20),mgl
V:4,PH (0/14),pH
V:5,Fluorescence (0/50),µgl
V:6,Tension batterie,V
251122172227 0.930 19.534 36.242 8.236 8.313 0.474 10.757 
251122173726 0.912 19.532 36.269 8.239 8.318 0.491 10.849 
251122175226 0.875 19.531 36.245 8.246 8.317 0.418 10.829 
251122180726 0.878 19.535 36.912 8.245 8.318 0.481 10.862 
251122182226 0.870 19.522 36.240 8.247 8.319 0.450 10.879 
251122183726 0.896 19.521 36.281 8.243 8.316 0.385 10.886 
251122185226 0.931 19.521 36.299 8.240 8.318 0.416 10.839 
251122190726 0.866 19.533 36.286 8.237 8.318 0.452 10.866 
251122192226 0.911 19.527 36.296 8.229 8.315 0.372 10.881 
251122193726 0.902 19.521 36.312 8.218 8.317 0.355 10.888 
251122195226 0.920 19.531 36.310 8.213 8.316 0.404 10.840 
251122200726 0.907 19.531 36.272 8.198 8.315 0.365 10.856 
251122202226 0.873 19.493 36.196 8.201 8.318 0.347 10.878 
251122203726 0.894 19.477 36.196 8.216 8.319 0.366 10.886 
251122205226 0.929 19.478 36.257 8.219 8.320 0.359 10.839 
251122210726 0.900 19.511 36.254 8.221 8.318 0.361 10.867 
251122212226 0.882 19.483 36.255 8.236 8.319 0.311 10.882 
251122213726 0.900 19.490 36.276 8.240 8.319 0.333 10.888 
251122215226 0.904 19.522 36.250 8.243 8.320 0.359 10.840 
251122220726 0.951 19.530 36.247 8.250 8.318 0.286 10.867 
251122222226 0.923 19.519 36.246 8.259 8.320 0.367 10.882 
251122223726 0.937 19.541 36.246 8.270 8.318 0.445 10.888 
251122225226 0.855 19.527 36.256 8.275 8.320 0.326 10.840 
251122230726 0.926 19.519 36.239 8.266 8.318 0.427 10.856 
251122232226 0.893 19.529 36.255 8.253 8.317 0.364 10.878 
251122233726 0.904 19.517 36.254 8.250 8.318 0.429 10.886 
251122235226 0.886 19.507 36.247 8.243 8.317 0.359 10.840 
261122000726 0.898 19.493 36.251 8.228 8.319 0.417 10.866 
261122002226 0.878 19.516 36.251 8.221 8.319 0.338 10.882 
261122003726 0.850 19.507 36.255 8.226 8.321 0.377 10.888 
261122005226 0.921 19.495 36.246 8.237 8.322 0.606 10.840 
261122010726 0.775 19.471 36.251 8.257 8.322 0.380 10.866 
261122012226 0.975 19.481 36.258 8.262 8.321 0.334 10.882 
261122013726 0.871 19.483 36.230 8.279 8.321 0.376 10.888 
261122015226 0.904 19.484 36.221 8.291 8.322 0.331 10.840 
261122020726 0.787 19.493 36.247 8.291 8.320 0.313 10.856 
261122022226 0.963 19.484 36.240 8.300 8.320 0.347 10.878 
261122023726 0.932 19.482 36.223 8.314 8.320 0.376 10.886 
261122025226 0.936 19.481 36.232 8.316 8.320 0.447 10.839 
261122030726 0.982 19.428 36.231 8.321 8.321 0.413 10.867 
261122032226 0.931 19.438 36.206 8.302 8.320 0.348 10.882 
261122033726 0.920 19.432 36.222 8.291 8.322 0.348 10.888 
261122035226 0.891 19.419 36.253 8.281 8.322 0.307 10.839 
261122040726 0.930 19.466 36.248 8.264 8.322 0.356 10.863 
261122042226 0.909 19.453 36.237 8.257 8.320 0.324 10.881 
261122043726 0.960 19.422 36.225 8.256 8.319 0.409 10.887 
261122045226 0.936 19.436 36.235 8.242 8.320 0.379 10.839 
261122050726 0.931 19.402 36.235 8.233 8.320 0.352 10.856 
261122052226 0.954 19.452 36.821 8.212 8.319 0.469 10.877 
261122053726 0.931 19.457 36.262 8.193 8.318 0.410 10.886 
261122055226 0.934 19.427 36.283 8.195 8.318 0.323 10.839 
261122060726 0.958 19.445 36.267 8.178 8.319 0.331 10.866 
261122062226 0.937 19.442 36.261 8.160 8.319 0.346 10.881 
261122063726 0.945 19.449 36.255 8.154 8.321 0.332 10.887 
261122065226 0.947 19.439 36.249 8.153 8.322 0.307 10.840 
261122070726 0.957 19.438 36.239 8.158 8.323 0.393 10.866 
261122072226 0.939 19.443 36.226 8.160 8.323 0.305 10.882 
261122073726 0.937 19.419 36.219 8.179 8.323 0.300 10.888 
261122075226 0.907 19.431 36.219 8.187 8.326 0.333 10.839 
261122080726 0.944 19.422 36.226 8.205 8.325 0.419 10.855 
261122082226 0.957 19.436 36.228 8.214 8.323 0.503 10.877 
261122083726 1.020 19.433 36.224 8.230 8.323 0.432 10.886 
261122085226 0.985 19.418 36.221 8.254 8.324 0.283 10.839 
261122090726 0.959 19.402 36.227 8.266 8.325 0.326 10.866 
261122092226 0.973 19.419 36.217 8.274 8.325 0.384 10.881 
261122093726 0.886 19.412 36.221 8.279 8.323 0.315 10.887 
261122095226 0.894 19.406 36.213 8.285 8.321 0.452 10.839 
261122100726 0.996 19.408 36.196 8.290 8.320 0.304 10.855 
261122102226 0.990 19.282 36.152 8.321 8.324 0.285 10.877 
261122103726 0.971 19.376 36.201 8.304 8.324 0.288 10.885 
261122105226 0.916 19.416 36.210 8.298 8.324 0.200 10.839 
261122110726 0.976 19.418 36.211 8.301 8.322 0.229 10.866 
261122112226 0.967 19.412 36.208 8.303 8.322 0.240 10.881 
261122113726 0.909 19.426 36.205 8.303 8.321 0.155 10.887 
261122115226 0.894 19.434 36.209 8.302 8.321 0.124 10.839 
261122120726 1.062 19.427 36.202 8.303 8.320 0.167 10.866 
261122122226 0.965 19.416 36.193 8.311 8.323 0.132 10.881 
261122123726 0.954 19.418 36.200 8.315 8.322 0.120 10.887 
261122125226 0.904 19.426 36.188 8.326 8.323 0.141 10.840 
261122130726 0.982 19.433 36.188 8.327 8.322 0.115 10.855 
261122132226 0.991 19.434 36.194 8.326 8.321 0.139 10.877 
261122133726 1.006 19.422 36.195 8.330 8.323 0.128 10.885 
261122135226 1.015 19.419 36.198 8.332 8.322 0.129 10.839 
261122140726 0.969 19.437 36.190 8.328 8.323 0.156 10.866 
261122142226 0.955 19.436 36.201 8.329 8.322 0.147 10.881 
261122143726 0.913 19.418 36.238 8.335 8.322 0.234 10.887 
261122145226 0.985 19.408 36.227 8.332 8.322 0.247 10.839 
261122150726 1.018 19.431 36.220 8.327 8.324 0.230 10.866 
261122152226 0.956 19.405 36.226 8.329 8.324 0.353 10.881 
261122153726 0.984 19.409 36.169 8.328 8.324 0.291 10.887 
261122155226 0.946 19.403 36.229 8.331 8.326 0.357 10.839 
261122160726 1.022 19.414 36.219 8.329 8.325 0.418 10.855 
261122162226 0.896 19.405 36.202 8.332 8.325 0.345 10.877 
261122163726 1.013 19.397 36.191 8.335 8.326 0.334 10.885 
261122165226 0.967 19.385 36.201 8.335 8.326 0.374 10.839 
261122170726 0.977 19.373 36.206 8.337 8.327 0.362 10.866 
261122172226 0.913 19.378 36.205 8.333 8.327 0.414 10.881 
