SAMBAT Sea Ti  C/T/D/Odo/Fluo/pH GPS : 50195 
V:0,Pression (0/50),m
V:1,Température (-5/35),°C
V:2,Salinité (2/42),g/l
V:3,Oxygène (0/20),mgl
V:4,PH (0/14),pH
V:5,Fluorescence (0/50),µgl
V:6,Tension batterie,V
181022155053 1.010 21.919 38.443 8.181 8.324 0.096 10.773 
181022160552 1.005 21.900 38.406 8.190 8.323 0.142 10.866 
181022162052 0.993 21.906 38.425 8.199 8.321 0.180 10.892 
181022163552 1.001 21.916 38.426 8.207 8.323 0.365 10.902 
181022165052 0.968 21.925 38.425 8.211 8.325 0.185 10.852 
181022170552 0.982 21.924 38.426 8.216 8.325 0.285 10.877 
181022172052 0.955 21.925 38.427 8.222 8.326 0.242 10.898 
181022173552 0.992 21.898 38.425 8.235 8.326 0.445 10.905 
181022175052 0.935 21.907 38.423 8.256 8.326 0.170 10.850 
181022180552 0.990 21.905 38.429 8.264 8.327 0.569 10.886 
181022182052 0.943 21.921 38.429 8.267 8.327 0.301 10.901 
181022183552 1.002 21.901 38.429 8.274 8.327 0.248 10.907 
181022185052 1.017 21.916 38.423 8.280 8.327 0.662 10.850 
181022190552 0.952 21.890 38.414 8.284 8.328 0.296 10.887 
181022192052 0.959 21.870 38.414 8.287 8.329 0.192 10.901 
181022193552 0.961 21.848 38.424 8.292 8.329 0.191 10.907 
181022195052 1.002 21.817 38.420 8.294 8.322 0.194 10.854 
181022200552 0.955 21.793 38.410 8.291 8.329 0.393 10.878 
181022202052 0.997 21.777 38.409 8.288 8.330 0.207 10.898 
181022203552 1.009 21.758 38.409 8.292 8.330 0.714 10.905 
181022205052 1.007 21.738 38.423 8.294 8.330 0.197 10.849 
181022210552 0.967 21.717 38.422 8.298 8.330 0.192 10.883 
181022212052 0.973 21.700 38.419 8.289 8.331 0.227 10.900 
181022213552 0.956 21.666 38.423 8.299 8.331 0.197 10.902 
181022215052 0.982 21.670 38.419 8.291 8.331 0.166 10.847 
181022220552 0.988 21.654 38.382 8.289 8.329 0.224 10.875 
181022222052 0.974 21.641 38.415 8.287 8.329 0.203 10.896 
181022223552 0.970 21.642 38.415 8.275 8.333 0.174 10.904 
181022225052 0.984 21.639 38.413 8.271 8.331 0.226 10.849 
181022230552 0.986 21.630 38.414 8.264 8.326 0.147 10.885 
181022232052 0.950 21.623 38.423 8.261 8.327 0.240 10.900 
181022233552 0.964 21.620 38.423 8.255 8.332 0.203 10.905 
181022235052 1.009 21.613 38.421 8.247 8.332 0.177 10.852 
191022000552 0.979 21.605 38.424 8.243 8.331 0.205 10.885 
191022002052 0.987 21.607 38.422 8.239 8.331 0.212 10.900 
191022003552 0.972 21.602 38.421 8.239 8.328 0.261 10.905 
191022005052 0.975 21.600 38.427 8.235 8.329 0.253 10.848 
191022010552 0.964 21.599 38.427 8.238 8.330 0.311 10.875 
191022012052 0.971 21.594 38.420 8.241 8.332 0.244 10.892 
191022013552 0.989 21.589 38.420 8.255 8.333 0.279 10.899 
191022015052 0.955 21.582 38.418 8.245 8.325 0.290 10.848 
191022020552 0.976 21.585 38.418 8.240 8.332 0.235 10.884 
191022022052 0.946 21.579 38.415 8.245 8.332 0.223 10.895 
191022023552 0.955 21.585 38.415 8.242 8.334 0.200 10.904 
191022025052 0.955 21.579 38.405 8.248 8.308 0.234 10.851 
191022030552 0.979 21.584 38.407 8.240 8.334 0.262 10.885 
191022032052 0.960 21.581 38.405 8.260 8.335 0.258 10.896 
191022033552 0.962 21.578 38.410 8.274 8.336 0.178 10.902 
191022035052 0.950 21.581 38.408 8.273 8.336 0.211 10.849 
191022040552 0.945 21.556 38.410 8.287 8.335 0.170 10.871 
191022042052 0.955 21.573 38.409 8.275 8.336 0.207 10.893 
191022043552 0.930 21.576 38.407 8.265 8.336 0.330 10.903 
191022045052 0.949 21.573 38.407 8.261 8.336 0.145 10.851 
191022050552 0.936 21.569 38.410 8.255 8.337 0.156 10.884 
191022052052 0.959 21.562 38.404 8.255 8.337 0.228 10.899 
191022053552 0.951 21.558 38.424 8.235 8.336 0.185 10.901 
191022055052 0.954 21.550 38.443 8.232 8.337 0.192 10.851 
191022060552 0.961 21.556 38.411 8.225 8.337 0.270 10.884 
191022062052 0.967 21.556 38.436 8.224 8.336 0.177 10.895 
191022063552 0.957 21.551 38.412 8.237 8.337 0.207 10.899 
191022065052 0.968 21.552 38.413 8.237 8.337 0.201 10.849 
191022070552 0.948 21.546 38.414 8.239 8.327 0.212 10.875 
191022072052 0.954 21.534 38.413 8.243 8.334 0.288 10.896 
191022073552 0.952 21.535 38.414 8.244 8.337 0.831 10.903 
191022075052 0.959 21.532 38.419 8.237 8.337 0.252 10.850 
191022080552 0.953 21.542 38.414 8.229 8.334 0.529 10.885 
191022082052 0.942 21.541 38.412 8.224 8.335 0.654 10.897 
191022083552 0.951 21.524 38.411 8.219 8.337 0.265 10.900 
191022085052 0.967 21.538 38.416 8.219 8.338 0.177 10.849 
191022090552 0.961 21.536 38.403 8.219 8.335 0.186 10.885 
191022092052 0.976 21.536 38.411 8.222 8.336 0.158 10.897 
191022093552 0.953 21.541 38.414 8.222 8.337 0.137 10.904 
191022095052 0.977 21.542 38.413 8.225 8.335 0.101 10.851 
191022100552 0.952 21.556 38.407 8.223 8.327 0.115 10.884 
191022102052 0.962 21.569 38.411 8.216 8.329 0.124 10.897 
191022103552 0.938 21.585 38.413 8.207 8.329 0.109 10.904 
191022105052 0.959 21.593 38.411 8.186 8.331 0.067 10.848 
191022110552 0.956 21.594 38.408 8.170 8.327 0.077 10.875 
191022112052 0.962 21.621 38.418 8.155 8.328 0.095 10.896 
191022113552 0.949 21.685 38.414 8.136 8.330 0.073 10.904 
191022115052 0.948 21.657 38.416 8.115 8.330 0.065 10.849 
191022120552 0.953 21.698 38.410 8.109 8.322 0.079 10.884 
191022122052 0.957 21.681 38.415 8.109 8.324 0.112 10.900 
191022123552 0.952 21.712 38.409 8.105 8.325 0.061 10.906 
191022125052 0.962 21.698 38.411 8.104 8.328 0.055 10.849 
191022130552 0.959 21.705 38.412 8.096 8.327 0.086 10.877 
191022132052 0.956 21.712 38.411 8.096 8.326 0.088 10.896 
191022133552 0.944 21.836 38.397 8.082 8.327 0.095 10.904 
191022135052 0.976 21.752 38.436 8.108 8.327 0.074 10.852 
191022140552 0.938 21.961 38.412 8.057 8.320 0.097 10.886 
191022142052 0.943 21.868 38.397 8.062 8.320 0.098 10.901 
191022143552 0.934 21.912 38.387 8.060 8.320 0.062 10.907 
191022145052 0.948 22.021 38.413 8.032 8.320 0.096 10.850 
191022150552 0.941 22.013 38.387 8.002 8.318 0.088 10.883 
191022152052 0.940 21.998 38.447 7.999 8.319 0.120 10.901 
191022153552 0.934 21.997 38.421 7.996 8.318 0.145 10.907 
191022155052 0.953 22.033 38.413 7.999 8.320 0.089 10.854 
