SAMBAT Sea Ti  C/T/D/Odo/Fluo/pH GPS : 50195 
V:0,Pression (0/50),m
V:1,Température (-5/35),°C
V:2,Salinité (2/42),g/l
V:3,Oxygène (0/20),mgl
V:4,PH (0/14),pH
V:5,Fluorescence (0/50),µgl
V:6,Tension batterie,V
181222181859 1.043 16.618 35.453 8.876 8.327 0.510 10.730 
181222183358 1.031 16.620 35.936 8.873 8.328 0.440 10.819 
181222184858 1.077 16.623 35.477 8.874 8.328 0.460 10.844 
181222190358 1.075 16.605 35.475 8.874 8.328 0.508 10.816 
181222191858 1.115 16.597 35.453 8.878 8.328 0.489 10.844 
181222193358 1.126 16.615 35.464 8.870 8.327 0.592 10.855 
181222194858 1.080 16.605 35.855 8.871 8.327 0.476 10.860 
181222200358 1.173 16.604 35.485 8.865 8.327 0.446 10.828 
181222201858 1.057 16.595 35.966 8.868 8.327 0.482 10.850 
181222203358 1.138 16.619 35.489 8.858 8.327 0.372 10.858 
181222204858 1.072 16.614 35.472 8.856 8.327 0.409 10.862 
181222210358 1.062 16.625 35.459 8.854 8.327 0.397 10.828 
181222211858 1.138 16.601 35.459 8.861 8.327 0.442 10.850 
181222213358 1.096 16.606 35.444 8.856 8.327 0.470 10.858 
181222214858 1.026 16.604 35.435 8.851 8.327 0.528 10.862 
181222220358 1.100 16.602 35.443 8.856 8.329 0.532 10.819 
181222221858 1.068 16.605 35.852 8.856 8.328 0.550 10.846 
181222223358 1.091 16.591 35.900 8.865 8.328 0.557 10.857 
181222224858 1.067 16.586 35.495 8.871 8.329 0.433 10.862 
181222230358 1.111 16.583 35.496 8.870 8.329 0.552 10.829 
181222231858 1.095 16.574 35.510 8.867 8.328 0.495 10.850 
181222233358 1.094 16.584 35.497 8.862 8.329 0.452 10.858 
181222234858 1.089 16.586 35.492 8.860 8.328 0.596 10.862 
191222000358 1.117 16.566 35.842 8.863 8.329 0.425 10.820 
191222001858 1.089 16.555 35.491 8.864 8.329 0.519 10.847 
191222003358 1.088 16.584 35.472 8.856 8.330 0.502 10.857 
191222004858 1.098 16.560 35.486 8.861 8.330 0.405 10.862 
191222010358 1.116 16.564 35.469 8.864 8.330 0.479 10.829 
191222011858 1.093 16.584 35.474 8.854 8.329 0.515 10.850 
191222013358 1.135 16.587 35.471 8.849 8.329 0.482 10.859 
191222014858 1.070 16.560 35.466 8.860 8.330 0.449 10.862 
191222020358 1.038 16.576 35.456 8.855 8.330 0.437 10.828 
191222021858 1.115 16.571 35.682 8.857 8.330 0.450 10.850 
191222023358 1.088 16.567 35.794 8.857 8.330 0.558 10.858 
191222024858 1.090 16.574 35.788 8.854 8.330 0.830 10.862 
191222030358 1.065 16.574 35.456 8.845 8.331 0.509 10.819 
191222031858 1.081 16.574 35.455 8.840 8.330 0.454 10.846 
191222033358 1.095 16.568 35.446 8.832 8.330 0.435 10.857 
191222034858 1.057 16.577 35.443 8.833 8.331 0.506 10.862 
191222040358 1.105 16.576 35.428 8.835 8.331 0.593 10.829 
191222041858 1.131 16.571 35.449 8.834 8.331 0.473 10.850 
191222043358 1.099 16.565 35.448 8.830 8.331 0.509 10.858 
191222044858 1.101 16.569 35.435 8.823 8.332 0.530 10.862 
191222050358 1.098 16.574 35.433 8.822 8.332 0.486 10.829 
191222051858 1.095 16.572 35.437 8.828 8.332 0.488 10.850 
191222053358 1.089 16.573 35.445 8.826 8.332 0.559 10.859 
191222054858 1.099 16.577 35.436 8.827 8.332 0.563 10.862 
191222060358 1.079 16.569 35.436 8.831 8.332 0.533 10.828 
191222061858 1.062 16.566 35.476 8.830 8.333 0.490 10.850 
191222063358 1.084 16.546 35.462 8.836 8.333 0.533 10.858 
191222064858 1.110 16.547 35.491 8.838 8.334 0.419 10.862 
191222070358 1.116 16.566 35.466 8.836 8.334 0.438 10.820 
191222071858 1.107 16.566 35.819 8.835 8.334 0.517 10.846 
191222073358 1.092 16.558 35.909 8.836 8.334 0.415 10.857 
191222074858 1.070 16.564 35.518 8.831 8.334 0.472 10.861 
191222080358 1.086 16.556 35.504 8.835 8.334 0.489 10.829 
191222081858 1.104 16.565 35.455 8.832 8.333 0.606 10.850 
191222083358 1.115 16.563 35.470 8.835 8.334 0.612 10.858 
191222084858 1.089 16.558 35.455 8.838 8.334 0.453 10.862 
191222090358 1.061 16.555 35.447 8.840 8.333 0.592 10.826 
191222091858 1.102 16.558 35.451 8.835 8.334 0.457 10.849 
191222093358 1.100 16.551 35.469 8.837 8.333 0.478 10.858 
191222094858 1.096 16.555 35.476 8.838 8.334 0.417 10.862 
191222100358 1.098 16.559 35.468 8.834 8.333 0.375 10.819 
191222101858 1.106 16.543 35.466 8.840 8.334 0.366 10.846 
191222103358 1.097 16.554 35.828 8.833 8.333 0.252 10.857 
191222104858 1.105 16.564 35.453 8.831 8.333 0.282 10.861 
191222110358 1.099 16.564 35.865 8.827 8.333 0.256 10.828 
191222111858 1.117 16.564 35.743 8.829 8.333 0.235 10.850 
191222113358 1.092 16.569 35.470 8.835 8.332 0.193 10.858 
191222114858 1.105 16.567 35.924 8.838 8.333 0.233 10.862 
191222120358 1.096 16.573 35.417 8.846 8.332 0.214 10.829 
191222121858 1.104 16.577 35.887 8.852 8.332 0.193 10.850 
191222123358 1.107 16.576 35.400 8.854 8.331 0.181 10.859 
191222124858 1.095 16.580 35.398 8.853 8.332 0.189 10.862 
191222130358 1.079 16.584 35.378 8.855 8.331 0.205 10.820 
191222131858 1.078 16.587 35.453 8.855 8.330 0.182 10.846 
191222133358 1.118 16.586 35.454 8.852 8.330 0.223 10.857 
191222134858 1.096 16.588 35.458 8.843 8.330 0.246 10.862 
191222140358 1.094 16.589 35.417 8.832 8.330 0.221 10.829 
191222141858 1.115 16.607 35.814 8.816 8.330 0.194 10.850 
191222143358 1.104 16.610 35.466 8.805 8.330 0.198 10.858 
191222144858 1.097 16.607 35.464 8.797 8.330 0.240 10.862 
191222150358 1.081 16.598 35.470 8.800 8.330 0.290 10.829 
191222151858 1.095 16.593 35.909 8.792 8.330 0.271 10.850 
191222153358 1.096 16.595 35.468 8.786 8.330 0.318 10.858 
191222154858 1.088 16.604 35.442 8.774 8.330 0.353 10.862 
191222160358 1.069 16.600 35.454 8.781 8.331 0.389 10.820 
191222161858 1.069 16.595 35.453 8.791 8.331 0.419 10.847 
191222163358 1.083 16.598 35.442 8.795 8.331 0.481 10.857 
191222164858 1.086 16.596 35.442 8.794 8.331 0.431 10.861 
191222170358 1.082 16.593 35.422 8.795 8.331 0.501 10.829 
191222171858 1.082 16.593 35.419 8.796 8.330 0.513 10.850 
191222173358 1.107 16.584 35.411 8.803 8.328 0.541 10.859 
191222174858 1.090 16.578 35.396 8.806 8.332 0.686 10.862 
191222180358 1.094 16.572 35.386 8.812 8.332 0.620 10.828 
191222181858 1.110 16.581 35.422 8.814 8.332 0.599 10.850 
