SAMBAT Sea Ti  C/T/D/Odo/Fluo/pH GPS : 50195 
V:0,Pression (0/50),m
V:1,Température (-5/35),°C
V:2,Salinité (2/42),g/l
V:3,Oxygène (0/20),mgl
V:4,PH (0/14),pH
V:5,Fluorescence (0/50),µgl
V:6,Tension batterie,V
291122173256 0.867 18.319 36.062 8.354 8.341 0.414 10.747 
291122174755 0.906 18.304 36.056 8.360 8.343 0.376 10.837 
291122180255 0.906 18.304 36.047 8.368 8.342 0.531 10.838 
291122181755 0.894 18.287 36.044 8.376 8.341 0.452 10.863 
291122183255 0.814 18.289 36.103 8.382 8.341 0.451 10.873 
291122184755 0.881 18.318 36.105 8.373 8.342 0.417 10.877 
291122190255 0.859 18.308 36.103 8.378 8.341 0.420 10.833 
291122191755 0.871 18.285 36.078 8.382 8.343 0.571 10.862 
291122193255 0.883 18.292 36.096 8.380 8.343 0.390 10.873 
291122194755 0.895 18.309 36.089 8.379 8.344 0.468 10.878 
291122200255 0.848 18.309 36.085 8.384 8.344 0.396 10.846 
291122201755 0.865 18.320 36.088 8.381 8.343 0.389 10.868 
291122203255 0.861 18.300 36.107 8.394 8.344 0.328 10.876 
291122204755 0.889 18.320 36.089 8.402 8.343 0.397 10.879 
291122210255 0.916 18.320 36.096 8.412 8.344 0.441 10.846 
291122211755 0.867 18.316 36.057 8.427 8.345 0.333 10.868 
291122213255 0.871 18.314 36.054 8.434 8.345 0.435 10.876 
291122214755 0.857 18.329 36.065 8.435 8.343 0.522 10.879 
291122220255 0.927 18.314 36.057 8.444 8.344 0.321 10.843 
291122221755 0.854 18.307 36.045 8.451 8.345 0.408 10.867 
291122223255 0.861 18.315 36.058 8.450 8.344 0.349 10.876 
291122224755 0.858 18.312 36.048 8.448 8.343 0.394 10.879 
291122230255 0.947 18.303 36.071 8.449 8.344 0.347 10.831 
291122231755 0.902 18.278 36.053 8.457 8.344 0.451 10.862 
291122233255 0.785 18.275 36.060 8.456 8.344 0.438 10.873 
291122234755 0.895 18.276 36.070 8.451 8.344 0.420 10.878 
301122000255 0.973 18.260 36.063 8.456 8.345 0.348 10.847 
301122001755 0.973 18.264 36.057 8.461 8.345 0.338 10.868 
301122003255 0.914 18.260 36.065 8.462 8.346 0.315 10.876 
301122004755 0.861 18.267 36.069 8.456 8.345 0.337 10.879 
301122010255 0.878 18.234 36.077 8.461 8.345 0.500 10.845 
301122011755 0.900 18.205 36.096 8.471 8.345 0.313 10.868 
301122013255 0.921 18.229 36.094 8.466 8.344 0.320 10.875 
301122014755 0.902 18.217 36.095 8.470 8.345 0.370 10.879 
301122020255 0.864 18.232 36.076 8.470 8.346 0.388 10.831 
301122021755 0.900 18.218 36.082 8.477 8.344 0.346 10.862 
301122023255 0.875 18.220 36.079 8.476 8.346 0.438 10.873 
301122024755 0.899 18.217 36.090 8.469 8.345 0.339 10.877 
301122030255 0.896 18.216 36.074 8.467 8.346 0.326 10.845 
301122031755 0.862 18.299 36.094 8.450 8.347 0.337 10.867 
301122033255 0.894 18.312 36.085 8.452 8.349 0.364 10.875 
301122034755 0.861 18.343 36.059 8.447 8.347 0.272 10.879 
301122040255 0.929 18.362 36.071 8.447 8.348 0.308 10.845 
301122041755 0.859 18.374 36.069 8.444 8.347 0.308 10.868 
301122043255 0.850 18.373 36.083 8.443 8.348 0.338 10.876 
301122044755 0.893 18.380 36.087 8.445 8.347 0.465 10.879 
301122050255 0.868 18.373 36.090 8.443 8.347 0.331 10.832 
301122051755 0.907 18.381 36.104 8.446 8.346 0.353 10.863 
301122053255 0.892 18.382 36.094 8.449 8.348 0.290 10.874 
301122054755 0.897 18.366 36.077 8.445 8.346 0.317 10.878 
301122060255 0.898 18.384 36.078 8.434 8.347 0.287 10.846 
301122061755 0.865 18.384 36.073 8.437 8.348 0.345 10.868 
301122063255 0.954 18.380 36.100 8.438 8.348 0.322 10.876 
301122064755 0.915 18.375 36.108 8.438 8.348 0.399 10.880 
301122070255 0.857 18.393 36.099 8.431 8.348 0.345 10.846 
301122071755 0.865 18.378 36.077 8.435 8.347 0.337 10.868 
301122073255 0.915 18.389 36.069 8.440 8.349 0.393 10.876 
301122074755 0.924 18.396 36.061 8.442 8.349 0.329 10.880 
301122080255 0.896 18.399 36.113 8.443 8.348 0.300 10.846 
301122081755 0.856 18.403 36.105 8.453 8.349 0.261 10.868 
301122083255 0.903 18.374 36.106 8.462 8.348 0.256 10.876 
301122084755 0.877 18.375 36.109 8.460 8.349 0.378 10.880 
301122090255 0.917 18.400 36.105 8.457 8.349 0.363 10.831 
301122091755 0.907 18.379 36.112 8.457 8.349 0.312 10.863 
301122093255 0.929 18.381 36.104 8.456 8.349 0.273 10.874 
301122094755 0.877 18.381 36.104 8.456 8.349 0.315 10.879 
301122100255 0.912 18.376 36.105 8.455 8.349 0.256 10.846 
301122101755 0.895 18.360 36.109 8.457 8.349 0.187 10.868 
301122103255 0.860 18.380 36.058 8.448 8.349 0.157 10.876 
301122104755 0.909 18.354 36.031 8.452 8.349 0.125 10.880 
301122110255 0.873 18.369 36.076 8.454 8.348 0.147 10.846 
301122111755 0.956 18.368 36.071 8.456 8.347 0.086 10.868 
301122113255 0.902 18.358 36.074 8.461 8.348 0.089 10.876 
301122114755 0.834 18.367 36.085 8.465 8.347 0.102 10.879 
301122120255 0.886 18.357 36.092 8.478 8.348 0.133 10.831 
301122121755 0.937 18.360 36.080 8.480 8.347 0.115 10.862 
301122123255 0.899 18.338 36.058 8.487 8.345 0.115 10.874 
301122124755 0.898 18.344 36.091 8.489 8.346 0.103 10.878 
301122130255 0.868 18.339 36.088 8.503 8.345 0.108 10.846 
301122131755 0.937 18.331 36.086 8.511 8.344 0.070 10.868 
301122133255 0.891 18.335 36.079 8.509 8.344 0.092 10.876 
301122134755 0.918 18.322 36.095 8.510 8.343 0.073 10.879 
301122140255 0.901 18.319 36.079 8.510 8.343 0.115 10.846 
301122141755 0.923 18.315 36.058 8.506 8.342 0.130 10.868 
301122143255 0.913 18.314 36.086 8.509 8.343 0.102 10.876 
301122144755 0.902 18.291 36.029 8.514 8.342 0.124 10.879 
301122150255 0.921 18.294 36.110 8.508 8.341 0.130 10.831 
301122151755 0.931 18.300 36.104 8.505 8.341 0.182 10.862 
301122153255 0.915 18.298 36.107 8.495 8.341 0.189 10.873 
301122154755 0.920 18.288 36.100 8.486 8.341 0.212 10.878 
301122160255 0.922 18.286 36.081 8.476 8.340 0.222 10.845 
301122161755 0.896 18.283 36.069 8.470 8.339 0.271 10.867 
301122163255 0.927 18.259 36.075 8.463 8.339 0.320 10.875 
301122164755 0.896 18.260 36.076 8.455 8.338 0.324 10.879 
301122170255 0.957 18.251 36.066 8.445 8.337 0.333 10.831 
301122171755 0.960 18.224 36.077 8.449 8.339 0.357 10.862 
301122173255 0.857 18.218 36.076 8.441 8.339 0.394 10.873 
