SAMBAT Sea Ti  C/T/D/Odo/Fluo/pH GPS : 50195 
V:0,Pression (0/50),m
V:1,Température (-5/35),°C
V:2,Salinité (2/42),g/l
V:3,Oxygène (0/20),mgl
V:4,PH (0/14),pH
V:5,Fluorescence (0/50),µgl
V:6,Tension batterie,V
171022154754 0.989 22.036 38.423 8.099 8.317 1.817 10.773 
171022160253 1.006 22.045 38.426 8.118 8.316 0.097 10.855 
171022161753 1.004 22.046 38.425 8.140 8.316 2.287 10.889 
171022163253 1.001 22.046 38.425 8.140 8.318 1.056 10.901 
171022164753 1.029 22.065 38.425 8.145 8.312 0.155 10.906 
171022170253 0.994 22.120 38.418 8.133 8.320 0.702 10.881 
171022171753 1.016 22.076 38.423 8.140 8.316 7.099 10.899 
171022173253 0.989 22.130 38.426 8.125 8.307 5.768 10.906 
171022174753 0.991 22.125 38.430 8.123 8.303 8.827 10.909 
171022180253 1.003 22.137 38.415 8.122 8.322 2.287 10.882 
171022181753 0.997 22.071 38.410 8.138 8.324 0.238 10.901 
171022183253 0.998 22.007 38.400 8.156 8.326 0.951 10.907 
171022184753 1.006 21.959 38.403 8.170 8.325 0.182 10.909 
171022190253 0.982 21.910 38.402 8.184 8.322 0.241 10.870 
171022191753 1.007 21.881 38.401 8.187 8.324 0.210 10.896 
171022193253 1.003 21.867 38.398 8.186 8.324 0.244 10.905 
171022194753 0.993 21.847 38.415 8.190 8.325 0.253 10.908 
171022200253 1.005 21.797 38.419 8.202 8.323 0.220 10.881 
171022201753 1.013 21.784 38.420 8.208 8.328 0.246 10.900 
171022203253 0.996 21.777 38.418 8.212 8.326 0.375 10.906 
171022204753 1.012 21.764 38.416 8.211 8.324 0.230 10.908 
171022210253 0.996 21.751 38.417 8.206 8.322 0.303 10.881 
171022211753 1.003 21.734 38.422 8.207 8.324 0.344 10.899 
171022213253 1.005 21.687 38.414 8.207 8.328 0.407 10.906 
171022214753 1.015 21.655 38.412 8.208 8.328 0.231 10.908 
171022220253 1.014 21.633 38.418 8.208 8.325 0.425 10.868 
171022221753 0.998 21.625 38.422 8.194 8.327 0.599 10.894 
171022223253 1.019 21.633 38.421 8.188 8.317 0.223 10.903 
171022224753 0.996 21.621 38.417 8.174 8.326 0.367 10.906 
171022230253 1.021 21.614 38.431 8.157 8.318 0.323 10.880 
171022231753 1.020 21.595 38.423 8.147 8.320 0.296 10.898 
171022233253 0.998 21.600 38.446 8.145 8.325 0.268 10.905 
171022234753 1.007 21.616 38.446 8.134 8.326 0.342 10.907 
181022000253 1.019 21.614 38.445 8.131 8.325 0.293 10.879 
181022001753 1.007 21.614 38.451 8.131 8.331 0.269 10.898 
181022003253 1.010 21.615 38.442 8.136 8.332 0.268 10.904 
181022004753 1.014 21.603 38.441 8.144 8.331 0.350 10.907 
181022010253 1.008 21.595 38.442 8.144 8.333 0.347 10.867 
181022011753 1.005 21.578 38.443 8.154 8.332 0.287 10.894 
181022013253 1.002 21.566 38.410 8.170 8.334 0.227 10.903 
181022014753 0.996 21.553 38.417 8.179 8.334 0.292 10.906 
181022020253 1.010 21.553 38.426 8.188 8.335 0.295 10.867 
181022021753 1.024 21.540 38.409 8.197 8.336 0.325 10.893 
181022023253 1.003 21.531 38.422 8.203 8.337 0.253 10.902 
181022024753 0.997 21.545 38.420 8.205 8.336 0.409 10.906 
181022030253 1.004 21.543 38.420 8.209 8.335 0.227 10.878 
181022031753 0.994 21.530 38.414 8.215 8.335 0.259 10.897 
181022033253 0.998 21.525 38.419 8.217 8.335 0.203 10.904 
181022034753 1.013 21.518 38.406 8.220 8.332 0.261 10.906 
181022040253 1.000 21.525 38.413 8.216 8.332 0.226 10.878 
181022041753 1.016 21.522 38.415 8.224 8.328 0.220 10.897 
181022043253 1.018 21.520 38.422 8.219 8.337 0.238 10.904 
181022044753 1.001 21.531 38.414 8.214 8.335 0.228 10.907 
181022050253 0.996 21.530 38.414 8.209 8.334 0.205 10.867 
181022051753 0.991 21.526 38.420 8.213 8.333 0.226 10.893 
181022053253 0.998 21.515 38.416 8.205 8.330 0.192 10.902 
181022054753 0.981 21.522 38.417 8.207 8.329 0.207 10.906 
181022060253 0.985 21.518 38.413 8.205 8.333 0.215 10.878 
181022061753 1.006 21.522 38.393 8.200 8.330 0.229 10.897 
181022063253 1.015 21.513 38.394 8.205 8.326 0.153 10.904 
181022064753 1.008 21.514 38.415 8.206 8.324 0.252 10.907 
181022070253 1.022 21.518 38.410 8.202 8.330 0.215 10.879 
181022071753 1.014 21.509 38.410 8.207 8.323 0.236 10.897 
181022073253 1.001 21.510 38.409 8.207 8.334 1.505 10.904 
181022074753 1.010 21.510 38.415 8.201 8.328 0.843 10.906 
181022080253 1.006 21.519 38.412 8.197 8.330 0.725 10.867 
181022081753 1.009 21.518 38.412 8.194 8.332 0.704 10.893 
181022083253 0.998 21.525 38.402 8.190 8.326 0.296 10.902 
181022084753 1.011 21.524 38.413 8.192 8.328 0.213 10.906 
181022090253 1.007 21.527 38.408 8.189 8.333 0.235 10.878 
181022091753 1.017 21.529 38.401 8.179 8.332 0.203 10.897 
181022093253 1.020 21.536 38.411 8.168 8.331 0.146 10.904 
181022094753 1.000 21.538 38.413 8.164 8.332 0.128 10.907 
181022100253 1.005 21.545 38.407 8.161 8.331 0.142 10.878 
181022101753 0.988 21.557 38.405 8.155 8.331 0.144 10.897 
181022103253 1.013 21.558 38.396 8.154 8.330 0.097 10.904 
181022104753 1.022 21.567 38.405 8.142 8.326 0.079 10.907 
181022110253 1.021 21.582 38.404 8.136 8.329 0.068 10.867 
181022111753 1.017 21.604 38.402 8.120 8.326 0.092 10.894 
181022113253 1.010 21.613 38.405 8.102 8.326 0.112 10.903 
181022114753 1.023 21.633 38.404 8.084 8.323 0.081 10.906 
181022120253 1.006 21.695 38.413 8.058 8.317 0.092 10.879 
181022121753 1.004 21.687 38.410 8.050 8.315 0.071 10.898 
181022123253 1.015 21.773 38.425 8.022 8.315 0.083 10.905 
181022124753 1.004 21.796 38.433 8.010 8.314 0.083 10.907 
181022130253 1.025 21.836 38.420 7.999 8.315 0.047 10.879 
181022131753 0.989 21.808 38.424 8.014 8.318 0.086 10.898 
181022133253 1.015 21.842 38.420 8.012 8.321 0.102 10.905 
181022134753 1.010 21.866 38.414 8.014 8.318 0.018 10.908 
181022140253 0.984 21.898 38.429 8.027 8.319 0.053 10.868 
181022141753 0.982 21.914 38.413 8.048 8.321 0.077 10.895 
181022143253 1.001 21.964 38.399 8.061 8.324 0.064 10.904 
181022144753 0.998 21.956 38.426 8.078 8.323 0.107 10.908 
181022150253 1.001 21.945 38.435 8.098 8.324 0.105 10.881 
181022151753 0.982 21.959 38.423 8.114 8.322 0.101 10.900 
181022153253 0.983 22.018 38.414 8.118 8.322 0.128 10.906 
181022154753 0.987 21.929 38.371 8.149 8.324 0.119 10.909 
