SAMBAT Sea Ti  C/T/D/Odo/Fluo/pH GPS : 50195 
V:0,Pression (0/50),m
V:1,Température (-5/35),°C
V:2,Salinité (2/42),g/l
V:3,Oxygène (0/20),mgl
V:4,PH (0/14),pH
V:5,Fluorescence (0/50),µgl
V:6,Tension batterie,V
251222183518 0.980 16.255 35.338 9.120 8.332 0.427 10.728 
251222185017 0.984 16.246 35.884 9.119 8.332 0.421 10.816 
251222190517 1.010 16.246 35.796 9.132 8.332 0.563 10.815 
251222192017 1.015 16.237 35.381 9.137 8.332 0.660 10.841 
251222193517 1.007 16.234 35.821 9.137 8.333 0.579 10.851 
251222195017 1.014 16.232 35.404 9.130 8.332 0.673 10.856 
251222200517 1.002 16.233 35.826 9.117 8.332 0.461 10.824 
251222202017 1.032 16.203 35.716 9.124 8.333 0.485 10.846 
251222203517 0.994 16.217 35.811 9.120 8.332 0.499 10.854 
251222205017 0.982 16.202 35.402 9.116 8.333 0.438 10.858 
251222210517 1.012 16.199 35.856 9.112 8.333 0.513 10.828 
251222212017 1.015 16.210 35.850 9.110 8.333 0.441 10.847 
251222213517 1.011 16.204 35.414 9.107 8.332 0.395 10.855 
251222215017 0.987 16.212 35.848 9.106 8.332 0.556 10.859 
251222220517 1.031 16.198 35.815 9.111 8.333 0.474 10.829 
251222222017 1.021 16.199 35.861 9.108 8.333 0.481 10.848 
251222223517 1.017 16.188 35.428 9.110 8.332 0.462 10.855 
251222225017 1.035 16.189 35.392 9.106 8.332 0.409 10.859 
251222230517 1.024 16.182 35.392 9.105 8.332 0.408 10.828 
251222232017 1.001 16.185 35.354 9.106 8.331 0.451 10.847 
251222233517 1.003 16.186 35.366 9.104 8.332 0.449 10.855 
251222235017 1.028 16.182 35.374 9.100 8.332 0.383 10.859 
261222000517 1.001 16.191 35.345 9.099 8.332 0.464 10.823 
261222002017 1.023 16.206 35.876 9.100 8.332 0.403 10.846 
261222003517 1.020 16.243 35.817 9.099 8.332 0.374 10.854 
261222005017 1.028 16.266 35.859 9.097 8.332 0.323 10.858 
261222010517 1.030 16.265 35.860 9.097 8.332 0.362 10.828 
261222012017 1.008 16.276 35.579 9.099 8.332 0.344 10.847 
261222013517 1.020 16.267 35.890 9.110 8.332 0.404 10.855 
261222015017 1.040 16.278 35.821 9.111 8.332 0.390 10.859 
261222020517 1.031 16.273 35.827 9.120 8.332 0.423 10.829 
261222022017 1.041 16.269 35.348 9.128 8.333 0.405 10.848 
261222023517 1.010 16.273 35.739 9.129 8.333 0.426 10.856 
261222025017 1.010 16.251 35.338 9.133 8.332 0.393 10.859 
261222030517 1.007 16.266 35.748 9.132 8.333 0.396 10.829 
261222032017 1.009 16.262 35.728 9.129 8.333 0.453 10.848 
261222033517 1.007 16.259 35.385 9.126 8.333 0.430 10.856 
261222035017 1.028 16.258 35.384 9.124 8.332 0.488 10.859 
261222040517 1.014 16.253 35.829 9.118 8.333 0.387 10.828 
261222042017 1.044 16.233 35.843 9.117 8.333 0.423 10.848 
261222043517 1.049 16.240 35.653 9.108 8.333 0.429 10.856 
261222045017 1.037 16.243 35.726 9.104 8.332 0.510 10.859 
261222050517 1.015 16.239 35.661 9.099 8.332 0.377 10.828 
261222052017 1.030 16.230 35.759 9.097 8.333 0.410 10.848 
261222053517 1.011 16.237 35.674 9.089 8.332 0.514 10.855 
261222055017 1.014 16.234 35.692 9.091 8.334 0.456 10.859 
261222060517 1.033 16.230 35.652 9.089 8.333 0.454 10.823 
261222062017 1.026 16.229 35.732 9.085 8.334 0.532 10.846 
261222063517 1.061 16.233 35.700 9.083 8.332 0.347 10.854 
261222065017 1.023 16.224 35.726 9.087 8.333 0.374 10.858 
261222070517 1.029 16.224 35.704 9.088 8.333 0.458 10.817 
261222072017 1.034 16.220 35.416 9.090 8.333 0.437 10.843 
261222073517 1.004 16.226 35.404 9.090 8.333 0.400 10.853 
261222075017 1.034 16.220 35.395 9.095 8.331 0.417 10.858 
261222080517 1.051 16.218 35.831 9.090 8.331 0.474 10.828 
261222082017 1.038 16.206 35.396 9.094 8.331 0.452 10.847 
261222083517 1.030 16.202 35.806 9.099 8.333 0.456 10.855 
261222085017 1.048 16.206 35.777 9.097 8.334 0.333 10.858 
261222090517 1.032 16.217 35.735 9.097 8.335 0.370 10.828 
261222092017 1.029 16.206 35.386 9.105 8.336 0.403 10.848 
261222093517 1.036 16.221 35.387 9.101 8.335 0.472 10.855 
261222095017 1.031 16.208 35.379 9.103 8.335 0.471 10.859 
261222100517 1.040 16.202 35.373 9.105 8.336 0.428 10.816 
261222102017 1.039 16.202 35.350 9.106 8.337 0.236 10.843 
261222103517 1.022 16.216 35.353 9.112 8.336 0.314 10.853 
261222105017 1.035 16.223 35.370 9.110 8.335 0.274 10.857 
261222110517 1.044 16.222 35.392 9.108 8.334 0.000 10.829 
261222112017 1.019 16.224 37.824 9.116 8.347 0.203 10.848 
261222113517 1.030 16.228 37.834 9.122 8.351 0.173 10.855 
261222115017 1.062 16.238 37.837 9.125 8.351 0.193 10.859 
261222120517 1.023 16.247 37.832 9.131 8.352 0.135 10.828 
261222122017 1.046 16.252 37.992 9.141 8.352 0.117 10.848 
261222123517 1.039 16.261 37.851 9.150 8.351 0.172 10.855 
261222125017 1.032 16.265 37.848 9.159 8.352 0.182 10.859 
261222130517 1.034 16.299 37.849 9.153 8.351 0.091 10.817 
261222132017 1.023 16.289 37.849 9.163 8.351 0.150 10.843 
261222133517 1.035 16.317 37.854 9.168 8.350 0.143 10.854 
261222135017 1.037 16.326 37.859 9.173 8.350 0.182 10.858 
261222140517 1.022 16.354 37.851 9.175 8.349 0.128 10.829 
261222142017 1.062 16.370 37.847 9.177 8.348 0.133 10.849 
261222143517 1.028 16.394 37.858 9.165 8.347 0.172 10.857 
261222145017 1.035 16.441 37.863 9.160 8.347 0.143 10.860 
261222150517 1.015 16.478 37.859 9.158 8.347 0.210 10.829 
261222152017 1.027 16.477 37.851 9.162 8.346 0.143 10.849 
261222153517 1.033 16.480 37.861 9.164 8.345 0.208 10.857 
261222155017 1.015 16.460 37.832 9.174 8.346 0.231 10.860 
261222160517 1.026 16.455 37.841 9.187 8.346 0.241 10.815 
261222162017 1.043 16.460 37.845 9.189 8.347 0.238 10.844 
261222163517 1.041 16.452 37.842 9.191 8.346 0.301 10.855 
261222165017 1.028 16.441 37.831 9.194 8.347 0.410 10.860 
261222170517 1.021 16.422 37.832 9.201 8.348 0.425 10.826 
261222172017 1.029 16.421 37.832 9.207 8.348 0.408 10.849 
261222173517 1.011 16.413 37.834 9.210 8.347 0.524 10.857 
261222175017 1.024 16.404 37.795 9.207 8.348 0.439 10.860 
261222180517 1.017 16.385 37.831 9.209 8.348 0.421 10.830 
261222182017 1.029 16.347 37.833 9.213 8.349 0.452 10.849 
261222183517 1.018 16.347 37.842 9.213 8.349 0.547 10.857 
