SAMBAT Sea Ti  C/T/D/Odo/Fluo/pH GPS : 50195 
V:0,Pression (0/50),m
V:1,Température (-5/35),°C
V:2,Salinité (2/42),g/l
V:3,Oxygène (0/20),mgl
V:4,PH (0/14),pH
V:5,Fluorescence (0/50),µgl
V:6,Tension batterie,V
151022154313 0.916 21.783 38.441 8.291 8.320 0.438 10.773 
151022155812 0.817 21.789 38.445 8.291 8.323 1.219 10.848 
151022161312 0.783 21.791 38.441 8.288 8.323 0.648 10.886 
151022162812 0.933 21.792 38.442 8.289 8.321 1.234 10.899 
151022164312 0.839 21.797 38.446 8.285 8.313 0.220 10.904 
151022165812 0.841 21.794 38.447 8.292 8.323 1.708 10.862 
151022171312 0.926 21.799 38.447 8.294 8.317 0.565 10.893 
151022172812 0.864 21.803 38.442 8.290 8.314 4.359 10.902 
151022174312 0.902 21.794 38.440 8.299 8.324 0.644 10.902 
151022175812 0.896 21.782 38.449 8.299 8.319 0.235 10.850 
151022181312 0.992 21.784 38.453 8.301 8.325 1.406 10.889 
151022182812 0.876 21.799 38.445 8.302 8.324 0.214 10.897 
151022184312 0.876 21.796 38.434 8.299 8.326 0.128 10.905 
151022185812 0.836 21.791 38.443 8.301 8.325 0.359 10.866 
151022191312 0.873 21.779 38.442 8.300 8.326 0.560 10.894 
151022192812 0.933 21.763 38.440 8.310 8.327 0.236 10.899 
151022194312 0.849 21.752 38.442 8.313 8.327 0.247 10.905 
151022195812 0.894 21.742 38.443 8.311 8.328 0.192 10.866 
151022201312 0.875 21.726 38.441 8.305 8.326 0.213 10.894 
151022202812 0.871 21.725 38.440 8.305 8.330 0.234 10.899 
151022204312 0.909 21.713 38.446 8.306 8.328 0.186 10.905 
151022205812 0.891 21.715 38.442 8.300 8.328 0.188 10.847 
151022211312 0.951 21.702 38.434 8.290 8.329 0.234 10.888 
151022212812 0.931 21.676 38.446 8.282 8.329 0.289 10.901 
151022214312 0.911 21.676 38.441 8.276 8.328 0.288 10.905 
151022215812 0.901 21.682 38.442 8.280 8.327 0.198 10.843 
151022221312 0.913 21.674 38.444 8.278 8.330 0.233 10.887 
151022222812 0.940 21.665 38.442 8.271 8.331 0.235 10.900 
151022224312 0.897 21.656 38.444 8.274 8.329 0.267 10.901 
151022225812 0.959 21.649 38.443 8.277 8.322 0.207 10.864 
151022231312 0.967 21.652 38.437 8.278 8.327 0.207 10.893 
151022232812 0.886 21.642 38.441 8.280 8.329 0.207 10.902 
151022234312 0.889 21.636 38.437 8.278 8.327 0.228 10.906 
151022235812 0.943 21.614 38.440 8.274 8.320 0.221 10.865 
161022001312 0.915 21.616 38.440 8.266 8.332 0.206 10.894 
161022002812 0.892 21.610 38.438 8.272 8.332 0.232 10.903 
161022004312 0.927 21.600 38.437 8.278 8.332 10.386 10.903 
161022005812 0.917 21.599 38.437 8.276 8.325 0.226 10.844 
161022011312 0.975 21.593 38.437 8.272 8.327 0.225 10.887 
161022012812 0.937 21.581 38.433 8.272 8.332 0.236 10.900 
161022014312 0.932 21.583 38.432 8.270 8.331 0.187 10.900 
161022015812 0.939 21.563 38.435 8.269 8.326 0.199 10.865 
161022021312 0.975 21.566 38.438 8.263 8.329 0.241 10.893 
161022022812 0.917 21.545 38.434 8.260 8.330 0.220 10.902 
161022024312 0.920 21.567 38.426 8.245 8.333 0.179 10.905 
161022025812 0.942 21.566 38.432 8.239 8.330 0.172 10.864 
161022031312 0.938 21.552 38.434 8.242 8.334 0.228 10.893 
161022032812 0.937 21.556 38.417 8.243 8.328 0.241 10.902 
161022034312 0.911 21.558 38.420 8.240 8.332 0.224 10.905 
161022035812 0.933 21.558 38.415 8.240 8.327 0.198 10.863 
161022041312 0.945 21.558 38.418 8.235 8.317 0.220 10.888 
161022042812 0.940 21.548 38.418 8.233 8.333 0.208 10.901 
161022044312 0.929 21.545 38.415 8.232 8.324 0.220 10.905 
161022045812 0.945 21.551 38.413 8.228 8.325 0.213 10.846 
161022051312 0.925 21.548 38.416 8.219 8.325 0.195 10.883 
161022052812 0.944 21.550 38.413 8.214 8.330 0.227 10.899 
161022054312 0.932 21.548 38.415 8.208 8.325 0.240 10.903 
161022055812 0.955 21.555 38.432 8.191 8.324 0.227 10.864 
161022061312 0.940 21.547 38.413 8.184 8.333 0.269 10.891 
161022062812 0.926 21.552 38.423 8.174 8.315 0.204 10.901 
161022064312 0.936 21.555 38.424 8.165 8.328 0.244 10.901 
161022065812 0.928 21.553 38.421 8.154 8.325 0.217 10.865 
161022071312 0.956 21.545 38.423 8.154 8.323 0.370 10.889 
161022072812 0.958 21.546 38.422 8.149 8.332 1.028 10.900 
161022074312 0.931 21.545 38.425 8.148 8.332 0.417 10.901 
161022075812 0.932 21.542 38.416 8.138 8.330 0.306 10.846 
161022081312 0.940 21.547 38.414 8.137 8.328 0.492 10.887 
161022082812 0.949 21.545 38.415 8.137 8.333 0.221 10.899 
161022084312 0.945 21.547 38.426 8.147 8.332 0.393 10.900 
161022085812 0.945 21.546 38.420 8.153 8.327 0.635 10.863 
161022091312 0.953 21.552 38.432 8.153 8.332 0.398 10.890 
161022092812 0.954 21.551 38.420 8.148 8.330 0.281 10.901 
161022094312 0.936 21.555 38.419 8.132 8.332 0.230 10.903 
161022095812 0.940 21.561 38.425 8.138 8.332 0.183 10.865 
161022101312 0.955 21.561 38.423 8.074 8.329 0.615 10.889 
161022102812 0.960 21.563 38.428 8.057 8.327 0.165 10.901 
161022104312 0.943 21.566 38.423 8.040 8.326 0.452 10.905 
161022105812 0.956 21.568 38.425 8.037 8.330 0.119 10.846 
161022111312 0.960 21.584 38.427 8.050 8.331 0.371 10.885 
161022112812 0.968 21.605 38.421 8.057 8.329 0.366 10.895 
161022114312 0.962 21.619 38.423 8.069 8.329 0.145 10.903 
161022115812 0.941 21.645 38.438 8.068 8.328 0.146 10.865 
161022121312 0.960 21.682 38.427 8.073 8.327 0.083 10.893 
161022122812 0.931 21.662 38.422 8.100 8.327 0.166 10.902 
161022124312 0.955 21.662 38.426 8.137 8.328 0.073 10.902 
161022125812 0.980 21.664 38.421 8.153 8.324 0.083 10.862 
161022131312 0.939 21.706 38.430 8.166 8.319 0.079 10.892 
161022132812 0.940 21.743 38.416 8.173 8.313 0.137 10.902 
161022134312 0.971 21.766 38.426 8.180 8.314 0.081 10.906 
161022135812 0.855 21.784 38.418 8.205 8.321 0.111 10.848 
161022141312 0.985 21.781 38.421 8.244 8.322 0.107 10.884 
161022142812 0.954 21.782 38.423 8.247 8.320 0.069 10.900 
161022144312 0.954 21.798 38.421 8.240 8.312 0.157 10.905 
161022145812 0.925 21.806 38.424 8.244 8.317 0.058 10.866 
161022151312 0.951 21.806 38.420 8.243 8.322 0.083 10.894 
161022152812 0.980 21.834 38.418 8.240 8.318 0.106 10.903 
161022154312 0.942 21.828 38.426 8.241 8.314 0.151 10.907 
