SAMBAT Sea Ti  C/T/D/Odo/Fluo/pH GPS : 50195 
V:0,Pression (0/50),m
V:1,Température (-5/35),°C
V:2,Salinité (2/42),g/l
V:3,Oxygène (0/20),mgl
V:4,PH (0/14),pH
V:5,Fluorescence (0/50),µgl
V:6,Tension batterie,V
210922144554 0.869 24.750 38.559 7.641 8.294 0.053 10.786 
210922150053 0.872 24.752 38.554 7.637 8.291 0.046 10.880 
210922151553 0.875 24.738 38.560 7.634 8.296 0.075 10.915 
210922153053 0.855 24.751 38.559 7.633 8.294 0.082 10.925 
210922154553 0.859 24.722 38.550 7.635 8.296 0.099 10.930 
210922160053 0.852 24.741 38.557 7.624 8.296 0.149 10.906 
210922161553 0.867 24.706 38.566 7.630 8.297 0.118 10.924 
210922163053 0.861 24.689 38.557 7.634 8.296 0.161 10.930 
210922164553 0.873 24.716 38.560 7.627 8.296 0.165 10.932 
210922170053 0.859 24.712 38.556 7.626 8.296 0.145 10.906 
210922171553 0.857 24.693 38.548 7.622 8.296 0.176 10.925 
210922173053 0.870 24.698 38.548 7.614 8.298 0.203 10.931 
210922174553 0.863 24.686 38.560 7.608 8.297 0.147 10.932 
210922180053 0.865 24.692 38.554 7.599 8.297 0.197 10.905 
210922181553 0.873 24.670 38.562 7.603 8.299 0.185 10.925 
210922183053 0.885 24.677 38.562 7.595 8.301 0.201 10.930 
210922184553 0.875 24.667 38.559 7.595 8.302 0.240 10.932 
210922190053 0.882 24.659 38.560 7.593 8.302 0.206 10.896 
210922191553 0.900 24.628 38.563 7.595 8.303 0.190 10.922 
210922193053 0.885 24.597 38.558 7.591 8.303 0.230 10.929 
210922194553 0.868 24.624 38.556 7.580 8.302 0.224 10.931 
210922200053 0.909 24.624 38.562 7.578 8.302 0.253 10.905 
210922201553 0.846 24.593 38.562 7.568 8.305 0.202 10.925 
210922203053 0.873 24.583 38.558 7.560 8.303 0.245 10.930 
210922204553 0.903 24.621 38.561 7.542 8.297 0.206 10.932 
210922210053 0.881 24.606 38.561 7.535 8.300 0.232 10.904 
210922211553 0.894 24.594 38.562 7.537 8.298 0.209 10.924 
210922213053 0.883 24.603 38.562 7.533 8.298 0.229 10.929 
210922214553 0.875 24.577 38.568 7.539 8.306 0.166 10.932 
210922220053 0.879 24.585 38.561 7.542 8.298 0.204 10.895 
210922221553 0.851 24.574 38.565 7.554 8.307 0.265 10.921 
210922223053 0.901 24.551 38.566 7.565 8.307 0.206 10.928 
210922224553 0.888 24.541 38.564 7.582 8.308 0.197 10.931 
210922230053 0.889 24.518 38.567 7.602 8.304 0.190 10.905 
210922231553 0.881 24.520 38.564 7.614 8.309 0.204 10.924 
210922233053 0.916 24.510 38.570 7.624 8.310 0.115 10.929 
210922234553 0.868 24.520 38.564 7.627 8.309 0.211 10.931 
220922000053 0.888 24.487 38.578 7.636 8.308 0.178 10.894 
220922001553 0.924 24.480 38.566 7.638 8.309 0.192 10.921 
220922003053 0.892 24.450 38.571 7.649 8.311 0.202 10.928 
220922004553 0.852 24.416 38.582 7.647 8.312 0.243 10.930 
220922010053 0.914 24.400 38.569 7.640 8.313 0.272 10.905 
220922011553 0.853 24.391 38.574 7.633 8.310 0.212 10.923 
220922013053 0.927 24.347 38.571 7.628 8.310 0.222 10.929 
220922014553 0.919 24.346 38.569 7.624 8.313 0.226 10.931 
220922020053 0.880 24.326 38.575 7.622 8.311 0.187 10.904 
220922021553 0.821 24.316 38.572 7.616 8.315 0.203 10.923 
220922023053 0.854 24.306 38.570 7.611 8.315 0.204 10.928 
220922024553 0.893 24.302 38.546 7.607 8.314 0.255 10.930 
220922030053 0.884 24.313 38.555 7.605 8.318 0.253 10.893 
220922031553 0.897 24.303 38.572 7.610 8.318 0.204 10.919 
220922033053 0.902 24.329 38.552 7.615 8.318 0.238 10.927 
220922034553 0.933 24.313 38.561 7.618 8.318 0.193 10.930 
220922040053 0.879 24.318 38.559 7.618 8.318 0.221 10.903 
220922041553 0.891 24.333 38.552 7.617 8.318 0.206 10.923 
220922043053 0.889 24.316 38.561 7.616 8.317 0.207 10.928 
220922044553 0.892 24.305 38.553 7.612 8.317 0.208 10.930 
220922050053 0.887 24.277 38.557 7.610 8.318 0.214 10.893 
220922051553 0.872 24.279 38.558 7.607 8.317 0.256 10.919 
220922053053 0.883 24.264 38.558 7.597 8.318 0.217 10.927 
220922054553 0.879 24.248 38.556 7.589 8.315 0.239 10.929 
220922060053 0.882 24.223 38.573 7.579 8.318 0.227 10.903 
220922061553 0.900 24.195 38.566 7.572 8.304 0.323 10.922 
220922063053 0.893 24.279 38.552 7.572 8.317 0.199 10.927 
220922064553 0.912 24.247 38.571 7.574 8.318 0.207 10.930 
220922070053 0.842 24.244 38.566 7.578 8.315 0.208 10.903 
220922071553 0.881 24.258 38.556 7.578 8.317 0.240 10.922 
220922073053 0.889 24.240 38.563 7.588 8.316 0.167 10.927 
220922074553 0.929 24.229 38.560 7.595 8.318 0.239 10.929 
220922080053 0.889 24.226 38.567 7.605 8.314 0.152 10.900 
220922081553 0.894 24.240 38.561 7.611 8.313 0.182 10.921 
220922083053 0.910 24.219 38.562 7.615 8.310 0.183 10.927 
220922084553 0.929 24.222 38.563 7.617 8.313 0.167 10.929 
220922090053 0.840 24.223 38.560 7.610 8.309 0.139 10.892 
220922091553 0.892 24.226 38.562 7.606 8.311 0.119 10.919 
220922093053 0.900 24.216 38.563 7.596 8.310 0.121 10.926 
220922094553 0.913 24.210 38.571 7.596 8.311 0.145 10.929 
220922100053 0.941 24.196 38.569 7.586 8.313 0.115 10.905 
220922101553 0.885 24.193 38.567 7.584 8.303 0.116 10.923 
220922103053 0.902 24.165 38.571 7.575 8.309 0.106 10.927 
220922104553 0.902 24.163 38.579 7.570 8.311 0.099 10.929 
220922110053 0.901 24.188 38.578 7.565 8.308 0.099 10.901 
220922111553 0.893 24.227 38.572 7.560 8.308 0.105 10.921 
220922113053 0.921 24.236 38.570 7.558 8.304 0.096 10.927 
220922114553 0.897 24.234 38.577 7.559 8.296 0.055 10.929 
220922120053 0.905 24.230 38.581 7.561 8.307 0.104 10.892 
220922121553 0.887 24.216 38.576 7.559 8.298 0.117 10.918 
220922123053 0.884 24.222 38.587 7.559 8.306 0.062 10.926 
220922124553 0.913 24.226 38.587 7.557 8.306 0.061 10.929 
220922130053 0.915 24.217 38.591 7.567 8.301 0.102 10.903 
220922131553 0.900 24.222 38.586 7.573 8.306 0.086 10.922 
220922133053 0.922 24.239 38.587 7.579 8.300 0.061 10.927 
220922134553 0.882 24.265 38.584 7.591 8.304 0.046 10.929 
220922140053 0.892 24.265 38.594 7.606 8.304 0.075 10.900 
220922141553 0.871 24.292 38.590 7.617 8.305 0.034 10.921 
220922143053 0.872 24.312 38.589 7.626 8.301 0.080 10.927 
220922144553 0.929 24.316 38.597 7.637 8.298 0.059 10.929 
