SAMBAT Sea Ti  C/T/D/Odo/Fluo/pH GPS : 50195 
V:0,Pression (0/50),m
V:1,Température (-5/35),°C
V:2,Salinité (2/42),g/l
V:3,Oxygène (0/20),mgl
V:4,PH (0/14),pH
V:5,Fluorescence (0/50),µgl
V:6,Tension batterie,V
250922145556 0.827 23.304 38.557 7.863 8.319 0.141 10.688 
250922151055 0.782 23.257 38.557 7.886 8.319 0.141 10.874 
250922152555 0.835 23.278 38.563 7.885 8.319 0.152 10.901 
250922154055 0.824 23.266 38.567 7.898 8.315 0.124 10.912 
250922155555 0.842 23.245 38.556 7.913 8.318 0.126 10.871 
250922161055 0.820 23.284 38.566 7.907 8.318 0.171 10.905 
250922162555 0.793 23.283 38.559 7.910 8.318 0.178 10.915 
250922164055 0.858 23.313 38.555 7.904 8.317 0.151 10.918 
250922165555 0.765 23.271 38.557 7.911 8.317 0.150 10.853 
250922171055 0.838 23.249 38.545 7.920 8.318 0.256 10.901 
250922172555 0.829 23.278 38.552 7.909 8.318 0.195 10.913 
250922174055 0.850 23.295 38.540 7.898 8.318 0.137 10.918 
250922175555 0.844 23.296 38.554 7.895 8.319 0.218 10.875 
250922181055 0.782 23.280 38.552 7.891 8.319 0.193 10.907 
250922182555 0.848 23.220 38.517 7.897 8.320 0.162 10.916 
250922184055 0.806 23.257 38.547 7.889 8.320 0.171 10.919 
250922185555 0.839 23.266 38.542 7.886 8.321 0.189 10.873 
250922191055 0.785 23.257 38.537 7.886 8.322 0.192 10.906 
250922192555 0.852 23.267 38.544 7.881 8.322 0.163 10.916 
250922194055 0.821 23.245 38.543 7.883 8.322 0.213 10.919 
250922195555 0.826 23.208 38.523 7.880 8.322 0.243 10.873 
250922201055 0.871 23.178 38.502 7.887 8.324 0.223 10.906 
250922202555 0.818 23.178 38.515 7.884 8.324 0.217 10.915 
250922204055 0.833 23.188 38.515 7.886 8.323 0.165 10.918 
250922205555 0.829 23.169 38.495 7.891 8.325 0.165 10.852 
250922211055 0.822 23.170 38.502 7.879 8.325 0.176 10.901 
250922212555 0.816 23.105 38.453 7.892 8.326 0.205 10.913 
250922214055 0.824 23.216 38.490 7.862 8.325 0.179 10.917 
250922215555 0.817 23.228 38.503 7.856 8.324 0.181 10.873 
250922221055 0.823 23.282 38.518 7.839 8.323 0.146 10.906 
250922222555 0.824 23.225 38.513 7.850 8.325 0.149 10.915 
250922224055 0.793 23.225 38.515 7.849 8.325 0.342 10.918 
250922225555 0.845 23.196 38.508 7.847 8.326 0.176 10.872 
250922231055 0.856 23.241 38.527 7.834 8.326 0.198 10.906 
250922232555 0.856 23.249 38.543 7.834 8.326 0.161 10.915 
250922234055 0.825 23.240 38.529 7.842 8.327 0.173 10.918 
250922235555 0.828 23.208 38.509 7.858 8.326 0.152 10.852 
260922001055 0.784 23.208 38.501 7.867 8.327 0.142 10.901 
260922002555 0.810 23.182 38.487 7.876 8.326 0.169 10.913 
260922004055 0.823 23.172 38.509 7.882 8.327 0.132 10.917 
260922005555 0.844 23.209 38.523 7.885 8.326 0.186 10.873 
260922011055 0.795 23.194 38.512 7.892 8.326 0.137 10.906 
260922012555 0.867 23.152 38.493 7.917 8.327 0.132 10.915 
260922014055 0.803 23.090 38.472 7.930 8.328 0.179 10.918 
260922015555 0.821 23.076 38.475 7.931 8.328 0.126 10.874 
260922021055 0.804 23.142 38.499 7.923 8.326 0.176 10.906 
260922022555 0.882 23.081 38.497 7.936 8.327 0.171 10.915 
260922024055 0.804 23.046 38.498 7.952 8.325 0.862 10.918 
260922025555 0.711 23.025 38.498 7.966 8.325 0.173 10.851 
260922031055 0.771 23.020 38.510 7.973 8.327 0.239 10.899 
260922032555 0.855 23.033 38.506 7.973 8.327 0.170 10.912 
260922034055 0.807 23.057 38.497 7.979 8.326 0.199 10.916 
260922035555 0.795 23.054 38.487 7.990 8.326 0.202 10.872 
260922041055 0.750 23.042 38.491 8.004 8.326 0.162 10.905 
260922042555 0.784 23.094 38.496 8.005 8.326 0.181 10.914 
260922044055 0.791 23.117 38.495 8.006 8.325 0.264 10.917 
260922045555 0.813 23.129 38.491 8.004 8.325 19.544 10.850 
260922051055 0.795 23.129 38.492 8.005 8.326 0.180 10.899 
260922052555 0.829 23.121 38.496 8.002 8.324 21.195 10.912 
260922054055 0.834 23.109 38.498 8.007 8.326 0.174 10.916 
260922055555 0.821 23.074 38.501 8.011 8.326 10.057 10.872 
260922061055 0.795 23.062 38.492 8.011 8.326 0.331 10.905 
260922062555 0.815 23.065 38.500 8.005 8.327 1.351 10.914 
260922064055 0.795 23.050 38.494 8.003 8.327 0.385 10.917 
260922065555 0.788 23.032 38.499 8.001 8.326 0.233 10.872 
260922071055 0.780 23.037 38.505 8.000 8.327 0.190 10.905 
260922072555 0.780 23.030 38.494 8.004 8.327 0.326 10.914 
260922074055 0.793 23.025 38.498 8.010 8.327 0.241 10.917 
260922075555 0.768 23.013 38.505 8.009 8.327 0.205 10.851 
260922081055 0.843 23.010 38.500 8.008 8.325 0.162 10.899 
260922082555 0.758 22.990 38.504 8.009 8.326 0.170 10.912 
260922084055 0.665 22.985 38.502 8.009 8.326 0.171 10.916 
260922085555 0.737 22.960 38.507 8.011 8.325 0.186 10.872 
260922091055 0.801 22.967 38.503 8.014 8.326 0.143 10.904 
260922092555 0.785 22.963 38.503 8.016 8.325 0.131 10.914 
260922094055 0.851 22.968 38.509 8.018 8.324 0.097 10.917 
260922095555 0.837 22.973 38.514 8.011 8.324 0.109 10.872 
260922101055 0.805 23.013 38.508 8.005 8.323 0.062 10.904 
260922102555 0.769 23.053 38.515 8.001 8.323 0.073 10.914 
260922104055 0.745 23.081 38.508 7.995 8.322 0.081 10.917 
260922105555 0.753 23.104 38.510 7.998 8.321 0.042 10.850 
260922111055 0.844 23.115 38.509 7.997 8.321 0.115 10.899 
260922112555 0.769 23.134 38.505 7.996 8.320 0.082 10.912 
260922114055 0.793 23.235 38.504 7.979 8.320 0.085 10.916 
260922115555 0.811 23.248 38.507 7.976 8.320 0.083 10.871 
260922121055 0.745 23.311 38.491 7.956 8.319 0.081 10.905 
260922122555 0.803 23.329 38.456 7.950 8.319 0.064 10.914 
260922124055 0.870 23.346 38.449 7.939 8.320 0.086 10.918 
260922125555 0.738 23.350 38.441 7.930 8.320 0.099 10.871 
260922131055 0.771 23.323 38.413 7.932 8.319 0.066 10.906 
260922132555 0.843 23.350 38.414 7.925 8.318 0.058 10.915 
260922134055 0.763 23.358 38.437 7.933 8.316 0.071 10.918 
260922135555 0.738 23.349 38.466 7.945 8.314 0.088 10.852 
260922141055 0.828 23.364 38.481 7.945 8.312 0.038 10.901 
260922142555 0.779 23.318 38.482 7.959 8.312 0.086 10.914 
260922144055 0.756 23.303 38.482 7.973 8.312 0.070 10.918 
260922145555 0.797 23.307 38.483 7.986 8.310 0.063 10.870 
