SAMBAT Sea Ti  C/T/D/Odo/Fluo/pH GPS : 50195 
V:0,Pression (0/50),m
V:1,Température (-5/35),°C
V:2,Salinité (2/42),g/l
V:3,Oxygène (0/20),mgl
V:4,PH (0/14),pH
V:5,Fluorescence (0/50),µgl
V:6,Tension batterie,V
071122163813 0.926 21.490 37.756 8.281 8.326 0.213 10.773 
071122165312 0.914 21.474 37.748 8.277 8.325 0.235 10.842 
071122170812 0.901 21.455 37.745 8.287 8.325 0.218 10.875 
071122172312 0.926 21.429 37.743 8.302 8.327 0.227 10.896 
071122173812 0.925 21.415 37.734 8.314 8.329 0.251 10.903 
071122175312 0.929 21.418 37.743 8.319 8.328 0.212 10.864 
071122180812 0.893 21.428 37.732 8.323 8.328 0.258 10.886 
071122182312 0.841 21.426 37.736 8.329 8.328 0.310 10.900 
071122183812 0.933 21.423 37.765 8.349 8.328 0.255 10.901 
071122185312 0.912 21.411 37.744 8.354 8.328 0.215 10.864 
071122190812 0.895 21.388 37.748 8.356 8.328 0.244 10.886 
071122192312 0.909 21.385 37.737 8.357 8.328 0.269 10.900 
071122193812 0.986 21.375 37.761 8.354 8.327 0.265 10.905 
071122195312 0.966 21.374 37.745 8.351 8.328 0.231 10.865 
071122200812 0.939 21.373 37.759 8.348 8.329 0.211 10.887 
071122202312 1.041 21.362 37.758 8.351 8.328 0.272 10.900 
071122203812 0.914 21.351 37.760 8.348 8.328 0.249 10.901 
071122205312 0.869 21.344 37.731 8.343 8.329 0.285 10.864 
071122210812 0.944 21.347 37.727 8.342 8.329 0.279 10.885 
071122212312 1.004 21.351 37.712 8.337 8.330 0.245 10.900 
071122213812 0.888 21.357 37.703 8.331 8.330 0.281 10.905 
071122215312 0.960 21.341 37.733 8.337 8.330 0.276 10.865 
071122220812 0.967 21.353 37.725 8.329 8.331 0.298 10.882 
071122222312 0.934 21.353 37.721 8.325 8.330 0.259 10.899 
071122223812 0.929 21.346 37.736 8.325 8.330 0.287 10.905 
071122225312 0.985 21.346 37.734 8.316 8.331 0.367 10.864 
071122230812 0.903 21.344 37.728 8.307 8.332 0.275 10.886 
071122232312 0.931 21.327 37.727 8.307 8.332 0.313 10.900 
071122233812 0.952 21.332 37.733 8.293 8.331 0.284 10.901 
071122235312 0.927 21.319 37.711 8.292 8.332 0.270 10.864 
081122000812 0.941 21.336 37.721 8.287 8.332 0.359 10.881 
081122002312 0.933 21.310 37.728 8.285 8.331 0.283 10.894 
081122003812 0.926 21.330 37.723 8.279 8.332 0.254 10.903 
081122005312 0.900 21.322 37.713 8.276 8.334 0.385 10.864 
081122010812 0.969 21.329 37.731 8.273 8.333 0.310 10.886 
081122012312 0.977 21.325 37.732 8.261 8.334 0.326 10.896 
081122013812 0.924 21.322 37.745 8.264 8.333 0.348 10.902 
081122015312 0.936 21.309 37.731 8.258 8.332 0.358 10.864 
081122020812 0.954 21.308 37.735 8.251 8.333 0.380 10.886 
081122022312 0.916 21.298 37.728 8.238 8.333 0.324 10.896 
081122023812 0.954 21.287 37.746 8.229 8.331 0.307 10.904 
081122025312 0.967 21.305 37.741 8.222 8.332 0.308 10.864 
081122030812 0.957 21.302 37.749 8.215 8.331 0.259 10.886 
081122032312 0.963 21.300 37.738 8.213 8.333 0.251 10.900 
081122033812 0.955 21.296 37.732 8.209 8.334 0.293 10.905 
081122035312 0.942 21.309 37.750 8.203 8.332 0.273 10.864 
081122040812 0.916 21.294 37.758 8.204 8.332 0.411 10.886 
081122042312 0.924 21.298 37.746 8.223 8.335 0.279 10.896 
081122043812 0.930 21.303 37.733 8.231 8.332 0.306 10.901 
081122045312 0.929 21.305 37.752 8.228 8.333 0.351 10.863 
081122050812 0.950 21.294 37.755 8.229 8.334 0.357 10.886 
081122052312 0.933 21.277 37.750 8.238 8.334 0.273 10.896 
081122053812 0.929 21.294 37.746 8.222 8.335 0.290 10.899 
081122055312 0.918 21.286 37.742 8.222 8.336 0.318 10.863 
081122060812 0.933 21.272 37.747 8.221 8.336 0.274 10.885 
081122062312 0.946 21.259 37.744 8.218 8.334 0.387 10.899 
081122063812 0.923 21.276 37.740 8.207 8.335 0.322 10.905 
081122065312 0.914 21.276 37.742 8.199 8.330 0.320 10.864 
081122070812 0.928 21.274 37.736 8.195 8.335 0.281 10.886 
081122072312 0.912 21.268 37.736 8.192 8.333 0.341 10.900 
081122073812 0.924 21.277 37.731 8.190 8.335 0.276 10.905 
081122075312 0.920 21.269 37.748 8.197 8.334 0.406 10.865 
081122080812 0.929 21.261 37.715 8.197 8.335 0.332 10.885 
081122082312 0.934 21.253 37.738 8.204 8.334 0.311 10.895 
081122083812 0.922 21.260 37.746 8.204 8.330 0.286 10.903 
081122085312 0.951 21.261 37.746 8.206 8.333 0.367 10.864 
081122090812 0.932 21.264 37.769 8.198 8.333 0.348 10.886 
081122092312 0.941 21.268 37.770 8.188 8.330 0.235 10.900 
081122093812 0.907 21.257 37.744 8.194 8.333 0.217 10.905 
081122095312 0.960 21.265 37.730 8.192 8.334 0.200 10.864 
081122100812 0.948 21.264 37.728 8.197 8.332 0.153 10.881 
081122102312 0.955 21.264 37.737 8.190 8.330 0.219 10.899 
081122103812 0.961 21.268 37.738 8.190 8.330 0.143 10.904 
081122105312 0.946 21.260 38.075 8.191 8.328 0.138 10.864 
081122110812 0.922 21.265 38.100 8.193 8.327 0.164 10.886 
081122112312 0.931 21.271 37.770 8.190 8.322 0.095 10.899 
081122113812 0.955 21.282 37.768 8.177 8.325 0.138 10.901 
081122115312 0.950 21.291 37.753 8.165 8.319 0.124 10.863 
081122120812 0.949 21.307 37.749 8.149 8.325 0.091 10.875 
081122122312 0.945 21.322 37.771 8.140 8.323 0.126 10.896 
081122123812 0.944 21.333 37.800 8.134 8.318 0.099 10.903 
081122125312 0.929 21.359 37.804 8.117 8.322 0.099 10.864 
081122130812 0.921 21.370 37.789 8.105 8.319 0.092 10.881 
081122132312 0.929 21.382 37.797 8.085 8.318 0.085 10.897 
081122133812 0.934 21.395 38.075 8.081 8.319 0.082 10.904 
081122135312 0.930 21.430 38.109 8.079 8.313 0.050 10.865 
081122140812 0.934 21.441 37.789 8.076 8.318 0.198 10.887 
081122142312 0.943 21.433 38.119 8.073 8.313 0.103 10.901 
081122143812 0.933 21.445 37.768 8.091 8.319 0.116 10.905 
081122145312 0.930 21.452 37.766 8.105 8.319 0.132 10.865 
081122150812 0.922 21.446 37.770 8.125 8.319 0.105 10.882 
081122152312 0.924 21.441 37.773 8.135 8.317 0.225 10.899 
081122153812 0.900 21.444 37.769 8.147 8.317 0.163 10.905 
081122155312 0.919 21.436 38.091 8.159 8.316 0.152 10.865 
081122160812 0.938 21.435 37.776 8.167 8.318 0.740 10.887 
081122162312 0.935 21.425 37.779 8.178 8.317 0.119 10.901 
081122163812 0.909 21.422 37.786 8.191 8.319 0.211 10.905 
