SAMBAT Sea Ti  C/T/D/Odo/Fluo/pH GPS : 50195 
V:0,Pression (0/50),m
V:1,Température (-5/35),°C
V:2,Salinité (2/42),g/l
V:3,Oxygène (0/20),mgl
V:4,PH (0/14),pH
V:5,Fluorescence (0/50),µgl
V:6,Tension batterie,V
080922141403 0.805 27.656 38.458 7.473 8.275 0.071 10.823 
080922142902 0.870 27.721 38.456 7.470 8.274 0.076 10.930 
080922144402 0.795 27.806 38.486 7.467 8.273 0.099 10.948 
080922145902 0.758 27.744 38.459 7.464 8.274 0.142 10.928 
080922151402 0.848 27.719 38.455 7.463 8.274 0.129 10.949 
080922152902 0.827 27.636 38.456 7.459 8.275 0.126 10.953 
080922154402 0.831 27.649 38.449 7.456 8.274 0.149 10.955 
080922155902 0.800 27.619 38.442 7.457 8.275 0.177 10.916 
080922161402 0.800 27.598 38.441 7.459 8.274 0.140 10.947 
080922162902 0.803 27.543 38.442 7.465 8.275 0.159 10.953 
080922164402 0.766 27.488 38.447 7.474 8.275 0.209 10.955 
080922165902 0.767 27.444 38.457 7.485 8.275 0.179 10.928 
080922171402 0.672 27.411 38.456 7.492 8.275 0.171 10.949 
080922172902 0.847 27.396 38.458 7.497 8.275 0.166 10.953 
080922174402 0.774 27.342 38.464 7.513 8.275 0.148 10.954 
080922175902 0.868 27.342 38.463 7.519 8.276 0.169 10.928 
080922181402 0.809 27.321 38.469 7.522 8.276 0.188 10.949 
080922182902 0.689 27.311 38.471 7.524 8.276 0.177 10.953 
080922184402 0.795 27.313 38.475 7.523 8.276 0.160 10.954 
080922185902 0.906 27.309 38.479 7.524 8.277 0.198 10.915 
080922191402 0.830 27.309 38.476 7.525 8.278 0.178 10.946 
080922192902 0.866 27.309 38.477 7.526 8.278 0.156 10.952 
080922194402 0.826 27.308 38.482 7.526 8.279 0.170 10.954 
080922195902 0.794 27.285 38.484 7.528 8.280 0.186 10.929 
080922201402 0.798 27.290 38.485 7.521 8.281 0.198 10.948 
080922202902 0.806 27.288 38.487 7.523 8.281 0.176 10.953 
080922204402 0.871 27.283 38.490 7.525 8.282 0.223 10.954 
080922205902 0.855 27.287 38.490 7.525 8.283 0.235 10.928 
080922211402 0.728 27.298 38.494 7.526 8.284 0.167 10.948 
080922212902 0.798 27.296 38.495 7.523 8.284 0.227 10.952 
080922214402 0.817 27.293 38.491 7.519 8.284 0.200 10.954 
080922215902 0.812 27.291 38.486 7.515 8.285 0.174 10.914 
080922221402 0.794 27.290 38.557 7.516 8.286 0.156 10.946 
080922222902 0.763 27.313 38.543 7.513 8.286 0.165 10.952 
080922224402 0.745 27.283 38.545 7.515 8.286 0.190 10.953 
080922225902 0.781 27.278 38.547 7.514 8.287 0.147 10.929 
080922231402 0.858 27.277 38.550 7.512 8.287 0.208 10.949 
080922232902 0.863 27.275 38.545 7.513 8.288 0.155 10.953 
080922234402 0.793 27.233 38.552 7.512 8.288 0.157 10.954 
080922235902 0.830 27.254 38.538 7.511 8.289 0.174 10.928 
090922001402 0.904 27.226 38.547 7.514 8.289 0.190 10.948 
090922002902 0.810 27.249 38.543 7.514 8.289 0.140 10.952 
090922004402 0.749 27.223 38.536 7.516 8.290 0.168 10.953 
090922005902 0.703 27.238 38.558 7.513 8.290 0.183 10.915 
090922011402 0.804 27.212 38.552 7.518 8.290 0.112 10.945 
090922012902 0.897 27.229 38.477 7.517 8.290 0.155 10.952 
090922014402 0.752 27.213 38.487 7.520 8.291 0.139 10.953 
090922015902 0.821 27.202 38.486 7.521 8.291 0.190 10.928 
090922021402 0.887 27.210 38.485 7.524 8.291 0.202 10.948 
090922022902 0.863 27.190 38.490 7.528 8.291 0.137 10.952 
090922024402 0.751 27.190 38.495 7.528 8.291 0.172 10.953 
090922025902 0.813 27.181 38.494 7.529 8.291 0.176 10.926 
090922031402 0.697 27.174 38.488 7.531 8.292 0.198 10.948 
090922032902 0.876 27.186 38.487 7.532 8.292 0.160 10.952 
090922034402 0.813 27.160 38.494 7.538 8.292 0.185 10.953 
090922035902 0.813 27.151 38.485 7.541 8.292 0.197 10.927 
090922041402 0.876 27.155 38.487 7.540 8.292 0.143 10.948 
090922042902 0.857 27.161 38.484 7.538 8.292 0.195 10.952 
090922044402 0.798 27.134 38.488 7.538 8.291 0.165 10.953 
090922045902 0.833 27.153 38.482 7.533 8.291 0.168 10.914 
090922051402 0.918 27.129 38.487 7.532 8.291 0.146 10.945 
090922052902 0.822 27.137 38.479 7.528 8.290 0.200 10.951 
090922054402 0.846 27.112 38.479 7.526 8.289 0.169 10.953 
090922055902 0.758 27.140 38.478 7.517 8.289 0.122 10.928 
090922061402 0.780 27.130 38.478 7.508 8.289 0.159 10.948 
090922062902 0.851 27.121 38.480 7.501 8.287 0.181 10.952 
090922064402 0.742 27.100 38.485 7.501 8.290 0.168 10.953 
090922065902 0.835 27.119 38.475 7.492 8.287 0.189 10.914 
090922071402 0.835 27.098 38.473 7.491 8.289 0.180 10.944 
090922072902 0.728 27.098 38.470 7.487 8.289 0.195 10.951 
090922074402 0.720 27.109 38.464 7.486 8.288 0.162 10.953 
090922075902 0.819 27.088 38.472 7.485 8.289 0.147 10.927 
090922081402 0.868 27.088 38.472 7.486 8.288 0.185 10.947 
090922082902 0.735 27.069 38.468 7.488 8.291 0.160 10.952 
090922084402 0.898 27.053 38.460 7.496 8.289 0.117 10.953 
090922085902 0.912 27.051 38.467 7.499 8.288 0.136 10.927 
090922091402 0.781 27.051 38.467 7.500 8.288 0.120 10.947 
090922092902 0.835 27.054 38.464 7.504 8.287 0.089 10.952 
090922094402 0.776 27.041 38.463 7.510 8.286 0.096 10.953 
090922095902 0.916 27.043 38.458 7.530 8.286 0.123 10.909 
090922101402 0.847 27.036 38.455 7.536 8.284 0.089 10.944 
090922102902 0.798 27.012 38.450 7.546 8.283 0.115 10.951 
090922104402 0.893 27.011 38.451 7.546 8.282 0.100 10.952 
090922105902 0.888 27.011 38.455 7.564 8.281 0.094 10.923 
090922111402 0.735 27.020 38.450 7.566 8.279 0.074 10.946 
090922112902 0.655 26.995 38.452 7.566 8.279 0.089 10.951 
090922114402 0.910 26.990 38.450 7.564 8.277 0.062 10.952 
090922115902 0.744 26.972 38.447 7.560 8.277 0.088 10.913 
090922121402 0.838 26.970 38.452 7.556 8.277 0.063 10.944 
090922122902 0.835 26.966 38.451 7.558 8.275 0.073 10.951 
090922124402 0.767 26.962 38.447 7.560 8.275 0.071 10.952 
090922125902 0.802 26.953 38.456 7.561 8.274 0.101 10.927 
090922131402 0.705 26.961 38.451 7.555 8.274 0.066 10.947 
090922132902 0.876 26.948 38.446 7.552 8.273 0.137 10.951 
090922134402 0.807 26.974 38.455 7.544 8.272 0.111 10.952 
090922135902 0.905 26.946 38.450 7.562 8.272 0.092 10.924 
090922141402 0.868 26.946 38.457 7.566 8.272 0.058 10.946 
