SAMBAT Sea Ti  C/T/D/Odo/Fluo/pH GPS : 50195 
V:0,Pression (0/50),m
V:1,Température (-5/35),°C
V:2,Salinité (2/42),g/l
V:3,Oxygène (0/20),mgl
V:4,PH (0/14),pH
V:5,Fluorescence (0/50),µgl
V:6,Tension batterie,V
050922140653 0.853 27.515 38.476 7.508 8.273 0.117 10.820 
050922142152 0.883 27.515 38.449 7.510 8.273 0.039 10.928 
050922143652 0.876 27.571 38.453 7.493 8.272 0.098 10.946 
050922145152 0.881 27.584 38.461 7.489 8.272 0.110 10.917 
050922150652 0.870 27.593 38.480 7.487 8.272 0.118 10.942 
050922152152 0.882 27.396 38.438 7.521 8.273 0.082 10.950 
050922153652 0.859 27.477 38.462 7.505 8.274 0.082 10.953 
050922155152 0.875 27.598 38.468 7.483 8.272 0.073 10.919 
050922160652 0.875 27.584 38.431 7.487 8.272 0.095 10.943 
050922162152 0.882 27.578 38.438 7.481 8.273 0.130 10.952 
050922163652 0.884 27.591 38.444 7.477 8.273 0.127 10.954 
050922165152 0.875 27.616 38.443 7.472 8.274 0.155 10.923 
050922170652 0.882 27.604 38.450 7.470 8.274 0.135 10.943 
050922172152 0.880 27.642 38.438 7.464 8.273 0.143 10.952 
050922173652 0.881 27.701 38.457 7.461 8.272 0.178 10.954 
050922175152 0.871 27.739 38.458 7.459 8.272 0.171 10.920 
050922180652 0.866 27.737 38.446 7.457 8.272 0.157 10.944 
050922182152 0.853 27.696 38.450 7.459 8.273 0.158 10.953 
050922183652 0.868 27.646 38.445 7.460 8.275 0.161 10.954 
050922185152 0.872 27.636 38.447 7.465 8.275 0.165 10.924 
050922190652 0.845 27.618 38.453 7.466 8.276 0.183 10.945 
050922192152 0.900 27.608 38.449 7.469 8.276 0.189 10.953 
050922193652 0.846 27.555 38.453 7.471 8.276 0.180 10.954 
050922195152 0.866 27.520 38.452 7.488 8.277 0.200 10.920 
050922200652 0.840 27.487 38.477 7.500 8.278 0.194 10.944 
050922202152 0.875 27.441 38.484 7.508 8.278 0.159 10.952 
050922203652 0.879 27.375 38.474 7.519 8.280 0.193 10.954 
050922205152 0.891 27.313 38.478 7.541 8.281 0.153 10.920 
050922210652 0.868 27.264 38.471 7.553 8.282 0.157 10.943 
050922212152 0.864 27.182 38.467 7.573 8.282 0.205 10.951 
050922213652 0.849 27.129 38.476 7.577 8.284 0.189 10.953 
050922215152 0.858 27.109 38.475 7.588 8.285 0.167 10.919 
050922220652 0.878 27.085 38.479 7.592 8.286 0.135 10.942 
050922222152 0.892 27.077 38.484 7.594 8.283 0.163 10.951 
050922223652 0.892 27.048 38.490 7.595 8.287 0.177 10.952 
050922225152 0.877 27.032 38.495 7.596 8.288 0.195 10.918 
050922230652 0.884 27.022 38.500 7.600 8.288 0.245 10.942 
050922232152 0.863 27.009 38.496 7.600 8.289 0.209 10.950 
050922233652 0.873 27.007 38.502 7.593 8.290 0.176 10.952 
050922235152 0.885 27.006 38.473 7.593 8.291 0.199 10.917 
060922000652 0.873 26.998 38.476 7.594 8.291 0.182 10.941 
060922002152 0.870 26.990 38.480 7.593 8.292 0.143 10.950 
060922003652 0.878 26.980 38.483 7.587 8.293 0.197 10.952 
060922005152 0.861 26.972 38.483 7.593 8.293 0.162 10.917 
060922010652 0.882 26.966 38.485 7.593 8.294 0.159 10.941 
060922012152 0.870 26.966 38.483 7.599 8.294 0.229 10.949 
060922013652 0.878 26.961 38.480 7.593 8.294 0.184 10.951 
060922015152 0.870 26.972 38.485 7.592 8.294 0.183 10.917 
060922020652 0.862 26.970 38.485 7.592 8.294 0.197 10.941 
060922022152 0.870 26.964 38.506 7.594 8.294 0.178 10.949 
060922023652 0.858 26.985 38.495 7.578 8.294 0.158 10.952 
060922025152 0.865 26.990 38.491 7.581 8.294 0.151 10.917 
060922030652 0.870 26.995 38.487 7.581 8.294 0.205 10.941 
060922032152 0.872 26.988 38.487 7.583 8.294 0.144 10.950 
060922033652 0.875 26.993 38.489 7.575 8.294 0.183 10.951 
060922035152 0.870 26.988 38.482 7.582 8.294 0.140 10.917 
060922040652 0.875 26.987 38.484 7.587 8.293 0.195 10.941 
060922042152 0.860 26.982 38.488 7.588 8.294 0.130 10.949 
060922043652 0.876 26.983 38.482 7.579 8.295 0.159 10.952 
060922045152 0.872 26.990 38.478 7.582 8.294 0.155 10.917 
060922050652 0.870 26.970 38.477 7.581 8.294 0.203 10.941 
060922052152 0.880 26.970 38.479 7.582 8.294 0.188 10.950 
060922053652 0.874 26.974 38.478 7.574 8.294 0.162 10.952 
060922055152 0.874 26.966 38.476 7.579 8.294 0.152 10.917 
060922060652 0.870 26.941 38.480 7.583 8.294 0.177 10.941 
060922062152 0.863 26.932 38.485 7.585 8.295 0.147 10.949 
060922063652 0.869 26.933 38.478 7.575 8.295 0.194 10.951 
060922065152 0.864 26.927 38.479 7.569 8.296 0.186 10.921 
060922070652 0.878 26.921 38.473 7.573 8.296 0.198 10.941 
060922072152 0.880 26.911 38.452 7.572 8.296 0.206 10.949 
060922073652 0.860 26.919 38.475 7.571 8.296 0.209 10.951 
060922075152 0.869 26.925 38.471 7.575 8.295 0.176 10.917 
060922080652 0.868 26.911 38.480 7.578 8.295 0.148 10.940 
060922082152 0.879 26.916 38.481 7.581 8.294 0.150 10.949 
060922083652 0.871 26.917 38.481 7.590 8.294 0.150 10.951 
060922085152 0.864 26.925 38.489 7.600 8.294 0.129 10.916 
060922090652 0.882 26.932 38.485 7.601 8.293 0.161 10.940 
060922092152 0.875 26.945 38.491 7.600 8.293 0.091 10.949 
060922093652 0.867 26.966 38.494 7.590 8.291 0.107 10.951 
060922095152 0.866 26.967 38.496 7.587 8.291 0.079 10.920 
060922100652 0.881 26.993 38.489 7.583 8.291 0.083 10.941 
060922102152 0.896 26.995 38.506 7.582 8.289 0.139 10.950 
060922103652 0.871 27.009 38.515 7.578 8.288 0.091 10.952 
060922105152 0.873 27.024 38.507 7.580 8.288 0.080 10.919 
060922110652 0.869 27.024 38.508 7.578 8.286 0.067 10.941 
060922112152 0.872 27.038 38.526 7.575 8.286 0.057 10.950 
060922113652 0.872 27.056 38.512 7.575 8.285 0.057 10.952 
060922115152 0.850 27.177 38.517 7.562 8.283 0.070 10.919 
060922120652 0.870 27.158 38.482 7.563 8.283 0.076 10.942 
060922122152 0.858 27.285 38.503 7.540 8.282 0.039 10.951 
060922123652 0.866 27.339 38.500 7.531 8.280 0.077 10.953 
060922125152 0.852 27.336 38.481 7.530 8.279 0.078 10.919 
060922130652 0.878 27.398 38.491 7.516 8.279 0.068 10.943 
060922132152 0.856 27.667 38.512 7.473 8.276 0.059 10.951 
060922133652 0.858 27.778 38.515 7.464 8.275 0.075 10.954 
060922135152 0.839 27.712 38.516 7.450 8.275 0.096 10.922 
060922140652 0.869 27.709 38.528 7.442 8.276 0.127 10.944 
