SAMBAT Sea Ti  C/T/D/Odo/Fluo/pH GPS : 50195 
V:0,Pression (0/50),m
V:1,Température (-5/35),°C
V:2,Salinité (2/42),g/l
V:3,Oxygène (0/20),mgl
V:4,PH (0/14),pH
V:5,Fluorescence (0/50),µgl
V:6,Tension batterie,V
101222175957 0.692 17.272 35.776 8.989 8.336 0.541 10.730 
101222181456 0.676 17.271 35.788 8.987 8.336 0.699 10.822 
101222182956 0.786 17.265 35.750 8.993 8.336 0.414 10.848 
101222184456 0.673 17.269 35.728 8.991 8.334 0.399 10.860 
101222185956 0.787 17.270 36.335 8.990 8.334 0.435 10.823 
101222191456 0.727 17.265 35.734 8.986 8.333 0.356 10.852 
101222192956 0.684 17.252 35.771 8.986 8.332 0.354 10.862 
101222194456 0.698 17.246 35.763 8.984 8.332 0.329 10.867 
101222195956 0.624 17.239 35.770 8.988 8.332 0.478 10.825 
101222201456 0.679 17.232 35.763 8.989 8.332 0.336 10.853 
101222202956 0.609 17.231 35.729 8.992 8.332 0.385 10.864 
101222204456 0.691 17.224 35.753 8.991 8.332 0.338 10.868 
101222205956 0.822 17.223 35.747 8.981 8.331 0.395 10.806 
101222211456 0.742 17.216 35.753 8.975 8.330 0.379 10.846 
101222212956 0.842 17.217 35.734 8.973 8.330 0.380 10.861 
101222214456 0.697 17.223 35.774 8.972 8.331 0.441 10.866 
101222215956 0.820 17.213 35.748 8.969 8.332 0.408 10.823 
101222221456 0.808 17.213 35.728 8.969 8.331 0.318 10.853 
101222222956 0.821 17.210 36.295 8.970 8.331 0.362 10.863 
101222224456 0.801 17.197 35.759 8.964 8.331 0.353 10.868 
101222225956 0.787 17.195 36.318 8.958 8.331 0.377 10.824 
101222231456 0.698 17.192 35.787 8.956 8.331 0.343 10.853 
101222232956 0.910 17.194 36.191 8.955 8.331 0.393 10.864 
101222234456 0.686 17.173 35.810 8.957 8.331 0.312 10.868 
101222235956 0.756 17.187 35.835 8.950 8.331 0.331 10.824 
111222001456 0.757 17.172 35.784 8.950 8.332 0.379 10.853 
111222002956 0.689 17.173 35.763 8.946 8.332 0.455 10.863 
111222004456 0.735 17.156 35.788 8.946 8.333 0.295 10.868 
111222005956 0.634 17.161 35.709 8.941 8.332 0.350 10.806 
111222011456 0.673 17.131 35.820 8.938 8.332 0.487 10.846 
111222012956 0.715 17.130 35.736 8.934 8.332 0.344 10.860 
111222014456 0.693 17.110 35.734 8.930 8.331 0.378 10.866 
111222015956 0.795 17.091 35.782 8.928 8.332 0.393 10.824 
111222021456 0.774 17.097 35.783 8.915 8.331 0.400 10.852 
111222022956 0.792 17.072 35.771 8.914 8.331 0.322 10.863 
111222024456 0.762 17.101 35.749 8.900 8.330 0.406 10.867 
111222025956 0.622 17.083 35.750 8.898 8.331 0.436 10.824 
111222031456 0.714 17.086 35.691 8.885 8.331 0.288 10.853 
111222032956 0.655 17.090 36.275 8.880 8.332 0.540 10.863 
111222034456 0.723 17.090 35.740 8.879 8.332 0.322 10.867 
111222035956 0.745 17.081 35.728 8.878 8.331 0.313 10.806 
111222041456 0.981 17.094 36.261 8.880 8.332 0.353 10.846 
111222042956 0.741 17.097 35.794 8.881 8.332 0.300 10.860 
111222044456 0.818 17.095 35.759 8.885 8.332 0.390 10.866 
111222045956 0.807 17.090 35.751 8.888 8.333 0.337 10.824 
111222051456 0.641 17.089 35.741 8.893 8.333 0.379 10.852 
111222052956 0.644 17.087 35.759 8.898 8.333 0.355 10.862 
111222054456 0.909 17.073 35.757 8.903 8.333 0.344 10.867 
111222055956 0.700 17.072 35.763 8.906 8.332 0.308 10.806 
111222061456 0.806 17.077 35.770 8.902 8.332 0.331 10.846 
111222062956 0.709 17.071 35.770 8.902 8.333 0.414 10.860 
111222064456 0.860 17.078 35.773 8.901 8.333 0.289 10.865 
111222065956 0.609 17.099 35.764 8.902 8.334 0.309 10.824 
111222071456 0.810 17.098 35.743 8.905 8.333 0.385 10.852 
111222072956 0.727 17.112 35.738 8.906 8.334 0.417 10.862 
111222074456 0.811 17.116 35.733 8.912 8.334 0.334 10.867 
111222075956 0.747 17.120 35.763 8.912 8.334 0.326 10.823 
111222081456 0.762 17.127 35.742 8.914 8.334 0.374 10.852 
111222082956 0.747 17.130 35.738 8.917 8.334 0.424 10.863 
111222084456 0.899 17.121 35.797 8.925 8.334 0.357 10.867 
111222085956 0.580 17.123 35.756 8.930 8.335 0.382 10.806 
111222091456 0.785 17.142 35.748 8.933 8.335 0.348 10.846 
111222092956 0.820 17.142 35.743 8.936 8.335 0.314 10.860 
111222094456 0.806 17.129 35.747 8.939 8.335 0.280 10.866 
111222095956 0.765 17.146 35.726 8.943 8.335 0.239 10.824 
111222101456 0.656 17.137 35.710 8.946 8.335 0.200 10.852 
111222102956 0.494 17.147 35.714 8.950 8.335 0.222 10.863 
111222104456 0.855 17.147 35.736 8.953 8.335 0.193 10.867 
111222105956 0.757 17.152 35.734 8.958 8.334 0.264 10.824 
111222111456 0.736 17.153 35.729 8.958 8.334 0.157 10.852 
111222112956 0.689 17.159 35.739 8.961 8.334 0.169 10.863 
111222114456 0.794 17.162 35.724 8.965 8.334 0.142 10.867 
111222115956 0.854 17.174 35.689 8.964 8.334 0.168 10.806 
111222121456 0.524 17.164 35.674 8.967 8.333 0.156 10.846 
111222122956 0.824 17.170 35.683 8.969 8.333 0.167 10.860 
111222124456 0.678 17.162 35.662 8.970 8.332 0.163 10.866 
111222125956 0.767 17.165 35.681 8.974 8.332 0.122 10.825 
111222131456 0.745 17.168 35.692 8.979 8.331 0.193 10.853 
111222132956 0.489 17.163 35.707 8.976 8.331 0.140 10.863 
111222134456 0.756 17.159 35.712 8.977 8.331 0.172 10.867 
111222135956 0.704 17.160 35.682 8.976 8.331 0.161 10.824 
111222141456 0.667 17.157 35.689 8.977 8.330 0.160 10.852 
111222142956 0.752 17.155 35.705 8.975 8.330 0.204 10.863 
111222144456 0.804 17.154 35.676 8.977 8.330 0.203 10.867 
111222145956 0.761 17.154 35.701 8.971 8.330 0.190 10.806 
111222151456 0.745 17.148 35.684 8.974 8.330 0.214 10.846 
111222152956 0.696 17.153 35.699 8.971 8.329 0.202 10.860 
111222154456 0.736 17.132 35.684 8.969 8.329 0.245 10.866 
111222155956 0.741 17.140 35.686 8.970 8.329 0.289 10.823 
111222161456 0.835 17.135 35.702 8.969 8.329 0.305 10.852 
111222162956 0.769 17.137 35.696 8.969 8.329 0.333 10.863 
111222164456 0.703 17.141 35.680 8.971 8.328 0.367 10.867 
111222165956 0.836 17.127 35.686 8.976 8.327 0.556 10.825 
111222171456 0.909 17.111 35.696 8.972 8.327 0.336 10.853 
111222172956 0.991 17.115 35.699 8.975 8.327 0.413 10.863 
111222174456 0.876 17.122 35.676 8.971 8.327 0.382 10.867 
111222175956 0.814 17.096 35.677 8.967 8.327 0.388 10.806 
