SAMBAT Sea Ti  C/T/D/Odo/Fluo/pH GPS : 50195 
V:0,Pression (0/50),m
V:1,Température (-5/35),°C
V:2,Salinité (2/42),g/l
V:3,Oxygène (0/20),mgl
V:4,PH (0/14),pH
V:5,Fluorescence (0/50),µgl
V:6,Tension batterie,V
121122165055 1.015 21.128 37.501 8.339 8.330 0.234 10.766 
121122170554 1.006 21.132 37.497 8.338 8.328 0.265 10.858 
121122172054 0.982 21.128 37.503 8.337 8.330 0.332 10.886 
121122173554 1.004 21.118 37.487 8.342 8.329 0.256 10.896 
121122175054 0.961 21.118 37.478 8.346 8.330 0.311 10.847 
121122180554 0.949 21.107 37.489 8.345 8.329 0.292 10.867 
121122182054 0.966 21.111 37.484 8.347 8.330 0.338 10.891 
121122183554 0.979 21.110 37.484 8.344 8.330 0.236 10.900 
121122185054 0.984 21.106 37.482 8.343 8.330 0.229 10.848 
121122190554 0.919 21.080 37.478 8.345 8.329 0.261 10.879 
121122192054 0.960 21.088 37.493 8.333 8.328 0.275 10.896 
121122193554 0.969 21.080 37.488 8.332 8.329 0.235 10.902 
121122195054 0.954 21.078 37.476 8.333 8.328 0.300 10.849 
121122200554 0.936 21.092 37.468 8.329 8.329 0.328 10.879 
121122202054 0.960 21.082 37.456 8.323 8.330 0.297 10.896 
121122203554 0.961 21.088 37.462 8.315 8.328 0.343 10.902 
121122205054 0.979 21.095 37.482 8.305 8.330 0.282 10.849 
121122210554 1.008 21.086 37.461 8.305 8.328 0.264 10.868 
121122212054 0.989 21.093 37.475 8.298 8.329 0.294 10.892 
121122213554 0.983 21.095 37.474 8.299 8.329 0.267 10.900 
121122215054 0.940 21.089 37.470 8.303 8.330 0.291 10.848 
121122220554 0.970 21.064 37.487 8.295 8.329 0.286 10.879 
121122222054 0.954 21.084 37.475 8.291 8.330 0.310 10.896 
121122223554 0.981 21.089 37.474 8.286 8.329 0.368 10.902 
121122225054 0.975 21.072 37.469 8.278 8.330 0.335 10.849 
121122230554 0.970 21.078 37.473 8.276 8.330 0.263 10.880 
121122232054 0.947 21.063 37.458 8.281 8.331 0.326 10.896 
121122233554 1.019 21.066 37.443 8.279 8.331 0.277 10.902 
121122235054 0.966 21.037 37.423 8.289 8.332 0.202 10.849 
131122000554 0.971 21.065 37.456 8.276 8.330 0.308 10.867 
131122002054 1.008 21.076 37.455 8.276 8.332 0.276 10.892 
131122003554 1.008 21.058 37.463 8.289 8.332 0.206 10.900 
131122005054 1.001 21.049 37.461 8.294 8.331 0.420 10.847 
131122010554 0.977 21.055 37.456 8.296 8.332 0.262 10.879 
131122012054 0.983 21.053 37.459 8.300 8.333 0.242 10.896 
131122013554 0.956 21.053 37.460 8.299 8.332 0.248 10.902 
131122015054 0.945 21.069 37.445 8.298 8.333 0.254 10.849 
131122020554 0.972 21.060 37.446 8.298 8.333 0.316 10.870 
131122022054 0.916 21.064 37.446 8.296 8.333 0.311 10.892 
131122023554 0.950 21.057 37.462 8.299 8.332 0.246 10.901 
131122025054 0.986 21.035 37.464 8.299 8.332 0.205 10.848 
131122030554 0.954 21.031 37.467 8.305 8.332 0.252 10.879 
131122032054 0.945 21.046 37.467 8.291 8.333 0.289 10.896 
131122033554 0.924 21.025 37.443 8.301 8.333 0.358 10.902 
131122035054 0.971 21.025 37.448 8.298 8.334 0.231 10.849 
131122040554 0.942 21.028 37.484 8.291 8.331 0.346 10.880 
131122042054 0.930 21.039 37.441 8.287 8.332 0.269 10.896 
131122043554 0.948 21.016 37.772 8.293 8.332 0.274 10.902 
131122045054 0.864 21.028 37.405 8.294 8.332 0.264 10.849 
131122050554 0.968 21.015 37.463 8.288 8.328 0.270 10.868 
131122052054 0.959 21.016 37.462 8.278 8.329 0.374 10.891 
131122053554 0.955 21.005 37.456 8.272 8.331 0.268 10.900 
131122055054 0.949 21.013 37.450 8.272 8.330 0.334 10.848 
131122060554 0.962 21.019 37.456 8.273 8.330 0.309 10.879 
131122062054 0.940 21.016 37.439 8.274 8.331 0.317 10.895 
131122063554 0.935 21.027 37.440 8.276 8.332 0.244 10.902 
131122065054 0.966 21.017 37.450 8.275 8.330 0.343 10.848 
131122070554 0.947 21.018 37.451 8.264 8.329 0.292 10.878 
131122072054 0.954 21.023 37.455 8.252 8.329 0.349 10.895 
131122073554 0.945 21.016 37.446 8.254 8.330 0.270 10.902 
131122075054 0.954 21.017 37.441 8.259 8.332 0.345 10.848 
131122080554 0.955 20.996 37.439 8.264 8.330 0.328 10.867 
131122082054 0.960 21.021 37.439 8.261 8.331 0.419 10.891 
131122083554 0.959 21.001 37.445 8.256 8.332 0.254 10.900 
131122085054 0.929 21.023 37.423 8.253 8.332 0.296 10.847 
131122090554 0.956 21.019 37.439 8.251 8.329 0.353 10.879 
131122092054 0.933 21.013 37.450 8.245 8.327 0.301 10.896 
131122093554 0.935 21.005 37.448 8.241 8.325 0.292 10.901 
131122095054 0.952 21.019 37.445 8.242 8.329 0.363 10.848 
131122100554 0.948 21.019 37.424 8.240 8.330 0.213 10.880 
131122102054 0.977 21.018 37.431 8.236 8.331 0.231 10.896 
131122103554 0.940 21.013 37.424 8.240 8.329 0.348 10.902 
131122105054 0.939 21.012 37.435 8.229 8.329 0.220 10.848 
131122110554 0.958 21.009 37.422 8.216 8.328 0.236 10.867 
131122112054 0.955 21.011 37.455 8.211 8.329 0.343 10.891 
131122113554 0.954 21.007 37.308 8.210 8.330 0.201 10.900 
131122115054 0.941 20.994 37.437 8.219 8.330 0.205 10.847 
131122120554 0.976 20.988 37.426 8.221 8.327 0.215 10.879 
131122122054 0.963 21.000 37.433 8.218 8.326 0.209 10.895 
131122123554 0.963 21.011 37.431 8.216 8.326 0.164 10.901 
131122125054 0.966 21.013 37.442 8.218 8.326 0.140 10.848 
131122130554 0.935 21.011 37.440 8.216 8.327 0.162 10.879 
131122132054 0.938 21.015 37.420 8.223 8.325 0.160 10.896 
131122133554 0.922 21.021 37.419 8.238 8.324 0.148 10.901 
131122135054 0.955 21.021 37.423 8.246 8.324 0.148 10.848 
131122140554 0.917 21.015 37.430 8.243 8.320 0.120 10.879 
131122142054 0.939 21.010 37.420 8.248 8.323 0.122 10.896 
131122143554 0.948 21.010 37.412 8.253 8.321 0.157 10.902 
131122145054 0.951 21.009 37.404 8.257 8.323 0.171 10.848 
131122150554 0.934 20.994 37.404 8.259 8.323 0.139 10.867 
131122152054 0.929 20.994 37.401 8.255 8.322 0.150 10.891 
131122153554 0.954 21.001 37.386 8.251 8.321 0.136 10.899 
131122155054 0.947 21.005 37.412 8.252 8.323 0.173 10.848 
131122160554 0.924 20.986 37.418 8.255 8.323 0.191 10.879 
131122162054 0.952 21.001 37.407 8.257 8.321 0.262 10.896 
131122163554 0.970 20.984 37.408 8.271 8.322 0.292 10.901 
131122165054 0.895 20.986 37.406 8.278 8.323 0.373 10.848 
