SAMBAT Sea Ti  C/T/D/Odo/Fluo/pH GPS : 50195 
V:0,Pression (0/50),m
V:1,Température (-5/35),°C
V:2,Salinité (2/42),g/l
V:3,Oxygène (0/20),mgl
V:4,PH (0/14),pH
V:5,Fluorescence (0/50),µgl
V:6,Tension batterie,V
121222180444 1.001 16.997 35.710 8.926 8.334 0.378 10.729 
121222181943 0.847 17.003 35.745 8.927 8.335 0.371 10.820 
121222183443 0.902 16.998 35.698 8.927 8.335 0.441 10.846 
121222184943 0.781 16.993 35.663 8.924 8.335 0.479 10.857 
121222190443 0.849 16.980 35.720 8.925 8.335 0.396 10.833 
121222191943 0.808 16.993 35.714 8.926 8.335 0.384 10.853 
121222193443 0.933 16.991 35.682 8.925 8.336 0.389 10.862 
121222194943 0.815 16.984 35.707 8.923 8.336 0.332 10.865 
121222200443 0.855 16.974 35.682 8.922 8.336 0.423 10.833 
121222201943 0.849 16.968 35.740 8.924 8.336 0.403 10.854 
121222203443 0.872 16.981 35.738 8.921 8.337 0.446 10.862 
121222204943 0.840 16.984 36.349 8.919 8.336 0.395 10.866 
121222210443 0.893 16.988 35.717 8.916 8.337 0.329 10.823 
121222211943 0.895 16.982 35.726 8.917 8.337 0.362 10.851 
121222213443 0.822 16.983 35.715 8.914 8.337 0.388 10.861 
121222214943 0.807 16.986 35.719 8.912 8.337 0.411 10.865 
121222220443 0.895 16.972 35.716 8.916 8.337 0.386 10.835 
121222221943 0.840 16.966 35.712 8.919 8.337 0.491 10.855 
121222223443 0.785 16.965 35.737 8.920 8.338 0.357 10.863 
121222224943 0.875 16.964 35.695 8.920 8.337 0.334 10.866 
121222230443 0.802 16.968 35.668 8.921 8.338 0.406 10.836 
121222231943 0.863 16.967 35.717 8.920 8.339 0.464 10.855 
121222233443 0.813 16.943 35.730 8.916 8.339 0.486 10.863 
121222234943 0.900 16.972 35.725 8.913 8.338 0.339 10.867 
131222000443 0.857 16.976 35.721 8.907 8.339 0.362 10.835 
131222001943 0.901 16.968 35.663 8.901 8.339 0.354 10.855 
131222003443 0.805 16.968 35.687 8.890 8.339 0.420 10.863 
131222004943 0.804 16.946 35.703 8.884 8.340 0.388 10.866 
131222010443 0.837 16.956 36.246 8.878 8.340 0.348 10.823 
131222011943 0.857 16.950 35.734 8.874 8.341 0.348 10.851 
131222013443 0.851 16.949 35.687 8.866 8.341 0.398 10.861 
131222014943 0.822 16.954 35.727 8.860 8.341 0.437 10.865 
131222020443 0.803 16.949 35.682 8.854 8.340 0.364 10.835 
131222021943 0.828 16.945 36.102 8.851 8.341 0.417 10.855 
131222023443 0.878 16.956 36.155 8.845 8.341 0.354 10.863 
131222024943 0.837 16.971 35.734 8.844 8.341 0.414 10.866 
131222030443 0.874 16.942 35.730 8.840 8.341 0.332 10.835 
131222031943 0.793 16.958 35.737 8.837 8.341 0.456 10.855 
131222033443 0.769 16.923 35.711 8.833 8.343 0.452 10.863 
131222034943 0.822 16.908 35.708 8.828 8.342 0.477 10.866 
131222040443 0.790 16.854 35.697 8.817 8.343 0.428 10.823 
131222041943 0.777 16.863 35.703 8.810 8.343 0.466 10.850 
131222043443 0.827 16.902 35.713 8.803 8.343 0.477 10.860 
131222044943 0.835 16.917 35.720 8.800 8.343 0.384 10.865 
131222050443 0.779 16.860 35.705 8.802 8.344 0.409 10.835 
131222051943 0.794 16.924 35.707 8.802 8.344 0.390 10.854 
131222053443 0.825 16.923 35.687 8.805 8.344 0.427 10.862 
131222054943 0.807 16.951 35.693 8.805 8.343 0.465 10.866 
131222060443 0.808 16.945 35.708 8.808 8.343 0.396 10.835 
131222061943 0.821 16.937 35.707 8.809 8.343 0.315 10.855 
131222063443 0.801 16.929 35.703 8.820 8.344 0.407 10.863 
131222064943 0.795 16.951 35.816 8.824 8.344 0.425 10.866 
131222070443 0.816 16.939 35.721 8.830 8.344 0.389 10.823 
131222071943 0.821 16.929 35.719 8.827 8.344 0.461 10.851 
131222073443 0.776 16.931 35.726 8.823 8.344 0.440 10.860 
131222074943 0.805 16.934 35.703 8.815 8.344 0.487 10.865 
131222080443 0.769 16.931 35.693 8.807 8.344 0.506 10.835 
131222081943 0.806 16.914 35.700 8.798 8.344 0.343 10.855 
131222083443 0.769 16.921 35.720 8.787 8.344 0.515 10.862 
131222084943 0.791 16.922 35.711 8.783 8.344 0.467 10.866 
131222090443 0.781 16.922 35.707 8.780 8.345 0.637 10.823 
131222091943 0.795 16.934 35.736 8.779 8.344 0.435 10.850 
131222093443 0.765 16.928 35.732 8.778 8.344 0.427 10.860 
131222094943 0.835 16.934 35.737 8.783 8.344 0.435 10.865 
131222100443 0.774 16.934 35.734 8.788 8.344 0.420 10.835 
131222101943 0.815 16.939 35.739 8.797 8.344 0.311 10.854 
131222103443 0.819 16.925 35.655 8.809 8.344 0.350 10.863 
131222104943 0.810 16.931 35.707 8.817 8.344 0.261 10.866 
131222110443 0.770 16.936 36.217 8.827 8.344 0.369 10.835 
131222111943 0.781 16.927 35.735 8.835 8.344 0.375 10.855 
131222113443 0.844 16.931 35.726 8.840 8.344 0.355 10.862 
131222114943 0.816 16.927 35.726 8.843 8.344 0.412 10.866 
131222120443 0.775 16.930 35.719 8.851 8.344 0.362 10.823 
131222121943 0.800 16.929 35.713 8.852 8.344 0.440 10.850 
131222123443 0.830 16.920 35.707 8.859 8.345 0.386 10.860 
131222124943 0.840 16.933 35.709 8.860 8.344 0.382 10.865 
131222130443 0.792 16.929 35.701 8.859 8.344 0.383 10.835 
131222131943 0.810 16.932 35.706 8.862 8.345 0.374 10.855 
131222133443 0.850 16.919 35.700 8.863 8.344 0.377 10.863 
131222134943 0.769 16.930 35.696 8.863 8.344 0.316 10.866 
131222140443 0.821 16.926 35.657 8.867 8.345 0.403 10.834 
131222141943 0.775 16.923 36.173 8.874 8.345 0.426 10.854 
131222143443 0.805 16.926 35.722 8.875 8.345 0.400 10.862 
131222144943 0.795 16.923 36.279 8.881 8.345 0.383 10.866 
131222150443 0.831 16.916 35.641 8.878 8.345 0.464 10.824 
131222151943 0.858 16.917 36.001 8.881 8.345 0.439 10.850 
131222153443 0.827 16.913 35.677 8.886 8.345 0.483 10.860 
131222154943 0.803 16.909 35.669 8.889 8.345 0.453 10.865 
131222160443 0.857 16.911 35.677 8.890 8.345 0.547 10.835 
131222161943 0.702 16.907 35.714 8.894 8.344 0.451 10.855 
131222163443 0.816 16.909 35.674 8.892 8.344 0.452 10.862 
131222164943 0.815 16.909 35.668 8.889 8.344 0.433 10.866 
131222170443 0.929 16.907 35.657 8.890 8.344 0.451 10.834 
131222171943 0.774 16.912 35.661 8.888 8.344 0.488 10.855 
131222173443 0.804 16.911 35.663 8.891 8.343 0.552 10.862 
131222174943 0.833 16.912 35.684 8.889 8.343 0.414 10.866 
131222180443 0.870 16.904 35.699 8.888 8.344 0.468 10.823 
