SAMBAT Sea Ti  C/T/D/Odo/Fluo/pH GPS : 50195 
V:0,Pression (0/50),m
V:1,Température (-5/35),°C
V:2,Salinité (2/42),g/l
V:3,Oxygène (0/20),mgl
V:4,PH (0/14),pH
V:5,Fluorescence (0/50),µgl
V:6,Tension batterie,V
201222182339 1.047 16.568 35.731 8.939 8.335 0.552 10.731 
201222183838 1.052 16.552 35.792 8.941 8.333 0.512 10.819 
201222185338 1.037 16.546 35.731 8.937 8.336 0.456 10.793 
201222190838 1.036 16.552 35.354 8.938 8.336 0.427 10.833 
201222192338 1.017 16.530 35.361 8.940 8.336 0.487 10.850 
201222193838 1.070 16.540 35.356 8.939 8.337 0.470 10.857 
201222195338 1.020 16.535 35.335 8.945 8.337 0.522 10.803 
201222200838 1.027 16.535 35.347 8.946 8.337 0.483 10.831 
201222202338 1.037 16.525 35.794 8.948 8.337 0.545 10.850 
201222203838 1.038 16.523 35.318 8.953 8.337 0.444 10.858 
201222205338 1.024 16.520 35.311 8.954 8.337 0.304 10.804 
201222210838 1.020 16.533 35.309 8.952 8.337 0.315 10.838 
201222212338 0.974 16.524 35.308 8.959 8.338 0.519 10.853 
201222213838 1.036 16.517 35.300 8.963 8.337 0.436 10.859 
201222215338 1.013 16.511 35.310 8.966 8.337 0.464 10.804 
201222220838 1.037 16.518 35.798 8.968 8.338 0.447 10.837 
201222222338 0.990 16.522 35.351 8.964 8.338 0.559 10.853 
201222223838 1.003 16.523 35.402 8.962 8.338 0.475 10.860 
201222225338 1.037 16.518 35.388 8.969 8.337 0.439 10.804 
201222230838 0.992 16.521 35.378 8.967 8.338 0.501 10.832 
201222232338 1.006 16.513 35.724 8.969 8.337 0.599 10.851 
201222233838 1.008 16.519 35.411 8.969 8.338 0.652 10.858 
201222235338 1.038 16.511 35.384 8.968 8.338 0.446 10.804 
211222000838 1.036 16.521 35.385 8.960 8.338 0.434 10.838 
211222002338 1.042 16.497 35.388 8.958 8.338 0.520 10.853 
211222003838 1.003 16.514 35.723 8.953 8.338 0.433 10.860 
211222005338 1.025 16.496 35.396 8.953 8.338 0.458 10.805 
211222010838 0.997 16.504 35.386 8.945 8.339 0.476 10.838 
211222012338 1.032 16.492 35.404 8.944 8.339 0.640 10.853 
211222013838 1.055 16.496 35.398 8.936 8.339 0.482 10.859 
211222015338 1.014 16.504 35.386 8.931 8.339 0.466 10.803 
211222020838 1.029 16.498 35.427 8.932 8.339 0.504 10.831 
211222022338 1.035 16.500 35.820 8.928 8.339 0.563 10.850 
211222023838 0.985 16.506 35.426 8.925 8.340 0.515 10.858 
211222025338 1.013 16.494 35.431 8.932 8.340 0.441 10.803 
211222030838 0.994 16.490 35.738 8.936 8.340 0.535 10.838 
211222032338 0.984 16.484 35.427 8.939 8.340 0.423 10.853 
211222033838 1.032 16.496 35.392 8.940 8.340 0.454 10.859 
211222035338 0.996 16.493 35.403 8.947 8.341 0.555 10.803 
211222040838 1.035 16.494 35.764 8.948 8.341 0.539 10.838 
211222042338 1.031 16.494 35.384 8.948 8.341 0.412 10.853 
211222043838 1.050 16.498 35.387 8.944 8.342 0.425 10.859 
211222045338 0.995 16.494 35.385 8.951 8.341 0.486 10.803 
211222050838 0.994 16.477 35.369 8.956 8.342 0.368 10.832 
211222052338 0.986 16.488 35.375 8.954 8.342 0.458 10.851 
211222053838 0.959 16.485 35.347 8.956 8.342 0.461 10.858 
211222055338 1.000 16.472 35.355 8.954 8.341 0.473 10.803 
211222060838 0.981 16.474 35.340 8.952 8.342 0.392 10.838 
211222062338 0.976 16.462 35.700 8.950 8.342 0.470 10.853 
211222063838 0.991 16.471 35.360 8.945 8.342 0.419 10.859 
211222065338 1.003 16.467 35.369 8.944 8.341 0.611 10.803 
211222070838 0.987 16.466 35.431 8.943 8.342 0.512 10.838 
211222072338 0.986 16.476 35.383 8.940 8.343 0.486 10.853 
211222073838 0.994 16.474 35.819 8.944 8.343 0.455 10.859 
211222075338 0.993 16.472 35.719 8.942 8.341 0.507 10.803 
211222080838 0.988 16.477 35.377 8.932 8.338 0.416 10.838 
211222082338 0.988 16.472 35.377 8.923 8.337 0.387 10.853 
211222083838 0.961 16.462 35.409 8.926 8.341 0.407 10.859 
211222085338 0.988 16.472 35.899 8.921 8.342 0.544 10.803 
211222090838 0.966 16.445 35.835 8.926 8.343 0.392 10.831 
211222092338 0.989 16.473 35.784 8.923 8.343 0.492 10.850 
211222093838 1.013 16.472 35.684 8.918 8.343 0.378 10.857 
211222095338 1.002 16.470 35.780 8.921 8.343 0.361 10.803 
211222100838 0.974 16.469 35.786 8.921 8.344 0.358 10.838 
211222102338 0.970 16.461 35.830 8.926 8.344 0.271 10.853 
211222103838 0.983 16.473 35.859 8.930 8.343 0.253 10.859 
211222105338 0.984 16.476 35.757 8.937 8.342 0.234 10.803 
211222110838 0.998 16.471 35.753 8.941 8.343 0.275 10.838 
211222112338 0.989 16.472 35.743 8.940 8.343 0.280 10.853 
211222113838 0.976 16.470 35.717 8.941 8.343 0.279 10.859 
211222115338 1.005 16.468 35.925 8.937 8.342 0.300 10.803 
211222120838 0.994 16.468 35.435 8.943 8.343 0.327 10.837 
211222122338 0.997 16.472 35.414 8.940 8.343 0.412 10.852 
211222123838 0.964 16.451 35.426 8.940 8.342 0.394 10.859 
211222125338 0.986 16.471 35.413 8.937 8.342 0.477 10.803 
211222130838 0.981 16.467 35.407 8.936 8.343 0.347 10.832 
211222132338 1.008 16.466 35.396 8.939 8.338 0.314 10.850 
211222133838 0.959 16.465 35.400 8.938 8.342 0.260 10.858 
211222135338 0.972 16.472 35.388 8.935 8.342 0.270 10.802 
211222140838 0.977 16.471 35.389 8.937 8.342 0.214 10.838 
211222142338 0.925 16.475 35.351 8.937 8.342 0.207 10.853 
211222143838 0.958 16.473 35.359 8.936 8.342 0.256 10.859 
211222145338 0.968 16.481 35.362 8.937 8.341 0.243 10.803 
211222150838 0.944 16.479 35.349 8.940 8.341 0.419 10.837 
211222152338 0.929 16.473 35.396 8.944 8.342 0.543 10.852 
211222153838 0.889 16.471 35.401 8.948 8.342 0.569 10.859 
211222155338 0.909 16.457 35.366 8.955 8.342 0.515 10.803 
211222160838 0.941 16.463 35.364 8.960 8.342 0.382 10.831 
211222162338 0.945 16.452 35.344 8.971 8.342 0.466 10.850 
211222163838 0.962 16.448 35.338 8.973 8.342 0.551 10.858 
211222165338 0.902 16.456 35.352 8.977 8.341 0.543 10.803 
211222170838 0.954 16.467 35.337 8.975 8.342 0.481 10.837 
211222172338 0.979 16.464 35.349 8.979 8.341 0.432 10.853 
211222173838 0.965 16.453 35.323 8.985 8.341 0.559 10.859 
211222175338 0.966 16.459 35.333 8.981 8.341 0.570 10.803 
211222180838 0.929 16.455 35.332 8.980 8.341 0.567 10.831 
211222182338 0.946 16.450 35.339 8.980 8.340 0.474 10.850 
