SAMBAT Sea Ti  C/T/D/Odo/Fluo/pH GPS : 50195 
V:0,Pression (0/50),m
V:1,Température (-5/35),°C
V:2,Salinité (2/42),g/l
V:3,Oxygène (0/20),mgl
V:4,PH (0/14),pH
V:5,Fluorescence (0/50),µgl
V:6,Tension batterie,V
290822135020 0.839 27.586 38.318 7.522 8.261 0.054 10.820 
290822140519 0.849 27.515 38.334 7.531 8.262 0.055 10.927 
290822142019 0.864 27.540 38.324 7.524 8.261 0.069 10.947 
290822143519 0.873 27.545 38.287 7.513 8.261 0.059 10.952 
290822145019 0.887 27.583 38.302 7.510 8.261 0.082 10.920 
290822150519 0.859 27.637 38.302 7.509 8.261 0.062 10.942 
290822152019 0.825 27.639 38.335 7.505 8.260 0.077 10.952 
290822153519 0.863 27.609 38.303 7.504 8.260 0.077 10.954 
290822155019 0.843 27.633 38.312 7.503 8.260 0.078 10.921 
290822160519 0.858 27.647 38.304 7.501 8.259 0.070 10.945 
290822162019 0.835 27.729 38.305 7.494 8.259 0.083 10.953 
290822163519 0.869 27.726 38.313 7.487 8.259 0.084 10.955 
290822165019 0.826 27.747 38.307 7.482 8.259 0.102 10.922 
290822170519 0.852 27.742 38.313 7.482 8.259 0.118 10.945 
290822172019 0.855 27.707 38.319 7.478 8.259 0.092 10.953 
290822173519 0.834 27.731 38.307 7.478 8.260 0.123 10.955 
290822175019 0.825 27.701 38.313 7.477 8.260 0.073 10.922 
290822180519 0.820 27.707 38.314 7.480 8.260 0.105 10.941 
290822182019 0.822 27.707 38.311 7.483 8.261 0.131 10.953 
290822183519 0.887 27.671 38.327 7.486 8.262 0.164 10.955 
290822185019 0.887 27.719 38.316 7.487 8.262 0.125 10.922 
290822190519 0.820 27.707 38.312 7.492 8.263 0.145 10.945 
290822192019 0.854 27.649 38.319 7.496 8.264 0.129 10.953 
290822193519 0.848 27.618 38.313 7.497 8.265 0.147 10.955 
290822195019 0.804 27.619 38.324 7.504 8.265 0.143 10.922 
290822200519 0.845 27.579 38.323 7.507 8.267 0.141 10.944 
290822202019 0.843 27.548 38.361 7.517 8.267 0.131 10.953 
290822203519 0.866 27.500 38.325 7.528 8.269 0.127 10.955 
290822205019 0.823 27.470 38.327 7.533 8.270 0.127 10.922 
290822210519 0.849 27.419 38.323 7.543 8.271 0.137 10.940 
290822212019 0.846 27.391 38.326 7.548 8.272 0.185 10.952 
290822213519 0.860 27.354 38.329 7.561 8.273 0.136 10.954 
290822215019 0.857 27.321 38.322 7.568 8.274 0.120 10.921 
290822220519 0.858 27.277 38.326 7.577 8.275 0.153 10.944 
290822222019 0.873 27.247 38.317 7.582 8.275 0.177 10.952 
290822223519 0.862 27.233 38.323 7.583 8.276 0.207 10.954 
290822225019 0.865 27.202 38.364 7.589 8.277 0.157 10.920 
290822230519 0.868 27.176 38.316 7.587 8.277 0.185 10.943 
290822232019 0.852 27.151 38.318 7.593 8.279 0.160 10.952 
290822233519 0.840 27.122 38.313 7.599 8.279 0.119 10.954 
290822235019 0.896 27.103 38.311 7.605 8.279 0.190 10.920 
300822000519 0.833 27.043 38.318 7.613 8.280 0.190 10.938 
300822002019 0.849 27.040 38.317 7.614 8.281 0.169 10.950 
300822003519 0.861 27.011 38.319 7.621 8.282 0.115 10.953 
300822005019 0.853 27.004 38.318 7.624 8.282 0.129 10.919 
300822010519 0.875 26.999 38.316 7.626 8.282 0.132 10.942 
300822012019 0.880 26.974 38.320 7.630 8.283 0.156 10.951 
300822013519 0.871 26.962 38.326 7.635 8.284 0.164 10.953 
300822015019 0.872 26.945 38.346 7.637 8.284 0.150 10.918 
300822020519 0.869 26.943 38.331 7.638 8.284 0.166 10.940 
300822022019 0.880 26.932 38.326 7.637 8.284 0.125 10.950 
300822023519 0.873 26.925 38.279 7.640 8.285 0.139 10.953 
300822025019 0.854 26.921 38.332 7.643 8.285 0.169 10.918 
300822030519 0.840 26.887 38.348 7.644 8.286 0.179 10.937 
300822032019 0.856 26.887 38.350 7.641 8.286 0.164 10.949 
300822033519 0.852 26.872 38.342 7.643 8.286 0.128 10.952 
300822035019 0.864 26.869 38.344 7.645 8.286 0.135 10.918 
300822040519 0.854 26.876 38.348 7.638 8.287 0.181 10.941 
300822042019 0.879 26.881 38.355 7.639 8.287 0.124 10.950 
300822043519 0.871 26.858 38.347 7.643 8.287 0.168 10.952 
300822045019 0.841 26.900 38.364 7.630 8.288 0.115 10.918 
300822050519 0.848 26.908 38.370 7.629 8.288 0.157 10.936 
300822052019 0.865 26.881 38.380 7.630 8.288 0.140 10.949 
300822053519 0.874 26.872 38.372 7.634 8.289 0.125 10.951 
300822055019 0.868 26.908 38.378 7.628 8.288 0.116 10.917 
300822060519 0.860 26.868 38.370 7.638 8.289 0.140 10.941 
300822062019 0.822 26.877 38.379 7.631 8.289 0.129 10.950 
300822063519 0.898 26.882 38.377 7.633 8.289 0.245 10.952 
300822065019 0.872 26.881 38.381 7.634 8.289 0.188 10.918 
300822070519 0.841 26.874 38.374 7.636 8.288 0.123 10.941 
300822072019 0.852 26.858 38.384 7.640 8.289 0.153 10.950 
300822073519 0.863 26.884 38.379 7.631 8.288 0.183 10.952 
300822075019 0.869 26.890 38.378 7.631 8.288 0.144 10.918 
300822080519 0.863 26.879 38.383 7.634 8.287 0.119 10.936 
300822082019 0.888 26.890 38.377 7.632 8.286 0.119 10.949 
300822083519 0.850 26.895 38.387 7.635 8.286 0.155 10.952 
300822085019 0.872 26.893 38.384 7.636 8.285 0.142 10.917 
300822090519 0.856 26.901 38.329 7.636 8.285 0.075 10.941 
300822092019 0.876 26.913 38.325 7.634 8.284 0.110 10.950 
300822093519 0.873 26.925 38.328 7.633 8.283 0.094 10.952 
300822095019 0.866 26.951 38.323 7.632 8.281 0.088 10.918 
300822100519 0.865 26.962 38.316 7.633 8.281 0.085 10.936 
300822102019 0.869 26.978 38.313 7.631 8.279 0.075 10.949 
300822103519 0.926 26.999 38.306 7.631 8.279 0.064 10.952 
300822105019 0.822 26.974 38.275 7.639 8.279 0.092 10.918 
300822110519 0.873 26.985 38.369 7.634 8.279 0.070 10.942 
300822112019 0.895 27.012 38.376 7.635 8.277 0.082 10.950 
300822113519 0.880 27.028 38.374 7.633 8.277 0.096 10.952 
300822115019 0.900 27.043 38.380 7.630 8.276 0.078 10.918 
300822120519 0.851 27.066 38.372 7.628 8.274 0.087 10.942 
300822122019 0.857 27.085 38.377 7.625 8.274 0.083 10.951 
300822123519 0.880 27.121 38.375 7.619 8.273 0.044 10.953 
300822125019 0.835 27.132 38.368 7.618 8.273 0.068 10.919 
300822130519 0.874 27.164 38.373 7.611 8.272 0.078 10.938 
300822132019 0.877 27.184 38.368 7.608 8.272 0.103 10.950 
300822133519 0.870 27.229 38.374 7.601 8.271 0.068 10.953 
300822135019 0.847 27.112 38.355 7.624 8.270 0.060 10.919 
