SAMBAT Sea Ti  C/T/D/Odo/Fluo/pH GPS : 50195 
V:0,Pression (0/50),dba
V:1,Température (-5/35),°C
V:2,Salinité (2/42),g/l
V:3,Oxygène (0/20),mgl
V:4,PH (0/14),pH
V:5,Fluorescence (0/500),ppb
V:6,Tension batterie,V
281223130246 1.042 15.535 38.582 9.327 8.248 1.602 10.744 
281223131745 1.047 15.557 38.579 9.324 8.249 1.154 10.820 
281223133245 1.043 15.549 38.578 9.326 8.250 2.141 10.837 
281223134745 1.046 15.553 38.579 9.325 8.251 2.452 10.855 
281223140245 1.039 15.551 38.580 9.324 8.249 2.201 10.863 
281223141745 1.031 15.538 38.578 9.325 8.248 2.923 10.842 
281223143245 1.036 15.547 38.580 9.324 8.252 3.241 10.844 
281223144745 1.031 15.533 38.579 9.326 8.250 4.122 10.859 
281223150245 1.038 15.535 38.578 9.326 8.250 3.507 10.866 
281223151745 1.043 15.541 38.580 9.324 8.248 3.560 10.857 
281223153245 1.040 15.532 38.582 9.325 8.251 4.228 10.849 
281223154745 1.038 15.533 38.581 9.325 8.249 4.092 10.862 
281223160245 1.040 15.530 38.591 9.326 8.253 4.107 10.867 
281223161745 1.053 15.530 38.581 9.327 8.253 10.484 10.853 
281223163245 1.042 15.517 38.581 9.328 8.253 4.350 10.848 
281223164745 1.042 15.521 38.582 9.329 8.248 5.177 10.862 
281223170245 1.020 15.515 38.580 9.335 8.251 4.676 10.868 
281223171745 1.039 15.504 38.578 9.339 8.253 5.352 10.842 
281223173245 1.022 15.498 38.580 9.340 8.255 5.337 10.845 
281223174745 1.034 15.507 38.578 9.338 8.255 4.221 10.860 
281223180245 1.034 15.495 38.581 9.343 8.255 5.367 10.866 
281223181745 1.049 15.493 38.581 9.343 8.254 5.883 10.858 
281223183245 1.035 15.494 38.579 9.342 8.252 4.881 10.849 
281223184745 1.037 15.497 38.579 9.341 8.253 4.585 10.862 
281223190245 1.042 15.481 38.579 9.344 8.255 4.524 10.867 
281223191745 1.032 15.475 38.580 9.344 8.253 4.190 10.855 
281223193245 1.036 15.478 38.577 9.343 8.255 4.259 10.849 
281223194745 1.046 15.483 38.582 9.341 8.255 5.246 10.862 
281223200245 1.043 15.479 38.577 9.343 8.254 4.418 10.867 
281223201745 1.038 15.477 38.584 9.343 8.255 4.919 10.857 
281223203245 1.032 15.482 38.580 9.346 8.256 4.714 10.849 
281223204745 1.051 15.479 38.581 9.347 8.255 4.456 10.862 
281223210245 1.026 15.468 38.578 9.351 8.255 4.130 10.868 
281223211745 1.048 15.481 38.579 9.350 8.256 4.380 10.842 
281223213245 1.047 15.473 38.580 9.353 8.255 5.291 10.844 
281223214745 1.047 15.469 38.582 9.352 8.255 4.972 10.860 
281223220245 1.041 15.468 38.583 9.352 8.256 4.623 10.866 
281223221745 1.022 15.455 38.581 9.356 8.256 4.972 10.857 
281223223245 1.062 15.454 38.579 9.356 8.256 4.327 10.849 
281223224745 1.057 15.463 38.586 9.353 8.257 4.578 10.862 
281223230245 1.049 15.452 38.584 9.354 8.256 4.524 10.867 
281223231745 1.038 15.461 38.585 9.351 8.256 4.464 10.857 
281223233245 1.058 15.460 38.582 9.349 8.255 3.856 10.849 
281223234745 1.021 15.458 38.586 9.350 8.255 5.185 10.862 
291223000245 1.025 15.456 38.587 9.349 8.255 5.648 10.867 
291223001745 1.028 15.454 38.583 9.349 8.255 5.215 10.848 
291223003245 1.025 15.458 38.589 9.348 8.255 5.731 10.846 
291223004745 1.038 15.463 38.589 9.347 8.255 4.244 10.861 
291223010245 1.043 15.462 38.593 9.347 8.255 5.170 10.867 
291223011745 1.031 15.449 38.588 9.348 8.253 5.640 10.858 
291223013245 1.027 15.451 38.590 9.348 8.253 5.010 10.849 
291223014745 1.026 15.452 38.592 9.347 8.253 4.077 10.862 
291223020245 1.039 15.458 38.592 9.346 8.255 4.593 10.867 
291223021745 1.025 15.458 38.593 9.346 8.255 6.384 10.857 
291223023245 1.043 15.458 38.587 9.347 8.255 4.874 10.849 
291223024745 1.028 15.461 38.594 9.344 8.255 4.820 10.862 
291223030245 1.035 15.458 38.588 9.344 8.254 4.904 10.867 
291223031745 1.029 15.458 38.591 9.345 8.255 3.363 10.843 
291223033245 1.017 15.460 38.591 9.343 8.255 4.919 10.844 
291223034745 1.044 15.462 38.594 9.343 8.255 4.805 10.860 
291223040245 1.016 15.462 38.594 9.343 8.255 4.980 10.866 
291223041745 1.041 15.461 38.597 9.343 8.255 4.274 10.857 
291223043245 1.017 15.461 38.594 9.342 8.255 4.426 10.848 
291223044745 1.023 15.457 38.594 9.343 8.254 4.418 10.861 
291223050245 1.015 15.449 38.599 9.342 8.253 4.729 10.867 
291223051745 1.027 15.465 38.591 9.340 8.256 4.555 10.857 
291223053245 0.986 15.458 38.593 9.340 8.256 4.578 10.848 
291223054745 0.999 15.451 38.594 9.341 8.255 4.221 10.862 
291223060245 1.013 15.454 38.595 9.342 8.257 4.122 10.867 
291223061745 1.005 15.455 38.593 9.342 8.256 4.570 10.857 
291223063245 0.993 15.443 38.594 9.343 8.256 4.107 10.848 
291223064745 1.021 15.437 38.595 9.345 8.257 4.623 10.862 
291223070245 1.025 15.445 38.595 9.342 8.257 4.130 10.867 
291223071745 1.021 15.438 38.592 9.345 8.256 3.925 10.842 
291223073245 1.014 15.444 38.594 9.342 8.257 4.714 10.844 
291223074745 1.036 15.434 38.595 9.344 8.256 3.970 10.859 
291223080245 1.014 15.438 38.595 9.342 8.256 4.904 10.866 
291223081745 1.022 15.438 38.593 9.343 8.256 3.780 10.854 
291223083245 1.042 15.442 38.597 9.340 8.255 5.056 10.847 
291223084745 1.007 15.437 38.596 9.342 8.256 4.532 10.861 
291223090245 1.021 15.440 38.595 9.342 8.255 3.735 10.867 
291223091745 1.021 15.437 38.595 9.342 8.255 2.361 10.841 
291223093245 1.035 15.443 38.595 9.340 8.256 2.429 10.844 
291223094745 1.007 15.445 38.592 9.341 8.256 3.196 10.859 
291223100245 1.048 15.443 38.596 9.341 8.256 1.943 10.866 
291223101745 1.031 15.457 38.599 9.339 8.256 1.837 10.857 
291223103245 1.032 15.470 38.597 9.336 8.256 1.754 10.848 
291223104745 1.015 15.485 38.594 9.336 8.256 2.012 10.861 
291223110245 1.009 15.485 38.599 9.335 8.256 1.905 10.867 
291223111745 0.992 15.498 38.594 9.335 8.256 2.353 10.857 
291223113245 1.004 15.476 38.597 9.342 8.256 3.188 10.848 
291223114745 0.996 15.466 38.591 9.348 8.256 2.604 10.862 
291223120245 1.001 15.466 38.592 9.349 8.257 2.953 10.867 
291223121745 1.001 15.463 38.595 9.350 8.257 2.862 10.853 
291223123245 1.002 15.459 38.595 9.351 8.256 3.295 10.847 
291223124745 1.026 15.461 38.598 9.351 8.255 3.393 10.861 
291223130245 1.001 15.461 38.600 9.353 8.255 2.619 10.867 
