SAMBAT Sea Ti  C/T/D/Odo/Fluo/pH GPS : 50195 
V:0,Pression (0/50),dba
V:1,Température (-5/35),°C
V:2,Salinité (2/42),g/l
V:3,Oxygène (0/20),mgl
V:4,PH (0/14),pH
V:5,Fluorescence (0/500),ppb
V:6,Tension batterie,V
201223122541 0.926 15.644 38.498 9.265 8.253 2.065 10.737 
201223124040 0.909 15.649 38.505 9.262 8.253 2.839 10.818 
201223125540 0.884 15.656 38.497 9.263 8.253 2.467 10.845 
201223131040 0.889 15.651 38.499 9.264 8.253 3.112 10.822 
201223132540 0.904 15.649 38.502 9.266 8.253 2.756 10.827 
201223134040 0.878 15.651 38.499 9.268 8.253 3.143 10.851 
201223135540 0.853 15.649 38.504 9.271 8.253 3.173 10.860 
201223141040 0.887 15.651 38.502 9.273 8.254 4.092 10.843 
201223142540 0.883 15.650 38.502 9.276 8.254 4.046 10.832 
201223144040 0.899 15.652 38.502 9.277 8.255 4.084 10.854 
201223145540 0.864 15.648 38.499 9.281 8.254 4.714 10.862 
201223151040 0.837 15.653 38.500 9.282 8.254 4.365 10.827 
201223152540 0.874 15.653 38.501 9.284 8.253 4.502 10.829 
201223154040 0.863 15.651 38.501 9.287 8.253 4.934 10.853 
201223155540 0.892 15.637 38.506 9.292 8.254 5.344 10.862 
201223161040 0.837 15.648 38.501 9.292 8.254 5.329 10.845 
201223162540 0.877 15.646 38.499 9.298 8.255 5.094 10.833 
201223164040 0.860 15.649 38.499 9.298 8.253 5.253 10.854 
201223165540 0.881 15.635 38.504 9.305 8.253 5.291 10.862 
201223171040 0.881 15.638 38.500 9.305 8.253 5.542 10.845 
201223172540 0.926 15.635 38.503 9.308 8.254 6.195 10.834 
201223174040 0.944 15.639 38.499 9.310 8.253 5.382 10.855 
201223175540 0.878 15.639 38.495 9.312 8.254 5.473 10.863 
201223181040 0.876 15.638 38.500 9.312 8.253 5.276 10.828 
201223182540 0.865 15.637 38.498 9.313 8.254 6.521 10.830 
201223184040 0.859 15.641 38.501 9.313 8.254 5.914 10.853 
201223185540 0.871 15.626 38.496 9.320 8.254 5.010 10.862 
201223191040 0.917 15.619 38.498 9.323 8.254 5.071 10.844 
201223192540 0.913 15.615 38.503 9.325 8.254 5.390 10.833 
201223194040 0.913 15.611 38.505 9.327 8.254 4.494 10.855 
201223195540 0.886 15.612 38.497 9.327 8.253 5.542 10.863 
201223201040 0.893 15.613 38.504 9.325 8.253 5.071 10.846 
201223202540 0.885 15.613 38.500 9.326 8.252 4.486 10.834 
201223204040 0.888 15.580 38.505 9.334 8.253 5.018 10.855 
201223205540 0.877 15.611 38.500 9.328 8.254 4.137 10.863 
201223211040 0.869 15.605 38.501 9.332 8.254 5.572 10.828 
201223212540 0.897 15.600 38.506 9.333 8.253 5.025 10.830 
201223214040 0.876 15.613 38.506 9.330 8.253 4.077 10.853 
201223215540 0.956 15.590 38.504 9.336 8.253 4.570 10.862 
201223221040 0.916 15.577 38.495 9.343 8.254 4.350 10.845 
201223222540 0.884 15.595 38.506 9.337 8.254 4.957 10.833 
201223224040 0.876 15.598 38.496 9.341 8.254 4.828 10.855 
201223225540 0.927 15.601 38.501 9.340 8.254 5.041 10.863 
201223231040 0.896 15.588 38.498 9.343 8.252 3.667 10.846 
201223232540 0.913 15.580 38.503 9.346 8.254 4.130 10.834 
201223234040 0.903 15.592 38.499 9.347 8.254 5.048 10.854 
201223235540 0.955 15.594 38.500 9.347 8.254 4.418 10.863 
211223001040 0.931 15.584 38.506 9.350 8.254 4.866 10.828 
211223002540 0.923 15.570 38.495 9.357 8.254 5.033 10.829 
211223004040 0.879 15.578 38.502 9.356 8.254 3.894 10.853 
211223005540 0.915 15.568 38.500 9.358 8.255 5.481 10.862 
211223011040 0.927 15.557 38.504 9.359 8.254 4.540 10.845 
211223012540 0.901 15.558 38.502 9.359 8.254 4.297 10.833 
211223014040 0.958 15.559 38.503 9.360 8.253 4.077 10.854 
211223015540 0.939 15.542 38.514 9.361 8.253 5.435 10.862 
211223021040 0.906 15.553 38.503 9.360 8.253 4.775 10.845 
211223022540 0.874 15.552 38.504 9.362 8.253 4.790 10.833 
211223024040 0.896 15.542 38.490 9.364 8.254 4.289 10.854 
211223025540 0.882 15.554 38.501 9.358 8.254 4.502 10.862 
211223031040 0.902 15.535 38.503 9.361 8.254 4.722 10.828 
211223032540 0.908 15.533 38.491 9.362 8.254 4.357 10.829 
211223034040 0.886 15.523 38.485 9.361 8.254 5.079 10.852 
211223035540 0.881 15.530 38.494 9.358 8.255 4.168 10.861 
211223041040 0.872 15.530 38.502 9.354 8.254 5.640 10.840 
211223042540 0.906 15.519 38.497 9.354 8.254 5.785 10.831 
211223044040 0.902 15.509 38.498 9.359 8.253 5.944 10.853 
211223045540 0.861 15.495 38.498 9.363 8.254 6.240 10.862 
211223051040 0.908 15.475 38.491 9.362 8.253 4.904 10.845 
211223052540 0.855 15.483 38.501 9.357 8.254 5.443 10.832 
211223054040 0.887 15.500 38.498 9.351 8.254 4.866 10.853 
211223055540 0.933 15.496 38.494 9.351 8.255 4.805 10.861 
211223061040 0.870 15.500 38.497 9.345 8.255 5.610 10.844 
211223062540 0.905 15.488 38.503 9.344 8.254 4.411 10.832 
211223064040 0.907 15.488 38.502 9.343 8.254 4.737 10.853 
211223065540 0.910 15.492 38.499 9.339 8.255 4.722 10.861 
211223071040 0.928 15.490 38.504 9.337 8.255 3.803 10.827 
211223072540 0.915 15.490 38.496 9.336 8.255 4.206 10.829 
211223074040 0.957 15.479 38.504 9.335 8.255 4.737 10.851 
211223075540 0.917 15.479 38.493 9.335 8.255 5.261 10.860 
211223081040 0.936 15.463 38.504 9.337 8.255 4.783 10.843 
211223082540 0.909 15.454 38.501 9.336 8.254 4.950 10.832 
211223084040 0.882 15.483 38.494 9.329 8.255 4.350 10.853 
211223085540 0.896 15.490 38.500 9.326 8.255 4.760 10.861 
211223091040 0.921 15.498 38.491 9.325 8.255 3.993 10.841 
211223092540 0.895 15.503 38.492 9.323 8.255 4.251 10.831 
211223094040 0.939 15.503 38.502 9.320 8.255 2.809 10.853 
211223095540 0.939 15.510 38.495 9.322 8.254 2.862 10.861 
211223101040 0.882 15.494 38.494 9.328 8.255 2.794 10.826 
211223102540 0.855 15.517 38.487 9.326 8.255 1.913 10.828 
211223104040 0.934 15.524 38.496 9.320 8.255 2.012 10.851 
211223105540 0.902 15.534 38.493 9.320 8.255 1.769 10.860 
211223111040 0.887 15.538 38.493 9.319 8.255 2.368 10.844 
211223112540 0.871 15.555 38.492 9.318 8.255 1.867 10.832 
211223114040 0.901 15.605 38.492 9.311 8.258 1.609 10.853 
211223115540 0.886 15.631 38.484 9.305 8.258 1.571 10.861 
211223121040 0.886 15.637 38.488 9.307 8.258 1.830 10.826 
211223122540 0.903 15.684 38.482 9.306 8.259 1.124 10.829 
