SAMBAT Sea Ti  C/T/D/Odo/Fluo/pH GPS : 50195 
V:0,Pression (0/50),dba
V:1,Température (-5/35),°C
V:2,Salinité (2/42),g/l
V:3,Oxygène (0/20),mgl
V:4,PH (0/14),pH
V:5,Fluorescence (0/500),ppb
V:6,Tension batterie,V
080723140932 0.806 24.890 39.037 8.387 8.270 0.615 10.833 
080723142431 0.799 24.605 39.027 8.445 8.265 0.455 10.931 
080723143940 0.839 24.697 39.024 8.426 8.268 0.949 10.892 
080723145431 0.811 24.631 39.027 8.437 8.267 0.455 10.939 
080723150931 0.795 24.674 39.031 8.423 8.269 1.040 10.945 
080723152431 0.805 24.651 39.025 8.431 8.269 0.827 10.947 
080723153940 0.814 24.574 39.025 8.441 8.268 0.759 10.894 
080723155431 0.772 24.465 39.032 8.460 8.268 0.926 10.939 
080723160931 0.771 24.425 39.033 8.462 8.269 0.402 10.946 
080723162431 0.780 24.400 39.027 8.455 8.270 0.683 10.947 
080723163940 0.771 24.405 39.021 8.449 8.270 0.585 10.893 
080723165431 0.822 24.425 39.027 8.444 8.271 0.919 10.937 
080723170931 0.817 24.454 39.027 8.433 8.272 0.949 10.945 
080723172431 0.783 24.522 39.016 8.412 8.271 0.812 10.946 
080723173940 0.742 24.577 39.017 8.397 8.272 1.078 10.894 
080723175431 0.790 24.595 39.028 8.392 8.271 0.987 10.940 
080723180931 0.778 24.561 39.024 8.399 8.270 1.154 10.946 
080723182431 0.812 24.458 39.018 8.419 8.270 1.465 10.947 
080723183940 0.793 24.380 39.015 8.422 8.269 1.093 10.894 
080723185431 0.793 24.277 39.028 8.420 8.270 1.207 10.939 
080723190931 0.822 24.240 39.023 8.416 8.270 1.321 10.946 
080723192431 0.830 24.200 39.034 8.411 8.271 1.328 10.946 
080723193940 0.829 24.327 39.052 8.404 8.274 1.336 10.893 
080723195431 0.819 24.517 39.056 8.379 8.274 1.298 10.934 
080723200931 0.810 24.597 39.076 8.356 8.273 1.374 10.944 
080723202431 0.831 24.630 39.043 8.353 8.272 1.450 10.946 
080723203940 0.818 24.788 39.052 8.318 8.274 1.594 10.894 
080723205431 0.787 24.942 39.039 8.290 8.274 1.336 10.940 
080723210931 0.784 24.985 39.027 8.282 8.274 1.397 10.946 
080723212431 0.807 25.026 39.046 8.277 8.272 1.366 10.948 
080723213940 0.809 24.966 39.025 8.292 8.272 1.473 10.896 
080723215431 0.787 24.906 39.031 8.307 8.272 1.291 10.938 
080723220931 0.809 24.890 39.022 8.315 8.272 1.526 10.946 
080723222431 0.820 24.907 39.034 8.317 8.274 1.344 10.948 
080723223940 0.815 24.883 39.031 8.327 8.273 1.412 10.896 
080723225431 0.798 24.829 39.027 8.347 8.273 1.404 10.941 
080723230931 0.813 24.785 39.019 8.355 8.273 1.518 10.947 
080723232431 0.816 24.783 39.018 8.359 8.274 1.473 10.948 
080723233940 0.818 24.758 39.017 8.369 8.274 2.042 10.895 
080723235431 0.843 24.742 39.044 8.371 8.274 1.382 10.941 
090723000931 0.825 24.771 39.018 8.367 8.275 1.708 10.947 
090723002431 0.821 24.759 39.021 8.370 8.274 1.215 10.948 
090723003940 0.826 24.749 39.020 8.378 8.274 1.716 10.895 
090723005431 0.806 24.759 39.024 8.381 8.274 1.351 10.937 
090723010931 0.827 24.746 39.025 8.390 8.274 1.397 10.946 
090723012431 0.821 24.752 39.023 8.396 8.274 1.199 10.947 
090723013940 0.819 24.758 39.030 8.400 8.274 1.336 10.894 
090723015431 0.830 24.767 39.011 8.404 8.275 1.465 10.940 
090723020931 0.818 24.767 39.021 8.405 8.274 1.473 10.946 
090723022431 0.829 24.772 39.026 8.406 8.274 1.549 10.947 
090723023940 0.833 24.761 39.014 8.403 8.274 1.078 10.894 
090723025431 0.832 24.748 39.012 8.405 8.274 1.169 10.940 
090723030931 0.839 24.728 39.004 8.407 8.273 1.435 10.946 
090723032431 0.830 24.694 39.018 8.409 8.273 1.632 10.947 
090723033940 0.844 24.663 39.008 8.414 8.273 1.556 10.894 
090723035431 0.838 24.627 39.014 8.419 8.273 1.731 10.936 
090723040931 0.814 24.612 38.994 8.419 8.274 1.549 10.945 
090723042431 0.834 24.578 39.013 8.423 8.274 1.511 10.946 
090723043940 0.811 24.564 39.014 8.424 8.276 1.685 10.894 
090723045431 0.838 24.527 39.010 8.428 8.276 1.336 10.939 
090723050931 0.840 24.468 39.008 8.439 8.274 1.625 10.945 
090723052431 0.839 24.371 39.013 8.443 8.272 1.480 10.946 
090723053940 0.840 24.370 39.014 8.438 8.272 1.427 10.892 
090723055431 0.838 24.407 39.013 8.432 8.273 1.382 10.938 
090723060931 0.860 24.425 39.020 8.429 8.274 1.321 10.944 
090723062431 0.839 24.403 39.009 8.425 8.273 1.389 10.945 
090723063940 0.842 24.391 39.009 8.422 8.272 1.108 10.892 
090723065431 0.835 24.401 39.008 8.416 8.273 0.911 10.934 
090723070931 0.868 24.407 39.011 8.412 8.274 0.721 10.943 
090723072431 0.830 24.578 39.014 8.371 8.276 0.926 10.945 
090723073940 0.824 24.557 39.016 8.378 8.275 0.843 10.891 
090723075431 0.830 24.542 39.031 8.380 8.272 0.630 10.938 
090723080931 0.845 24.454 39.021 8.400 8.271 0.979 10.944 
090723082431 0.830 24.430 39.034 8.403 8.272 0.478 10.945 
090723083940 0.856 24.350 39.017 8.405 8.272 1.055 10.892 
090723085431 0.839 24.403 39.034 8.407 8.273 0.493 10.934 
090723090931 0.831 24.420 39.034 8.406 8.274 0.782 10.943 
090723092431 0.827 24.431 39.011 8.411 8.275 0.698 10.944 
090723093941 0.852 24.485 39.011 8.400 8.274 0.714 10.892 
090723095431 0.837 24.518 39.015 8.398 8.274 0.774 10.938 
090723100931 0.844 24.611 39.076 8.377 8.275 0.759 10.944 
090723102431 0.845 24.651 39.003 8.381 8.275 0.638 10.945 
090723103940 0.864 24.710 39.024 8.373 8.275 0.554 10.892 
090723105431 0.849 24.758 39.016 8.373 8.274 0.509 10.938 
090723110931 0.827 24.814 38.975 8.373 8.274 0.600 10.945 
090723112431 0.856 24.823 39.003 8.380 8.273 0.577 10.946 
090723113940 0.831 24.920 38.990 8.367 8.274 0.676 10.893 
090723115431 0.826 24.904 39.005 8.374 8.274 0.554 10.936 
090723120931 0.825 24.960 39.036 8.373 8.272 0.630 10.945 
090723122431 0.829 24.974 39.012 8.379 8.272 0.592 10.947 
090723123940 0.810 25.020 38.995 8.383 8.272 0.850 10.894 
090723125431 0.812 25.040 38.997 8.389 8.271 0.607 10.940 
090723130931 0.748 25.023 39.033 8.402 8.270 0.486 10.946 
090723132431 0.836 25.087 39.028 8.399 8.273 0.585 10.947 
090723133940 0.792 25.124 39.023 8.398 8.272 0.448 10.895 
090723135431 0.820 25.095 39.017 8.410 8.271 0.539 10.941 
090723140931 0.844 25.275 39.051 8.380 8.274 0.471 10.947 
