SAMBAT Sea Ti  C/T/D/Odo/Fluo/pH GPS : 50195 
V:0,Pression (0/50),m
V:1,Température (-5/35),°C
V:2,Salinité (2/42),g/l
V:3,Oxygène (0/20),mgl
V:4,PH (0/14),pH
V:5,Fluorescence (0/50),µgl
V:6,Tension batterie,V
010123185246 1.069 16.030 37.524 9.296 8.345 0.415 10.726 
010123190745 1.064 16.050 37.529 9.293 8.345 1.196 10.807 
010123192245 1.062 16.025 37.541 9.295 8.345 0.460 10.835 
010123193745 1.065 16.013 37.539 9.293 8.345 0.450 10.847 
010123195245 1.076 16.001 37.534 9.288 8.346 0.359 10.853 
010123200745 1.071 15.988 37.522 9.289 8.346 0.395 10.821 
010123202245 1.070 15.973 37.663 9.291 8.346 0.460 10.842 
010123203745 1.069 15.986 37.705 9.285 8.346 0.467 10.851 
010123205245 1.078 15.979 37.719 9.284 8.346 0.353 10.855 
010123210745 1.052 15.964 37.503 9.281 8.346 0.411 10.831 
010123212245 1.068 15.962 37.499 9.280 8.346 0.415 10.847 
010123213745 1.058 15.959 37.536 9.275 8.346 0.403 10.853 
010123215245 1.069 15.949 37.498 9.280 8.347 0.438 10.856 
010123220745 1.047 15.949 37.488 9.280 8.347 0.413 10.829 
010123222245 1.069 15.938 37.478 9.283 8.347 0.370 10.846 
010123223745 1.048 15.944 37.597 9.279 8.347 0.438 10.853 
010123225245 1.065 15.929 37.578 9.280 8.347 0.390 10.857 
010123230745 1.074 15.930 37.476 9.278 8.348 0.468 10.821 
010123232245 1.065 15.926 37.474 9.280 8.348 0.460 10.843 
010123233745 1.084 15.934 37.475 9.282 8.348 0.508 10.851 
010123235245 1.078 15.937 37.479 9.278 8.348 0.638 10.855 
020123000745 1.087 15.931 37.478 9.281 8.348 0.513 10.830 
020123002245 1.073 15.932 37.481 9.276 8.349 0.494 10.846 
020123003745 1.068 15.931 37.475 9.280 8.349 0.441 10.853 
020123005245 1.046 15.923 37.467 9.283 8.349 0.441 10.856 
020123010745 1.062 15.920 37.489 9.286 8.349 0.420 10.830 
020123012245 1.043 15.928 37.531 9.289 8.349 0.396 10.846 
020123013745 1.029 15.931 37.505 9.291 8.350 0.490 10.853 
020123015245 1.069 15.928 37.460 9.292 8.350 0.474 10.857 
020123020745 1.059 15.919 37.468 9.291 8.350 0.412 10.829 
020123022245 1.059 15.923 37.461 9.295 8.350 0.464 10.846 
020123023745 1.046 15.915 37.512 9.297 8.350 0.498 10.853 
020123025245 1.061 15.916 37.464 9.297 8.351 0.575 10.856 
020123030745 1.052 15.915 37.466 9.299 8.351 0.513 10.822 
020123032245 1.060 15.908 37.480 9.297 8.351 0.410 10.843 
020123033745 1.036 15.908 37.476 9.294 8.351 0.477 10.851 
020123035245 1.064 15.899 37.477 9.294 8.352 0.410 10.855 
020123040745 1.060 15.915 37.556 9.289 8.352 0.442 10.830 
020123042245 1.038 15.922 37.566 9.284 8.352 0.432 10.846 
020123043745 1.081 15.923 37.444 9.287 8.352 0.494 10.853 
020123045245 1.040 15.916 37.473 9.288 8.352 0.451 10.856 
020123050745 1.045 15.922 37.508 9.288 8.353 0.453 10.830 
020123052245 1.049 15.905 37.453 9.293 8.352 0.507 10.846 
020123053745 1.043 15.927 37.451 9.285 8.353 0.473 10.853 
020123055245 1.053 15.921 37.458 9.286 8.353 0.435 10.856 
020123060745 1.050 15.904 37.478 9.294 8.353 0.488 10.821 
020123062245 1.035 15.924 37.465 9.288 8.354 0.459 10.842 
020123063745 1.051 15.922 37.686 9.285 8.354 0.441 10.851 
020123065245 1.057 15.921 37.679 9.288 8.354 0.423 10.855 
020123070745 1.061 15.923 37.671 9.287 8.354 0.490 10.830 
020123072245 1.043 15.926 37.468 9.284 8.354 0.584 10.846 
020123073745 1.057 15.921 37.474 9.283 8.354 0.412 10.853 
020123075245 1.049 15.925 37.488 9.280 8.354 0.487 10.856 
020123080745 1.055 15.923 37.493 9.280 8.354 0.517 10.830 
020123082245 1.048 15.926 37.513 9.281 8.354 0.526 10.846 
020123083745 1.047 15.910 37.518 9.279 8.355 0.507 10.853 
020123085245 1.059 15.907 37.511 9.280 8.355 0.570 10.856 
020123090745 1.056 15.912 37.516 9.285 8.354 0.491 10.821 
020123092245 1.052 15.914 37.469 9.287 8.354 0.529 10.842 
020123093745 1.046 15.909 37.468 9.287 8.354 0.420 10.851 
020123095245 1.054 15.905 37.446 9.289 8.354 0.446 10.855 
020123100745 1.074 15.921 37.455 9.285 8.354 0.312 10.829 
020123102245 1.075 15.922 37.592 9.290 8.353 0.249 10.846 
020123103745 1.059 15.919 37.544 9.292 8.352 0.235 10.853 
020123105245 1.071 15.924 37.439 9.292 8.353 0.215 10.856 
020123110745 1.068 15.923 37.469 9.295 8.352 0.156 10.830 
020123112245 1.063 15.930 37.467 9.298 8.352 0.137 10.846 
020123113745 1.060 15.935 37.471 9.294 8.351 0.199 10.853 
020123115245 1.071 15.944 37.470 9.294 8.351 0.118 10.857 
020123120745 1.074 15.948 37.469 9.297 8.351 0.128 10.830 
020123122245 1.053 15.959 37.463 9.297 8.350 0.150 10.846 
020123123745 1.055 15.982 37.469 9.298 8.349 0.118 10.853 
020123125245 1.056 16.001 37.465 9.301 8.348 0.090 10.857 
020123130745 1.049 15.996 37.440 9.310 8.347 0.147 10.820 
020123132245 1.041 16.008 37.432 9.312 8.347 0.213 10.842 
020123133745 1.046 16.025 37.425 9.312 8.346 0.105 10.851 
020123135245 1.041 16.019 37.410 9.319 8.346 0.128 10.856 
020123140745 1.041 16.027 37.402 9.323 8.346 0.095 10.831 
020123142245 1.046 16.018 37.404 9.330 8.346 0.138 10.847 
020123143745 1.039 16.041 37.406 9.325 8.345 0.111 10.854 
020123145245 1.021 16.062 37.404 9.325 8.345 0.128 10.857 
020123150745 1.036 16.056 37.403 9.330 8.345 0.262 10.831 
020123152245 1.035 16.049 37.591 9.333 8.345 0.128 10.847 
020123153745 1.045 16.068 37.456 9.328 8.344 0.194 10.854 
020123155245 1.025 16.078 37.381 9.328 8.345 0.270 10.857 
020123160745 1.042 16.078 37.386 9.328 8.344 0.271 10.831 
020123162245 1.030 16.079 37.388 9.329 8.344 0.273 10.847 
020123163745 1.038 16.071 37.428 9.335 8.345 0.383 10.854 
020123165245 1.047 16.055 37.379 9.339 8.345 0.386 10.857 
020123170745 1.024 16.034 37.377 9.344 8.346 0.395 10.823 
020123172245 1.043 16.016 37.420 9.346 8.346 0.458 10.844 
020123173745 1.032 16.001 37.588 9.347 8.346 0.472 10.852 
020123175245 1.040 15.980 37.383 9.350 8.347 0.584 10.856 
020123180745 1.030 15.969 37.609 9.351 8.346 0.394 10.831 
020123182245 1.066 15.963 37.407 9.348 8.347 0.527 10.847 
020123183745 1.007 15.961 37.369 9.346 8.347 0.420 10.854 
020123185245 1.067 15.949 37.595 9.352 8.346 0.569 10.857 
