SAMBAT Sea Ti  C/T/D/Odo/Fluo/pH GPS : 50195 
V:0,Pression (0/50),dba
V:1,Température (-5/35),°C
V:2,Salinité (2/42),g/l
V:3,Oxygène (0/20),mgl
V:4,PH (0/14),pH
V:5,Fluorescence (0/500),ppb
V:6,Tension batterie,V
221223123025 0.865 15.551 38.466 9.371 8.255 1.845 10.739 
221223124524 0.934 15.562 38.461 9.371 8.255 2.012 10.820 
221223130024 0.777 15.565 38.463 9.371 8.255 2.217 10.846 
221223131524 0.886 15.568 38.459 9.372 8.255 2.164 10.836 
221223133024 0.784 15.572 38.461 9.371 8.255 1.867 10.838 
221223134524 0.856 15.574 38.466 9.370 8.255 1.860 10.855 
221223140024 0.845 15.590 38.463 9.369 8.255 1.959 10.863 
221223141524 0.796 15.609 38.459 9.367 8.255 2.072 10.852 
221223143024 0.895 15.615 38.462 9.366 8.255 2.285 10.844 
221223144524 0.805 15.617 38.461 9.366 8.255 1.867 10.858 
221223150024 0.909 15.617 38.459 9.368 8.255 2.498 10.865 
221223151524 0.906 15.621 38.456 9.369 8.256 2.687 10.853 
221223153024 0.826 15.628 38.460 9.363 8.256 3.029 10.844 
221223154524 0.825 15.633 38.462 9.363 8.256 3.462 10.860 
221223160024 0.742 15.632 38.455 9.365 8.256 4.327 10.866 
221223161524 0.920 15.639 38.456 9.363 8.257 4.524 10.843 
221223163024 0.927 15.655 38.455 9.361 8.257 4.669 10.842 
221223164524 0.965 15.663 38.462 9.363 8.257 4.699 10.859 
221223170024 0.938 15.646 38.450 9.371 8.256 4.752 10.866 
221223171524 0.839 15.650 38.462 9.368 8.256 6.050 10.854 
221223173024 0.801 15.642 38.466 9.370 8.256 5.944 10.845 
221223174524 0.883 15.627 38.462 9.377 8.255 3.963 10.860 
221223180024 0.776 15.638 38.451 9.377 8.256 4.881 10.866 
221223181524 0.857 15.631 38.455 9.378 8.255 4.403 10.853 
221223183024 0.827 15.621 38.464 9.382 8.255 4.858 10.845 
221223184524 0.914 15.627 38.454 9.382 8.255 4.213 10.860 
221223190024 0.808 15.609 38.461 9.389 8.253 4.145 10.866 
221223191524 0.954 15.606 38.458 9.393 8.254 4.350 10.844 
221223193024 0.903 15.614 38.460 9.390 8.254 4.722 10.842 
221223194524 0.801 15.615 38.457 9.391 8.254 3.818 10.859 
221223200024 0.838 15.594 38.468 9.393 8.255 4.213 10.866 
221223201524 0.854 15.608 38.457 9.391 8.255 3.925 10.855 
221223203024 1.041 15.618 38.458 9.386 8.254 4.054 10.845 
221223204524 0.837 15.612 38.456 9.389 8.254 4.426 10.860 
221223210024 0.809 15.607 38.460 9.388 8.255 4.638 10.866 
221223211524 0.966 15.624 38.454 9.384 8.255 4.206 10.853 
221223213024 0.922 15.622 38.456 9.384 8.254 4.957 10.845 
221223214524 0.879 15.636 38.454 9.376 8.253 3.978 10.860 
221223220024 0.836 15.605 38.458 9.387 8.254 4.312 10.866 
221223221524 0.912 15.629 38.459 9.375 8.255 4.114 10.843 
221223223024 0.995 15.617 38.462 9.381 8.254 4.236 10.842 
221223224524 0.897 15.622 38.456 9.379 8.255 4.289 10.859 
221223230024 0.887 15.623 38.460 9.374 8.254 5.025 10.865 
221223231524 0.814 15.621 38.455 9.378 8.255 5.071 10.855 
221223233024 0.646 15.624 38.456 9.371 8.255 5.663 10.845 
221223234524 0.956 15.629 38.458 9.369 8.255 4.638 10.860 
231223000024 0.891 15.631 38.458 9.369 8.255 4.304 10.866 
231223001524 0.678 15.612 38.459 9.378 8.255 4.039 10.843 
231223003024 0.862 15.635 38.450 9.368 8.255 4.122 10.842 
231223004524 0.845 15.627 38.446 9.373 8.254 4.077 10.858 
231223010024 0.666 15.610 38.456 9.376 8.254 4.684 10.865 
231223011524 0.875 15.605 38.452 9.378 8.255 4.729 10.854 
231223013024 0.752 15.611 38.456 9.378 8.255 4.168 10.844 
231223014524 0.917 15.597 38.453 9.383 8.254 4.585 10.860 
231223020024 0.971 15.614 38.456 9.377 8.255 3.970 10.866 
231223021524 0.808 15.605 38.453 9.379 8.255 3.651 10.854 
231223023024 0.896 15.616 38.451 9.378 8.255 4.570 10.844 
231223024524 0.844 15.617 38.452 9.378 8.254 4.555 10.860 
231223030024 0.821 15.628 38.448 9.372 8.254 5.101 10.866 
231223031524 0.930 15.618 38.447 9.376 8.254 4.206 10.843 
231223033024 0.812 15.594 38.454 9.381 8.254 4.266 10.842 
231223034524 0.890 15.637 38.449 9.367 8.255 4.183 10.858 
231223040024 0.888 15.636 38.449 9.366 8.255 4.881 10.865 
231223041524 0.852 15.628 38.449 9.368 8.254 4.714 10.853 
231223043024 0.732 15.639 38.443 9.365 8.255 4.160 10.844 
231223044524 0.834 15.646 38.445 9.362 8.255 4.441 10.860 
231223050024 0.817 15.649 38.444 9.360 8.254 4.866 10.866 
231223051524 0.843 15.649 38.442 9.359 8.255 4.403 10.854 
231223053024 0.939 15.660 38.449 9.355 8.255 4.524 10.844 
231223054524 0.909 15.667 38.442 9.355 8.255 4.236 10.860 
231223060024 0.923 15.663 38.448 9.354 8.255 3.659 10.866 
231223061524 0.893 15.636 38.453 9.357 8.255 4.266 10.843 
231223063024 0.917 15.664 38.453 9.351 8.254 4.342 10.842 
231223064524 0.904 15.658 38.447 9.350 8.255 4.213 10.858 
231223070024 0.814 15.652 38.452 9.350 8.255 4.813 10.865 
231223071524 0.923 15.653 38.451 9.350 8.255 4.494 10.855 
231223073024 0.896 15.655 38.453 9.349 8.255 4.927 10.845 
231223074524 0.832 15.646 38.453 9.349 8.255 4.585 10.860 
231223080024 0.943 15.637 38.452 9.350 8.255 4.676 10.866 
231223081524 0.780 15.659 38.447 9.345 8.255 4.099 10.854 
231223083024 0.817 15.646 38.449 9.349 8.255 3.872 10.844 
231223084524 0.876 15.647 38.454 9.345 8.255 4.168 10.860 
231223090024 0.904 15.648 38.447 9.346 8.256 3.469 10.866 
231223091524 0.978 15.646 38.450 9.347 8.255 2.665 10.843 
231223093024 0.905 15.638 38.453 9.349 8.255 2.589 10.842 
231223094524 0.831 15.658 38.443 9.343 8.255 2.414 10.859 
231223100024 0.862 15.662 38.451 9.342 8.254 2.194 10.865 
231223101524 0.887 15.663 38.449 9.342 8.254 1.860 10.854 
231223103024 0.917 15.661 38.452 9.343 8.254 1.860 10.844 
231223104524 0.745 15.668 38.447 9.343 8.254 1.746 10.860 
231223110024 0.949 15.672 38.449 9.342 8.253 1.761 10.866 
231223111524 1.028 15.674 38.445 9.342 8.254 1.609 10.848 
231223113024 0.772 15.677 38.448 9.342 8.253 1.997 10.843 
231223114524 0.904 15.680 38.448 9.342 8.254 1.640 10.859 
231223120024 0.942 15.686 38.444 9.340 8.253 1.943 10.865 
231223121524 0.874 15.703 38.445 9.338 8.254 1.351 10.853 
231223123024 0.919 15.718 38.446 9.334 8.254 1.321 10.844 
