SAMBAT Sea Ti  C/T/D/Odo/Fluo/pH GPS : 50195 
V:0,Pression (0/50),dba
V:1,Température (-5/35),°C
V:2,Salinité (2/42),g/l
V:3,Oxygène (0/20),mgl
V:4,PH (0/14),pH
V:5,Fluorescence (0/500),ppb
V:6,Tension batterie,V
030723135716 0.734 25.423 39.090 8.402 8.268 0.926 10.835 
030723141215 0.807 25.437 39.098 8.402 8.268 1.025 10.936 
030723142715 0.801 25.443 39.099 8.404 8.268 1.131 10.949 
030723144215 0.749 25.441 39.103 8.406 8.268 1.108 10.909 
030723145715 0.742 25.431 39.104 8.411 8.267 1.215 10.947 
030723151215 0.704 25.447 39.103 8.409 8.266 1.275 10.951 
030723152715 0.715 25.512 39.104 8.395 8.265 1.306 10.952 
030723154215 0.653 25.534 39.109 8.390 8.265 1.503 10.892 
030723155715 0.787 25.560 39.115 8.386 8.265 1.366 10.946 
030723161215 0.729 25.564 39.109 8.388 8.265 1.306 10.951 
030723162715 0.788 25.554 39.116 8.390 8.265 1.404 10.952 
030723164215 0.784 25.518 39.116 8.397 8.265 1.495 10.910 
030723165715 0.794 25.492 39.089 8.403 8.265 1.488 10.948 
030723171215 0.846 25.447 39.107 8.417 8.266 1.837 10.951 
030723172715 0.815 25.417 39.113 8.426 8.267 1.708 10.952 
030723174215 0.823 25.426 39.111 8.425 8.267 1.002 10.909 
030723175715 0.822 25.411 39.113 8.430 8.268 1.928 10.948 
030723181215 0.806 25.437 39.127 8.427 8.268 1.480 10.952 
030723182715 0.729 25.419 39.133 8.432 8.268 1.754 10.952 
030723184215 0.756 25.438 39.134 8.431 8.267 1.951 10.890 
030723185715 0.732 25.422 39.127 8.435 8.267 1.814 10.945 
030723191215 0.765 25.392 39.133 8.441 8.268 1.587 10.950 
030723192715 0.718 25.341 39.125 8.455 8.270 1.784 10.951 
030723194215 0.797 25.319 39.133 8.463 8.270 1.928 10.909 
030723195715 0.762 25.309 39.131 8.465 8.271 1.852 10.947 
030723201215 0.679 25.273 39.140 8.478 8.272 1.943 10.951 
030723202715 0.830 25.258 39.137 8.482 8.272 2.406 10.951 
030723204215 0.678 25.211 39.136 8.491 8.274 1.943 10.907 
030723205715 0.780 25.145 39.130 8.508 8.277 1.609 10.947 
030723211215 0.841 25.199 39.136 8.500 8.277 1.784 10.950 
030723212715 0.731 25.211 39.143 8.496 8.272 2.004 10.951 
030723214215 0.847 25.205 39.154 8.495 8.270 1.837 10.889 
030723215715 0.746 25.180 39.155 8.499 8.270 1.890 10.944 
030723221215 0.794 25.174 39.155 8.499 8.271 1.845 10.949 
030723222715 0.806 25.164 39.159 8.502 8.272 1.716 10.950 
030723224215 0.831 25.184 39.162 8.499 8.272 1.928 10.907 
030723225715 0.774 25.212 39.155 8.496 8.272 1.867 10.946 
030723231215 0.747 25.232 39.169 8.491 8.272 2.088 10.950 
030723232715 0.826 25.229 39.169 8.490 8.272 1.837 10.950 
030723234215 0.714 25.184 39.173 8.492 8.272 3.166 10.908 
030723235715 0.793 25.189 39.166 8.492 8.272 1.746 10.946 
040723001215 0.711 25.180 39.173 8.489 8.274 2.209 10.950 
040723002715 0.747 25.178 39.170 8.489 8.275 1.708 10.950 
040723004215 0.743 25.176 39.168 8.491 8.276 1.981 10.890 
040723005715 0.797 25.167 39.173 8.490 8.277 1.723 10.943 
040723011215 0.725 25.171 39.177 8.487 8.277 1.898 10.949 
040723012715 0.762 25.173 39.178 8.489 8.279 1.875 10.950 
040723014215 0.829 25.192 39.177 8.488 8.277 1.609 10.907 
040723015715 0.799 25.181 39.175 8.488 8.276 2.034 10.946 
040723021215 0.793 25.199 39.186 8.483 8.274 1.678 10.949 
040723022715 0.817 25.180 39.182 8.481 8.274 1.670 10.950 
040723024215 0.800 25.202 39.184 8.475 8.273 1.670 10.911 
040723025715 0.796 25.199 39.184 8.471 8.273 1.898 10.946 
040723031215 0.847 25.187 39.182 8.466 8.273 1.564 10.949 
040723032715 0.821 25.176 39.180 8.462 8.273 2.194 10.950 
040723034215 0.666 25.176 39.186 8.460 8.273 1.921 10.886 
040723035715 0.793 25.171 39.184 8.462 8.272 1.761 10.943 
040723041215 0.796 25.159 39.187 8.464 8.273 1.746 10.948 
040723042715 0.796 25.150 39.181 8.466 8.273 1.723 10.949 
040723044215 0.786 25.168 39.186 8.459 8.273 1.928 10.905 
040723045715 0.766 25.161 39.185 8.460 8.273 1.860 10.945 
040723051215 0.797 25.156 39.189 8.459 8.273 1.708 10.948 
040723052715 0.744 25.168 39.180 8.458 8.274 1.989 10.949 
040723054215 0.755 25.161 39.184 8.456 8.274 1.883 10.906 
040723055715 0.795 25.161 39.191 8.456 8.274 1.632 10.945 
040723061215 0.738 25.167 39.183 8.455 8.273 1.617 10.949 
040723062715 0.809 25.161 39.187 8.454 8.273 1.215 10.949 
040723064215 0.805 25.162 39.192 8.453 8.273 1.374 10.887 
040723065715 0.788 25.170 39.185 8.450 8.273 1.571 10.942 
040723071215 0.775 25.173 39.178 8.445 8.272 1.260 10.948 
040723072715 0.748 25.173 39.185 8.441 8.272 1.518 10.949 
040723074215 0.748 25.164 39.180 8.440 8.272 1.435 10.906 
040723075715 0.785 25.173 39.185 8.432 8.272 1.344 10.945 
040723081215 0.743 25.196 39.186 8.427 8.272 0.926 10.948 
040723082715 0.768 25.209 39.182 8.423 8.272 1.237 10.949 
040723084215 0.788 25.205 39.180 8.424 8.271 1.222 10.905 
040723085715 0.772 25.220 39.183 8.422 8.271 1.306 10.945 
040723091215 0.746 25.212 39.182 8.424 8.271 0.896 10.949 
040723092715 0.797 25.238 39.180 8.421 8.270 1.184 10.949 
040723094215 0.751 25.251 39.178 8.422 8.270 1.495 10.888 
040723095715 0.847 25.281 39.186 8.413 8.270 1.139 10.942 
040723101215 0.789 25.304 39.182 8.408 8.270 0.911 10.948 
040723102715 0.766 25.325 39.182 8.408 8.270 1.025 10.949 
040723104215 0.783 25.325 39.177 8.410 8.270 0.957 10.906 
040723105715 0.817 25.309 39.178 8.412 8.269 0.752 10.945 
040723111215 0.744 25.297 39.172 8.416 8.269 1.055 10.949 
040723112715 0.827 25.331 39.176 8.410 8.269 0.979 10.949 
040723114215 0.627 25.328 39.187 8.411 8.270 0.873 10.906 
040723115715 0.773 25.340 39.167 8.410 8.269 0.752 10.945 
040723121215 0.727 25.355 39.167 8.408 8.269 1.032 10.949 
040723122715 0.867 25.383 39.164 8.400 8.268 0.721 10.949 
040723124215 0.781 25.392 39.162 8.399 8.268 0.744 10.889 
040723125715 0.814 25.397 39.161 8.397 8.268 1.017 10.943 
040723131215 0.920 25.401 39.213 8.396 8.268 0.835 10.949 
040723132715 0.873 25.411 39.161 8.395 8.268 0.903 10.949 
040723134215 0.736 25.407 39.161 8.395 8.267 0.911 10.907 
040723135715 0.696 25.410 39.160 8.396 8.267 0.873 10.945 
