SAMBAT Sea Ti  C/T/D/Odo/Fluo/pH GPS : 50195 
V:0,Pression (0/50),dba
V:1,Température (-5/35),°C
V:2,Salinité (2/42),g/l
V:3,Oxygène (0/20),mgl
V:4,PH (0/14),pH
V:5,Fluorescence (0/500),ppb
V:6,Tension batterie,V
270623134226 0.858 25.844 38.503 8.337 8.261 1.002 10.835 
270623135725 0.774 25.873 38.500 8.333 8.260 0.873 10.938 
270623141225 0.726 25.890 38.499 8.328 8.260 1.063 10.951 
270623142725 0.736 25.907 38.508 8.322 8.260 1.298 10.953 
270623144225 0.757 25.943 38.506 8.316 8.260 0.782 10.914 
270623145725 0.777 26.000 38.506 8.301 8.260 0.622 10.950 
270623151225 0.723 26.043 38.509 8.292 8.259 0.820 10.953 
270623152725 0.810 26.091 38.509 8.279 8.259 0.850 10.954 
270623154225 0.776 26.114 38.515 8.273 8.260 1.389 10.905 
270623155725 0.750 26.116 38.514 8.272 8.260 0.797 10.950 
270623161225 0.731 26.111 38.506 8.275 8.262 1.184 10.954 
270623162725 0.779 26.097 38.498 8.280 8.264 1.404 10.955 
270623164225 0.714 26.059 38.503 8.291 8.265 1.427 10.916 
270623165725 0.742 26.026 38.500 8.306 8.267 1.754 10.951 
270623171225 0.744 26.008 38.499 8.316 8.269 1.526 10.954 
270623172725 0.757 26.032 38.503 8.318 8.270 1.503 10.955 
270623174225 0.818 26.020 38.508 8.326 8.270 1.480 10.914 
270623175725 0.696 26.039 38.512 8.328 8.270 1.533 10.951 
270623181225 0.742 26.031 38.509 8.335 8.269 1.905 10.954 
270623182725 0.717 26.012 38.510 8.343 8.269 1.556 10.955 
270623184225 0.702 26.017 38.505 8.344 8.269 2.019 10.916 
270623185725 0.698 25.988 38.506 8.353 8.268 2.042 10.951 
270623191225 0.762 25.960 38.506 8.365 8.269 2.171 10.954 
270623192725 0.783 25.933 38.505 8.373 8.269 2.262 10.955 
270623194225 0.744 25.917 38.507 8.382 8.270 2.156 10.915 
270623195725 0.784 25.876 38.508 8.392 8.269 1.799 10.951 
270623201225 0.769 25.862 38.498 8.402 8.270 1.784 10.953 
270623202725 0.739 25.826 38.508 8.410 8.270 1.678 10.954 
270623204225 0.757 25.798 38.505 8.420 8.270 1.640 10.915 
270623205725 0.735 25.832 38.509 8.417 8.272 2.156 10.950 
270623211225 0.773 25.855 38.503 8.420 8.273 2.126 10.953 
270623212725 0.753 25.830 38.511 8.429 8.273 1.852 10.954 
270623214225 0.746 25.794 38.509 8.444 8.272 1.943 10.914 
270623215725 0.743 25.791 38.505 8.448 8.272 1.655 10.950 
270623221225 0.797 25.789 38.510 8.452 8.272 1.883 10.953 
270623222725 0.700 25.771 38.506 8.460 8.273 1.867 10.954 
270623224225 0.799 25.768 38.503 8.461 8.272 2.065 10.905 
270623225725 0.729 25.718 38.505 8.469 8.266 1.526 10.949 
270623231225 0.735 25.729 38.509 8.462 8.266 1.662 10.952 
270623232725 0.729 25.738 38.507 8.453 8.266 1.959 10.953 
270623234225 0.752 25.736 38.493 8.448 8.265 1.587 10.914 
270623235725 0.768 25.735 38.509 8.444 8.263 1.404 10.949 
280623001225 0.756 25.745 38.512 8.435 8.262 1.458 10.952 
280623002725 0.747 25.724 38.521 8.430 8.262 1.875 10.953 
280623004225 0.820 25.709 38.508 8.428 8.263 1.480 10.914 
280623005725 0.792 25.703 38.510 8.428 8.266 1.503 10.949 
280623011225 0.794 25.679 38.513 8.432 8.266 1.746 10.952 
280623012725 0.752 25.655 38.507 8.441 8.269 1.473 10.953 
280623014225 0.785 25.633 38.509 8.446 8.271 1.837 10.904 
280623015725 0.743 25.618 38.513 8.449 8.272 1.738 10.948 
280623021225 0.785 25.612 38.516 8.452 8.273 1.549 10.951 
280623022725 0.748 25.615 38.518 8.451 8.274 1.890 10.952 
280623024225 0.735 25.615 38.514 8.456 8.273 1.943 10.912 
280623025725 0.746 25.627 38.517 8.455 8.274 1.959 10.948 
280623031225 0.762 25.615 38.518 8.460 8.274 2.771 10.951 
280623032725 0.766 25.608 38.520 8.463 8.275 1.480 10.952 
280623034225 0.783 25.614 38.515 8.465 8.276 1.503 10.913 
280623035725 0.740 25.609 38.435 8.468 8.278 1.533 10.948 
280623041225 0.778 25.618 38.450 8.470 8.277 1.731 10.951 
280623042725 0.736 25.609 38.519 8.476 8.278 1.959 10.952 
280623044225 0.733 25.626 38.528 8.476 8.278 2.224 10.902 
280623045725 0.715 25.623 38.520 8.481 8.279 1.860 10.946 
280623051225 0.731 25.627 38.531 8.485 8.277 2.065 10.951 
280623052725 0.744 25.620 38.536 8.492 8.276 1.625 10.952 
280623054225 0.746 25.633 38.523 8.497 8.276 1.951 10.911 
280623055725 0.760 25.635 38.535 8.499 8.277 1.822 10.948 
280623061225 0.753 25.650 38.534 8.503 8.277 1.746 10.951 
280623062725 0.756 25.671 38.535 8.504 8.276 1.814 10.952 
280623064225 0.739 25.677 38.533 8.507 8.274 1.549 10.912 
280623065725 0.760 25.695 38.535 8.510 8.274 1.647 10.948 
280623071225 0.769 25.710 38.536 8.511 8.273 1.435 10.951 
280623072725 0.750 25.724 38.539 8.511 8.272 1.594 10.952 
280623074225 0.743 25.756 38.539 8.506 8.271 1.124 10.909 
280623075725 0.753 25.764 38.538 8.503 8.270 1.154 10.948 
280623081225 0.752 25.773 38.537 8.498 8.270 0.957 10.951 
280623082725 0.768 25.794 38.540 8.492 8.270 1.093 10.952 
280623084225 0.758 25.826 38.536 8.486 8.270 1.321 10.913 
280623085725 0.742 25.869 38.542 8.473 8.270 0.873 10.948 
280623091225 0.725 25.888 38.545 8.464 8.270 0.957 10.952 
280623092725 0.783 25.888 38.543 8.464 8.271 1.063 10.952 
280623094225 0.776 25.899 38.546 8.459 8.272 1.002 10.917 
280623095725 0.742 25.940 38.547 8.450 8.272 0.820 10.949 
280623101225 0.756 26.043 38.553 8.427 8.272 0.569 10.952 
280623102725 0.765 26.292 38.562 8.368 8.271 0.881 10.953 
280623104225 0.781 26.419 38.548 8.339 8.270 0.903 10.911 
280623105725 0.778 26.267 38.529 8.367 8.267 0.911 10.950 
280623111225 0.695 26.292 38.562 8.354 8.268 0.805 10.953 
280623112725 0.746 26.176 38.544 8.374 8.268 0.782 10.954 
280623114225 0.740 26.388 38.523 8.335 8.268 0.843 10.914 
280623115725 0.731 26.383 38.554 8.329 8.265 0.865 10.951 
280623121225 0.766 26.447 38.555 8.305 8.264 0.789 10.954 
280623122725 0.768 26.445 38.573 8.301 8.262 0.941 10.955 
280623124225 0.768 26.400 38.552 8.304 8.263 0.949 10.902 
280623125725 0.729 26.297 38.544 8.327 8.265 0.934 10.950 
280623131225 0.756 26.394 38.561 8.305 8.266 1.078 10.953 
280623132725 0.765 26.400 38.563 8.301 8.267 0.873 10.954 
280623134225 0.780 26.439 38.570 8.292 8.267 0.881 10.918 
