SAMBAT Sea Ti  C/T/D/Odo/Fluo/pH GPS : 50195 
V:0,Pression (0/50),m
V:1,Température (-5/35),°C
V:2,Salinité (2/42),g/l
V:3,Oxygène (0/20),mgl
V:4,PH (0/14),pH
V:5,Fluorescence (0/50),µgl
V:6,Tension batterie,V
180123193450 0.761 15.134 36.879 9.357 8.343 0.424 10.708 
180123194949 0.777 15.117 36.804 9.355 8.344 0.482 10.804 
180123200449 0.698 15.130 36.773 9.345 8.344 0.538 10.803 
180123201949 0.785 15.098 36.799 9.351 8.344 0.492 10.829 
180123203449 0.743 15.092 36.790 9.350 8.344 0.394 10.839 
180123204949 0.811 15.124 36.796 9.348 8.344 0.510 10.844 
180123210449 0.778 15.119 36.813 9.347 8.344 0.438 10.811 
180123211949 0.714 15.124 36.839 9.346 8.344 0.458 10.833 
180123213449 0.808 15.111 36.833 9.348 8.344 0.368 10.842 
180123214949 0.793 15.126 36.841 9.341 8.344 0.513 10.846 
180123220449 0.714 15.117 36.768 9.345 8.344 0.427 10.802 
180123221949 0.776 15.124 36.834 9.345 8.344 0.410 10.830 
180123223449 0.787 15.115 36.797 9.345 8.344 0.415 10.841 
180123224949 0.795 15.090 36.787 9.350 8.344 0.325 10.846 
180123230449 0.759 15.123 36.807 9.343 8.344 0.348 10.812 
180123231949 0.915 15.103 36.790 9.343 8.345 0.533 10.834 
180123233449 0.713 15.116 36.787 9.339 8.344 0.356 10.843 
180123234949 0.771 15.116 36.817 9.339 8.345 0.482 10.847 
190123000449 0.758 15.114 37.410 9.338 8.345 0.466 10.801 
190123001949 0.765 15.117 36.844 9.336 8.345 0.455 10.830 
190123003449 0.732 15.107 36.848 9.335 8.345 0.355 10.841 
190123004949 0.742 15.109 36.896 9.335 8.346 0.409 10.846 
190123010449 0.687 15.070 36.854 9.351 8.346 0.334 10.801 
190123011949 0.770 15.084 36.793 9.337 8.346 0.358 10.830 
190123013449 0.698 15.109 36.873 9.338 8.346 0.383 10.841 
190123014949 0.869 15.082 36.862 9.349 8.346 0.395 10.846 
190123020449 0.689 15.098 36.854 9.342 8.346 0.368 10.812 
190123021949 0.708 15.093 36.865 9.341 8.346 0.470 10.834 
190123023449 0.744 15.095 36.842 9.337 8.346 0.375 10.843 
190123024949 0.729 15.089 36.877 9.340 8.347 0.375 10.847 
190123030449 0.902 15.100 36.825 9.341 8.346 0.378 10.812 
190123031949 0.782 15.097 36.828 9.340 8.346 0.344 10.834 
190123033449 0.745 15.097 36.894 9.342 8.346 0.419 10.843 
190123034949 0.781 15.109 37.214 9.343 8.346 0.311 10.847 
190123040449 0.875 15.090 36.856 9.341 8.346 0.324 10.802 
190123041949 0.728 15.100 36.895 9.341 8.347 0.378 10.830 
190123043449 0.721 15.087 36.819 9.344 8.347 0.353 10.841 
190123044949 0.781 15.108 36.869 9.347 8.347 0.451 10.846 
190123050449 0.827 15.088 36.872 9.358 8.347 0.365 10.812 
190123051949 0.787 15.083 36.829 9.357 8.347 0.357 10.835 
190123053449 0.711 15.097 36.855 9.349 8.347 0.365 10.843 
190123054949 0.676 15.081 36.927 9.355 8.348 0.323 10.847 
190123060449 0.864 15.079 36.880 9.350 8.348 0.385 10.812 
190123061949 0.837 15.094 36.907 9.347 8.348 1.305 10.834 
190123063449 0.785 15.082 36.898 9.350 8.348 0.373 10.843 
190123064949 0.766 15.093 36.853 9.349 8.348 0.395 10.847 
190123070449 0.800 15.081 36.845 9.355 8.348 0.374 10.810 
190123071949 0.695 15.077 36.947 9.351 8.348 0.455 10.833 
190123073449 0.534 15.083 36.891 9.353 8.348 0.349 10.842 
190123074949 0.850 15.081 36.841 9.355 8.348 0.396 10.846 
190123080449 0.718 15.083 36.885 9.357 8.349 0.363 10.802 
190123081949 0.858 15.062 36.847 9.366 8.349 0.272 10.830 
190123083449 0.720 15.069 36.896 9.362 8.349 0.347 10.840 
190123084949 0.798 15.088 36.857 9.356 8.349 0.412 10.846 
190123090449 0.815 15.070 36.887 9.359 8.349 0.312 10.812 
190123091949 0.807 15.040 36.849 9.366 8.349 0.364 10.834 
190123093449 0.716 15.062 36.893 9.363 8.349 0.314 10.843 
190123094949 0.736 15.051 36.834 9.365 8.349 0.312 10.846 
190123100449 0.733 15.066 36.901 9.360 8.349 0.384 10.812 
190123101949 0.778 15.084 36.785 9.351 8.349 0.302 10.834 
190123103449 0.684 15.061 36.887 9.358 8.349 0.271 10.843 
190123104949 0.769 15.044 36.864 9.357 8.349 0.359 10.846 
190123110449 0.892 15.035 36.847 9.358 8.349 0.467 10.801 
190123111949 0.793 15.034 36.815 9.362 8.349 0.441 10.829 
190123113449 0.746 15.030 36.797 9.367 8.349 0.353 10.840 
190123114949 0.861 15.074 36.812 9.355 8.348 0.300 10.845 
190123120449 0.823 15.059 36.825 9.355 8.349 0.347 10.811 
190123121949 0.871 15.067 36.864 9.351 8.348 0.403 10.833 
190123123449 0.719 15.081 36.853 9.345 8.348 0.191 10.842 
190123124949 0.757 15.091 36.825 9.341 8.347 0.208 10.846 
190123130449 0.700 15.048 36.815 9.356 8.348 0.336 10.801 
190123131949 0.819 15.066 36.889 9.356 8.348 0.361 10.830 
190123133449 0.691 15.068 36.866 9.358 8.347 0.361 10.840 
190123134949 0.609 15.055 36.831 9.357 8.348 0.339 10.845 
190123140449 0.764 15.057 36.892 9.357 8.347 0.393 10.812 
190123141949 0.843 15.043 36.851 9.359 8.347 0.434 10.833 
190123143449 0.756 15.044 36.902 9.360 8.347 0.206 10.842 
190123144949 0.798 15.068 36.767 9.358 8.346 0.180 10.846 
190123150449 0.832 15.049 36.804 9.363 8.345 0.179 10.812 
190123151949 0.771 15.067 36.892 9.358 8.345 0.205 10.834 
190123153449 0.804 15.063 36.860 9.357 8.345 0.193 10.842 
190123154949 0.743 15.057 36.843 9.359 8.344 0.178 10.846 
190123160449 0.808 15.051 36.893 9.360 8.344 0.172 10.802 
190123161949 0.790 15.067 36.876 9.360 8.343 0.207 10.829 
190123163449 0.833 15.064 36.855 9.361 8.343 0.235 10.841 
190123164949 0.715 15.060 36.906 9.366 8.343 0.229 10.845 
190123170449 0.904 15.065 36.826 9.368 8.343 0.348 10.812 
190123171949 0.830 15.059 36.862 9.368 8.343 0.367 10.833 
190123173449 0.761 15.043 36.868 9.372 8.343 0.449 10.842 
190123174949 0.828 15.043 36.898 9.375 8.342 0.362 10.846 
190123180449 0.902 15.048 36.805 9.376 8.342 0.393 10.812 
190123181949 0.797 15.051 36.874 9.372 8.342 0.425 10.833 
190123183449 0.833 15.038 37.476 9.376 8.342 0.411 10.842 
190123184949 0.803 15.053 36.868 9.373 8.342 0.371 10.846 
190123190449 0.838 15.042 36.825 9.371 8.342 0.338 10.801 
190123191949 0.831 15.042 36.887 9.368 8.342 0.444 10.829 
190123193449 0.831 15.030 36.832 9.371 8.342 0.447 10.840 
