SAMBAT Sea Ti  C/T/D/Odo/Fluo/pH GPS : 50195 
V:0,Pression (0/50),dba
V:1,Température (-5/35),°C
V:2,Salinité (2/42),g/l
V:3,Oxygène (0/20),mgl
V:4,PH (0/14),pH
V:5,Fluorescence (0/500),ppb
V:6,Tension batterie,V
210723144411 0.662 28.098 39.275 7.862 8.253 1.215 10.857 
210723145910 0.712 28.054 39.261 7.874 8.252 1.040 10.959 
210723151410 0.683 28.014 39.257 7.889 8.249 1.078 10.966 
210723152910 0.744 27.904 39.253 7.914 8.246 1.154 10.966 
210723154410 0.717 27.844 39.291 7.923 8.248 1.101 10.936 
210723155910 0.695 27.849 39.219 7.926 8.249 0.752 10.965 
210723161410 0.645 27.870 39.217 7.930 8.251 0.752 10.966 
210723162910 0.774 27.815 39.232 7.934 8.250 1.010 10.966 
210723164410 0.667 27.850 39.239 7.932 8.254 0.782 10.934 
210723165910 0.703 27.827 39.229 7.932 8.253 1.161 10.964 
210723171410 0.707 27.795 39.367 7.931 8.253 0.653 10.966 
210723172910 0.697 27.775 39.235 7.930 8.254 1.101 10.966 
210723174410 0.677 27.705 39.232 7.929 8.253 1.139 10.933 
210723175910 0.791 27.678 39.239 7.927 8.252 1.078 10.964 
210723181410 0.803 27.635 39.230 7.924 8.254 1.359 10.966 
210723182910 0.679 27.633 39.226 7.921 8.258 1.412 10.966 
210723184410 0.683 27.610 39.252 7.918 8.260 1.328 10.933 
210723185910 0.766 27.519 39.246 7.924 8.257 1.435 10.964 
210723191410 0.634 27.478 39.226 7.927 8.256 1.549 10.965 
210723192910 0.634 27.445 39.224 7.928 8.257 1.412 10.965 
210723194410 0.725 27.430 39.257 7.925 8.258 1.275 10.933 
210723195910 0.801 27.414 39.235 7.922 8.259 1.237 10.963 
210723201410 0.721 27.418 39.214 7.914 8.259 1.207 10.964 
210723202910 0.635 27.446 39.219 7.902 8.260 1.230 10.965 
210723204410 0.677 27.473 39.229 7.888 8.260 1.404 10.931 
210723205910 0.744 27.521 39.215 7.871 8.261 1.146 10.963 
210723211410 0.757 27.585 39.262 7.857 8.264 1.313 10.965 
210723212910 0.696 27.588 39.227 7.853 8.261 1.404 10.965 
210723214410 0.616 27.564 39.247 7.849 8.260 1.480 10.932 
210723215910 0.664 27.549 39.237 7.848 8.259 1.321 10.963 
210723221410 0.744 27.524 39.224 7.848 8.259 1.609 10.964 
210723222910 0.701 27.521 39.272 7.845 8.260 1.260 10.965 
210723224410 0.643 27.499 39.229 7.844 8.260 1.397 10.931 
210723225910 0.811 27.465 39.211 7.843 8.260 1.458 10.963 
210723231410 0.770 27.437 39.214 7.848 8.260 1.366 10.964 
210723232910 0.772 27.437 39.234 7.841 8.261 1.275 10.964 
210723234410 0.760 27.422 39.220 7.841 8.262 1.268 10.923 
210723235910 0.721 27.414 39.239 7.837 8.262 1.177 10.962 
220723001410 0.735 27.410 39.225 7.835 8.262 1.275 10.964 
220723002910 0.732 27.386 39.242 7.835 8.262 1.207 10.964 
220723004410 0.702 27.379 39.223 7.833 8.263 1.344 10.931 
220723005910 0.773 27.351 39.219 7.832 8.261 1.032 10.962 
220723011410 0.670 27.359 39.217 7.827 8.262 1.086 10.964 
220723012910 0.718 27.330 39.243 7.832 8.261 1.222 10.964 
220723014410 0.811 27.328 39.231 7.832 8.262 1.503 10.923 
220723015910 0.699 27.309 39.215 7.836 8.262 1.427 10.961 
220723021410 0.718 27.286 39.229 7.835 8.262 1.328 10.963 
220723022910 0.766 27.271 39.218 7.838 8.262 1.268 10.963 
220723024410 0.734 27.261 39.218 7.837 8.261 1.351 10.912 
220723025910 0.699 27.247 39.223 7.842 8.262 1.032 10.959 
220723031410 0.723 27.224 39.225 7.842 8.261 1.070 10.962 
220723032910 0.724 27.232 39.219 7.840 8.262 1.237 10.962 
220723034410 0.679 27.225 39.214 7.839 8.261 1.215 10.929 
220723035910 0.658 27.206 39.217 7.840 8.263 1.784 10.960 
220723041410 0.716 27.198 39.223 7.838 8.262 1.161 10.962 
220723042910 0.821 27.181 39.214 7.838 8.262 1.389 10.962 
220723044410 0.670 27.154 39.212 7.841 8.262 1.450 10.928 
220723045910 0.764 27.162 39.215 7.836 8.262 1.495 10.960 
220723051410 0.712 27.157 39.249 7.836 8.264 1.632 10.962 
220723052910 0.703 27.144 39.216 7.838 8.265 1.222 10.962 
220723054410 0.788 27.144 39.198 7.837 8.264 1.215 10.920 
220723055910 0.798 27.131 39.210 7.834 8.264 1.442 10.959 
220723061410 0.754 27.121 39.210 7.835 8.264 1.253 10.961 
220723062910 0.651 27.105 39.217 7.835 8.265 1.298 10.962 
220723064410 0.741 27.120 39.222 7.832 8.265 1.146 10.936 
220723065910 0.738 27.118 39.221 7.831 8.265 1.101 10.960 
220723071410 0.678 27.115 39.216 7.831 8.264 1.275 10.962 
220723072910 0.695 27.117 39.199 7.829 8.264 1.086 10.962 
220723074410 0.710 27.123 39.211 7.827 8.264 1.222 10.929 
220723075910 0.713 27.123 39.213 7.824 8.264 0.835 10.960 
220723081410 0.732 27.131 39.219 7.822 8.263 1.017 10.962 
220723082910 0.735 27.133 39.222 7.822 8.262 1.291 10.961 
220723084410 0.731 27.136 39.219 7.822 8.263 0.843 10.928 
220723085910 0.769 27.152 39.222 7.817 8.263 1.101 10.959 
220723091410 0.726 27.159 39.192 7.817 8.264 0.782 10.962 
220723092910 0.803 27.178 39.212 7.813 8.262 0.911 10.962 
220723094410 0.783 27.180 39.204 7.813 8.262 1.116 10.921 
220723095910 0.833 27.194 39.223 7.811 8.262 0.911 10.959 
220723101410 0.752 27.250 39.261 7.802 8.264 0.714 10.961 
220723102910 0.753 27.300 39.220 7.794 8.263 1.146 10.962 
220723104410 0.709 27.361 39.218 7.782 8.265 0.957 10.928 
220723105910 0.725 27.410 39.220 7.778 8.264 0.653 10.960 
220723111410 0.852 27.435 39.208 7.772 8.262 0.539 10.962 
220723112910 0.693 27.547 39.221 7.759 8.264 0.509 10.962 
220723114410 0.764 27.554 39.274 7.754 8.263 0.455 10.929 
220723115910 0.825 27.657 39.239 7.755 8.264 0.865 10.961 
220723121410 0.766 27.579 39.240 7.760 8.260 0.827 10.963 
220723122910 0.771 27.597 39.209 7.763 8.260 0.805 10.963 
220723124410 0.786 27.670 39.217 7.763 8.262 0.782 10.929 
220723125910 0.746 27.728 39.211 7.766 8.263 0.774 10.961 
220723131410 0.705 27.765 39.197 7.769 8.262 0.987 10.963 
220723132910 0.673 27.795 39.213 7.772 8.262 0.919 10.964 
220723134410 0.715 27.820 39.219 7.776 8.261 0.752 10.931 
220723135910 0.702 27.875 39.219 7.779 8.260 0.994 10.962 
220723141410 0.784 27.889 39.226 7.783 8.258 1.017 10.964 
220723142910 0.782 27.889 39.257 7.783 8.259 0.858 10.964 
220723144410 0.812 27.939 39.216 7.782 8.260 0.683 10.931 
