SAMBAT Sea Ti  C/T/D/Odo/Fluo/pH GPS : 50195 
V:0,Pression (0/50),dba
V:1,Température (-5/35),°C
V:2,Salinité (2/42),g/l
V:3,Oxygène (0/20),mgl
V:4,PH (0/14),pH
V:5,Fluorescence (0/500),ppb
V:6,Tension batterie,V
261223125806 1.015 15.634 38.458 9.331 8.254 0.812 10.742 
261223131305 0.976 15.639 38.465 9.328 8.254 1.215 10.815 
261223132805 1.025 15.653 38.464 9.327 8.254 1.488 10.829 
261223134305 0.968 15.653 38.461 9.331 8.254 1.169 10.852 
261223135805 1.034 15.635 38.465 9.336 8.253 1.010 10.862 
261223141305 0.973 15.616 38.461 9.346 8.254 1.275 10.845 
261223142805 0.982 15.620 38.472 9.340 8.254 1.442 10.838 
261223144305 0.932 15.634 38.461 9.342 8.255 1.587 10.857 
261223145805 1.016 15.632 38.464 9.344 8.256 1.723 10.865 
261223151305 1.007 15.608 38.465 9.358 8.255 1.670 10.831 
261223152805 1.037 15.619 38.464 9.358 8.257 2.126 10.835 
261223154305 0.939 15.614 38.468 9.362 8.256 2.414 10.856 
261223155805 0.971 15.610 38.469 9.364 8.256 2.991 10.864 
261223161305 0.944 15.616 38.465 9.366 8.256 3.803 10.852 
261223162805 0.961 15.601 38.470 9.372 8.255 3.279 10.840 
261223164305 0.975 15.603 38.462 9.374 8.256 3.606 10.858 
261223165805 0.963 15.561 38.464 9.385 8.255 5.299 10.866 
261223171305 0.967 15.565 38.469 9.384 8.255 3.674 10.851 
261223172805 1.048 15.571 38.466 9.385 8.256 3.758 10.840 
261223174305 0.994 15.587 38.465 9.382 8.257 3.522 10.859 
261223175805 1.004 15.561 38.465 9.389 8.256 4.388 10.866 
261223181305 1.004 15.562 38.465 9.388 8.255 3.317 10.851 
261223182805 0.962 15.566 38.469 9.388 8.256 3.712 10.840 
261223184305 0.979 15.574 38.465 9.387 8.257 3.044 10.859 
261223185805 1.043 15.559 38.476 9.387 8.255 3.310 10.866 
261223191305 1.008 15.563 38.465 9.386 8.254 2.832 10.843 
261223192805 1.011 15.569 38.469 9.385 8.255 2.885 10.838 
261223194305 0.991 15.555 38.465 9.387 8.254 3.606 10.858 
261223195805 0.969 15.573 38.468 9.384 8.255 3.606 10.865 
261223201305 0.881 15.555 38.474 9.386 8.253 3.743 10.850 
261223202805 1.017 15.547 38.470 9.385 8.254 3.492 10.839 
261223204305 0.948 15.563 38.474 9.385 8.255 3.773 10.858 
261223205805 1.031 15.562 38.471 9.384 8.255 4.084 10.866 
261223211305 0.973 15.545 38.470 9.384 8.255 4.213 10.841 
261223212805 1.006 15.546 38.471 9.381 8.253 3.788 10.837 
261223214305 0.976 15.549 38.477 9.378 8.255 3.560 10.857 
261223215805 1.002 15.537 38.474 9.379 8.255 3.446 10.865 
261223221305 0.988 15.543 38.474 9.376 8.256 3.067 10.842 
261223222805 1.072 15.548 38.479 9.374 8.254 3.568 10.838 
261223224305 0.959 15.546 38.481 9.373 8.255 3.204 10.857 
261223225805 1.001 15.532 38.480 9.376 8.255 3.613 10.865 
261223231305 1.054 15.529 38.477 9.376 8.255 4.221 10.851 
261223232805 0.968 15.528 38.489 9.376 8.256 3.454 10.840 
261223234305 1.077 15.549 38.490 9.371 8.256 3.082 10.858 
261223235805 1.040 15.540 38.492 9.372 8.256 4.524 10.866 
271223001305 0.926 15.546 38.491 9.370 8.257 3.522 10.852 
271223002805 1.020 15.529 38.493 9.376 8.255 3.021 10.840 
271223004305 0.988 15.542 38.495 9.375 8.257 3.090 10.858 
271223005805 1.018 15.513 38.497 9.385 8.255 3.727 10.865 
271223011305 0.973 15.516 38.491 9.386 8.255 3.302 10.843 
271223012805 0.943 15.513 38.494 9.388 8.256 3.378 10.837 
271223014305 1.033 15.516 38.497 9.393 8.255 3.264 10.857 
271223015805 0.936 15.526 38.492 9.391 8.256 3.204 10.865 
271223021305 0.996 15.513 38.501 9.400 8.255 3.226 10.851 
271223022805 1.000 15.540 38.490 9.393 8.257 3.204 10.839 
271223024305 1.001 15.535 38.496 9.398 8.256 2.976 10.858 
271223025805 0.983 15.535 38.500 9.400 8.256 3.310 10.865 
271223031305 1.048 15.530 38.504 9.403 8.256 3.188 10.851 
271223032805 0.996 15.530 38.506 9.407 8.256 3.454 10.839 
271223034305 0.978 15.518 38.505 9.413 8.255 3.295 10.858 
271223035805 1.047 15.508 38.512 9.422 8.255 4.077 10.865 
271223041305 1.014 15.516 38.512 9.422 8.255 3.401 10.832 
271223042805 1.016 15.521 38.517 9.419 8.257 3.371 10.835 
271223044305 1.043 15.519 38.515 9.421 8.257 4.023 10.856 
271223045805 1.044 15.517 38.521 9.424 8.257 4.266 10.864 
271223051305 1.020 15.522 38.525 9.422 8.255 3.932 10.851 
271223052805 1.009 15.521 38.523 9.422 8.255 3.682 10.838 
271223054305 1.031 15.512 38.526 9.430 8.255 4.297 10.857 
271223055805 0.985 15.514 38.521 9.430 8.256 2.748 10.865 
271223061305 1.016 15.509 38.519 9.435 8.258 3.431 10.849 
271223062805 0.974 15.496 38.523 9.438 8.256 3.788 10.838 
271223064305 1.017 15.495 38.524 9.437 8.257 4.031 10.857 
271223065805 1.037 15.500 38.529 9.432 8.257 3.545 10.865 
271223071305 1.046 15.476 38.520 9.434 8.257 4.304 10.832 
271223072805 1.039 15.498 38.528 9.425 8.257 4.061 10.834 
271223074305 1.010 15.498 38.534 9.422 8.258 4.092 10.855 
271223075805 1.015 15.499 38.533 9.419 8.258 4.433 10.863 
271223081305 1.033 15.507 38.532 9.415 8.257 4.107 10.850 
271223082805 1.048 15.503 38.532 9.414 8.258 4.031 10.839 
271223084305 1.029 15.499 38.543 9.410 8.256 3.355 10.857 
271223085805 1.029 15.519 38.538 9.400 8.256 3.310 10.865 
271223091305 1.028 15.517 38.542 9.397 8.256 2.740 10.850 
271223092805 1.069 15.524 38.536 9.394 8.256 2.642 10.839 
271223094305 1.030 15.531 38.540 9.390 8.255 2.247 10.857 
271223095805 1.046 15.537 38.542 9.386 8.255 2.148 10.865 
271223101305 1.055 15.544 38.540 9.383 8.255 1.495 10.831 
271223102805 1.036 15.548 38.542 9.380 8.255 1.700 10.834 
271223104305 1.025 15.552 38.541 9.377 8.254 1.336 10.855 
271223105805 1.056 15.562 38.540 9.376 8.254 1.473 10.864 
271223111305 1.040 15.572 38.543 9.373 8.254 1.442 10.850 
271223112805 1.013 15.577 38.542 9.371 8.254 1.184 10.839 
271223114305 1.016 15.591 38.511 9.367 8.254 1.533 10.858 
271223115805 1.037 15.596 38.544 9.367 8.255 1.222 10.865 
271223121305 0.983 15.615 38.543 9.360 8.254 1.237 10.850 
271223122805 1.017 15.628 38.546 9.354 8.253 1.359 10.839 
271223124305 1.021 15.627 38.542 9.354 8.254 1.161 10.858 
271223125805 0.993 15.645 38.547 9.351 8.255 1.154 10.866 
