SAMBAT Sea Ti  C/T/D/Odo/Fluo/pH GPS : 50195 
V:0,Pression (0/50),dba
V:1,Température (-5/35),°C
V:2,Salinité (2/42),g/l
V:3,Oxygène (0/20),mgl
V:4,PH (0/14),pH
V:5,Fluorescence (0/500),ppb
V:6,Tension batterie,V
200623132408 0.762 25.248 38.254 8.294 8.246 0.600 10.830 
200623133907 0.781 25.255 38.253 8.291 8.246 0.812 10.891 
200623135407 0.814 25.307 38.290 8.272 8.246 0.744 10.936 
200623140907 0.774 25.313 38.277 8.271 8.246 0.827 10.945 
200623142407 0.761 25.303 38.276 8.272 8.246 0.782 10.948 
200623143907 0.759 25.303 38.277 8.272 8.246 0.941 10.903 
200623145407 0.728 25.324 38.279 8.263 8.246 0.896 10.942 
200623150907 0.723 25.043 38.245 8.308 8.247 0.926 10.948 
200623152407 0.742 25.289 38.258 8.263 8.246 0.888 10.949 
200623153907 0.854 25.558 38.311 8.205 8.247 1.048 10.904 
200623155407 0.766 25.461 38.289 8.223 8.246 0.752 10.943 
200623160907 0.754 25.105 38.294 8.293 8.246 1.154 10.948 
200623162407 0.744 25.174 38.288 8.280 8.248 0.850 10.949 
200623163907 0.746 25.143 38.297 8.285 8.248 0.919 10.904 
200623165407 0.822 25.061 38.287 8.304 8.248 1.025 10.940 
200623170907 0.780 25.033 38.282 8.311 8.249 1.275 10.947 
200623172407 0.795 25.015 38.282 8.313 8.249 1.093 10.949 
200623173907 0.788 24.977 38.280 8.321 8.249 0.957 10.904 
200623175407 0.810 25.052 38.271 8.307 8.249 0.835 10.942 
200623180907 0.731 25.167 38.269 8.281 8.249 1.124 10.947 
200623182407 0.745 25.201 38.287 8.273 8.249 1.025 10.949 
200623183907 0.816 25.212 38.280 8.271 8.249 1.260 10.904 
200623185407 0.824 25.278 38.293 8.259 8.249 1.351 10.943 
200623190907 0.785 25.235 38.289 8.269 8.249 1.556 10.948 
200623192407 0.733 25.170 38.281 8.281 8.248 1.518 10.949 
200623193907 0.813 25.137 38.274 8.287 8.249 1.526 10.904 
200623195407 0.800 25.142 38.277 8.286 8.249 1.458 10.939 
200623200907 0.781 25.170 38.283 8.283 8.250 1.799 10.947 
200623202407 0.774 25.171 38.289 8.284 8.250 1.336 10.949 
200623203907 0.827 25.167 38.288 8.286 8.249 1.351 10.903 
200623205407 0.782 25.204 38.304 8.278 8.249 1.526 10.942 
200623210907 0.807 25.220 38.298 8.277 8.250 1.928 10.947 
200623212407 0.779 25.346 38.266 8.253 8.250 1.594 10.949 
200623213907 0.817 25.405 38.225 8.237 8.249 1.518 10.904 
200623215407 0.789 25.376 38.137 8.246 8.248 1.708 10.943 
200623220907 0.759 25.350 38.080 8.253 8.249 1.465 10.949 
200623222407 0.786 25.242 38.053 8.276 8.249 1.313 10.949 
200623223907 0.783 25.123 38.052 8.299 8.250 1.769 10.904 
200623225407 0.808 25.045 38.039 8.314 8.250 1.883 10.939 
200623230907 0.777 24.963 38.018 8.328 8.251 1.951 10.947 
200623232407 0.806 24.958 38.018 8.326 8.252 2.019 10.948 
200623233907 0.802 24.928 37.986 8.331 8.252 1.875 10.902 
200623235407 0.790 24.976 37.974 8.317 8.253 1.427 10.942 
210623000907 0.785 25.007 37.973 8.309 8.253 1.845 10.947 
210623002407 0.796 25.021 37.962 8.306 8.253 2.095 10.947 
210623003907 0.727 24.989 37.977 8.310 8.252 1.814 10.903 
210623005407 0.811 24.947 37.959 8.320 8.252 1.488 10.941 
210623010907 0.821 24.906 37.956 8.326 8.253 1.700 10.946 
210623012407 0.801 24.945 37.952 8.319 8.253 1.708 10.947 
210623013907 0.798 24.955 37.959 8.314 8.253 1.647 10.903 
210623015407 0.798 24.976 37.963 8.308 8.253 1.723 10.938 
210623020907 0.812 24.976 37.963 8.305 8.253 1.852 10.946 
210623022407 0.790 24.992 37.963 8.301 8.253 1.761 10.947 
210623023907 0.788 25.026 37.968 8.294 8.253 2.072 10.901 
210623025407 0.826 25.039 37.961 8.291 8.253 2.072 10.941 
210623030907 0.847 25.045 37.961 8.289 8.253 1.647 10.946 
210623032407 0.786 25.043 37.969 8.288 8.253 1.769 10.947 
210623033907 0.763 25.046 37.975 8.289 8.253 1.738 10.902 
210623035407 0.789 25.017 37.982 8.294 8.252 2.072 10.938 
210623040907 0.798 25.027 37.972 8.293 8.252 1.495 10.945 
210623042407 0.788 25.070 37.973 8.284 8.253 1.549 10.947 
210623043907 0.794 25.067 37.976 8.284 8.253 1.693 10.902 
210623045407 0.786 25.053 37.983 8.287 8.252 2.164 10.941 
210623050907 0.814 25.043 37.988 8.287 8.252 2.217 10.946 
210623052407 0.803 25.053 37.986 8.288 8.253 1.761 10.947 
210623053907 0.814 25.086 37.983 8.277 8.253 1.473 10.902 
210623055407 0.804 25.102 37.978 8.277 8.253 1.503 10.941 
210623060907 0.798 25.117 37.993 8.272 8.253 1.564 10.946 
210623062407 0.817 25.125 37.992 8.272 8.253 1.533 10.947 
210623063907 0.788 25.124 37.992 8.272 8.253 1.670 10.902 
210623065407 0.768 25.124 37.995 8.272 8.253 1.420 10.938 
210623070907 0.779 25.117 37.998 8.275 8.252 1.237 10.946 
210623072407 0.797 25.114 37.997 8.276 8.252 1.283 10.947 
210623073907 0.821 25.127 37.999 8.274 8.252 0.865 10.903 
210623075407 0.816 25.152 38.000 8.270 8.252 0.994 10.941 
210623080907 0.815 25.170 37.998 8.267 8.252 1.131 10.946 
210623082407 0.819 25.187 37.996 8.263 8.251 0.934 10.947 
210623083907 0.802 25.204 38.000 8.261 8.251 1.192 10.903 
210623085407 0.784 25.211 37.997 8.260 8.250 0.736 10.942 
210623090907 0.791 25.221 37.995 8.259 8.250 1.146 10.946 
210623092407 0.788 25.218 38.010 8.260 8.250 0.653 10.948 
210623093907 0.816 25.241 38.005 8.259 8.249 0.653 10.903 
210623095407 0.808 25.245 38.009 8.255 8.249 0.471 10.938 
210623100907 0.810 25.279 38.013 8.243 8.249 0.592 10.946 
210623102407 0.797 25.322 38.013 8.238 8.248 0.721 10.948 
210623103907 0.781 25.331 38.024 8.232 8.248 0.752 10.903 
210623105407 0.796 25.325 38.017 8.237 8.248 1.002 10.942 
210623110907 0.832 25.330 38.013 8.237 8.248 0.797 10.947 
210623112407 0.777 25.309 38.011 8.240 8.248 0.607 10.949 
210623113907 0.787 25.374 38.029 8.223 8.248 0.600 10.904 
210623115407 0.794 25.410 38.022 8.219 8.248 0.752 10.942 
210623120907 0.826 25.407 38.062 8.218 8.248 0.706 10.948 
210623122407 0.749 25.533 37.997 8.201 8.248 0.638 10.949 
210623123907 0.788 25.521 38.041 8.195 8.246 0.812 10.905 
210623125407 0.787 25.525 38.006 8.197 8.247 0.516 10.943 
210623130907 0.759 25.405 38.019 8.217 8.246 0.812 10.948 
210623132407 0.788 25.456 38.016 8.209 8.246 0.873 10.949 
