SAMBAT Sea Ti  C/T/D/Odo/Fluo/pH GPS : 50195 
V:0,Pression (0/50),m
V:1,Température (-5/35),°C
V:2,Salinité (2/42),g/l
V:3,Oxygène (0/20),mgl
V:4,PH (0/14),pH
V:5,Fluorescence (0/50),µgl
V:6,Tension batterie,V
150123192641 0.842 15.530 36.572 9.440 8.342 0.389 10.718 
150123194140 0.754 15.524 36.590 9.444 8.343 0.361 10.807 
150123195640 0.901 15.523 36.602 9.441 8.343 0.452 10.798 
150123201140 0.871 15.538 36.594 9.436 8.343 0.483 10.817 
150123202640 0.898 15.531 36.628 9.433 8.342 0.364 10.836 
150123204140 0.938 15.532 36.635 9.427 8.343 0.359 10.845 
150123205640 0.993 15.553 36.646 9.421 8.343 0.385 10.807 
150123211140 0.915 15.549 36.656 9.421 8.343 0.380 10.829 
150123212640 0.928 15.559 36.632 9.420 8.342 0.311 10.843 
150123214140 0.889 15.544 36.628 9.423 8.342 0.325 10.849 
150123215640 0.770 15.537 36.640 9.426 8.343 0.290 10.808 
150123221140 0.894 15.540 36.618 9.427 8.343 0.376 10.829 
150123222640 0.921 15.541 36.612 9.422 8.343 0.433 10.843 
150123224140 0.944 15.529 36.617 9.425 8.343 0.444 10.849 
150123225640 0.842 15.525 36.671 9.431 8.344 0.384 10.808 
150123231140 0.902 15.515 36.649 9.440 8.344 0.356 10.829 
150123232640 0.888 15.550 36.638 9.426 8.344 0.309 10.843 
150123234140 0.912 15.538 36.644 9.429 8.344 0.290 10.849 
150123235640 0.891 15.544 36.633 9.426 8.344 0.308 10.809 
160123001140 0.929 15.543 36.619 9.424 8.344 0.421 10.821 
160123002640 0.839 15.537 36.664 9.424 8.344 0.312 10.840 
160123004140 0.895 15.535 36.654 9.422 8.344 0.300 10.848 
160123005640 0.745 15.529 36.736 9.427 8.344 0.337 10.808 
160123011140 0.926 15.530 36.691 9.425 8.344 0.291 10.829 
160123012640 0.903 15.528 36.666 9.425 8.344 0.333 10.843 
160123014140 0.931 15.520 36.693 9.431 8.345 0.330 10.849 
160123015640 0.911 15.533 36.695 9.424 8.345 0.334 10.809 
160123021140 0.906 15.529 36.670 9.424 8.345 0.357 10.821 
160123022640 0.937 15.521 36.623 9.430 8.345 0.328 10.840 
160123024140 0.862 15.528 36.650 9.423 8.345 0.374 10.847 
160123025640 0.870 15.518 36.647 9.429 8.346 0.335 10.808 
160123031140 0.941 15.529 36.656 9.420 8.346 0.337 10.829 
160123032640 0.895 15.519 36.631 9.426 8.346 0.307 10.843 
160123034140 0.743 15.508 36.669 9.428 8.346 0.289 10.849 
160123035640 0.758 15.522 36.669 9.425 8.346 0.451 10.808 
160123041140 0.839 15.503 36.682 9.426 8.347 0.391 10.821 
160123042640 0.773 15.502 36.632 9.427 8.347 0.427 10.840 
160123044140 0.762 15.505 36.675 9.423 8.347 0.420 10.847 
160123045640 0.835 15.484 36.661 9.427 8.347 0.294 10.808 
160123051140 0.888 15.480 36.638 9.430 8.348 0.349 10.829 
160123052640 0.912 15.490 36.632 9.425 8.347 0.315 10.843 
160123054140 0.848 15.487 36.624 9.427 8.348 0.358 10.849 
160123055640 0.878 15.468 37.173 9.429 8.348 0.346 10.808 
160123061140 0.723 15.470 36.644 9.428 8.348 0.342 10.828 
160123062640 0.883 15.481 36.617 9.426 8.348 0.326 10.842 
160123064140 0.802 15.488 36.640 9.428 8.348 0.321 10.849 
160123065640 0.962 15.485 36.618 9.427 8.348 0.373 10.817 
160123071140 0.797 15.466 36.666 9.431 8.349 0.397 10.823 
160123072640 0.847 15.480 36.675 9.421 8.348 0.394 10.840 
160123074140 0.705 15.474 36.671 9.423 8.349 0.355 10.847 
160123075640 0.877 15.458 36.655 9.424 8.349 0.380 10.803 
160123081140 0.795 15.467 36.621 9.418 8.349 0.403 10.828 
160123082640 0.900 15.462 36.649 9.418 8.349 0.326 10.842 
160123084140 0.964 15.459 36.740 9.416 8.349 0.390 10.849 
160123085640 0.850 15.465 36.687 9.411 8.349 0.321 10.808 
160123091140 0.825 15.475 36.653 9.408 8.349 0.346 10.829 
160123092640 0.875 15.477 36.665 9.405 8.349 0.388 10.843 
160123094140 0.867 15.461 36.640 9.410 8.349 0.365 10.849 
160123095640 0.881 15.445 36.665 9.416 8.349 0.341 10.808 
160123101140 0.846 15.447 36.640 9.412 8.349 0.273 10.821 
160123102640 0.757 15.445 36.675 9.408 8.349 0.207 10.839 
160123104140 0.819 15.459 36.655 9.409 8.348 0.226 10.846 
160123105640 0.851 15.457 36.629 9.408 8.348 0.166 10.807 
160123111140 0.834 15.470 36.679 9.407 8.347 0.171 10.829 
160123112640 0.898 15.462 36.643 9.408 8.347 0.166 10.843 
160123114140 0.785 15.459 36.632 9.406 8.346 0.109 10.849 
160123115640 0.889 15.466 36.649 9.407 8.345 0.155 10.808 
160123121140 0.866 15.459 36.637 9.406 8.345 0.119 10.825 
160123122640 0.731 15.461 36.677 9.406 8.345 0.190 10.841 
160123124140 0.745 15.462 36.628 9.408 8.344 0.177 10.848 
160123125640 0.861 15.456 36.644 9.411 8.344 0.101 10.808 
160123131140 0.791 15.460 36.680 9.410 8.344 0.204 10.828 
160123132640 0.720 15.461 36.656 9.410 8.344 0.188 10.842 
160123134140 0.769 15.460 36.680 9.404 8.344 0.403 10.849 
160123135640 0.680 15.440 36.656 9.410 8.344 0.320 10.808 
160123141140 0.798 15.446 36.642 9.408 8.344 0.308 10.829 
160123142640 0.650 15.437 36.628 9.411 8.344 0.421 10.842 
160123144140 0.809 15.446 36.653 9.409 8.343 0.451 10.849 
160123145640 0.786 15.447 36.686 9.407 8.343 0.392 10.808 
160123151140 0.833 15.453 36.639 9.407 8.343 0.349 10.827 
160123152640 0.714 15.436 36.681 9.408 8.342 0.376 10.841 
160123154140 0.744 15.452 36.645 9.407 8.342 0.342 10.848 
160123155640 0.672 15.441 36.731 9.409 8.342 0.284 10.807 
160123161140 0.727 15.447 36.636 9.411 8.342 0.442 10.821 
160123162640 0.756 15.435 36.625 9.410 8.342 0.355 10.839 
160123164140 0.784 15.437 36.657 9.406 8.342 0.434 10.846 
160123165640 0.843 15.440 36.665 9.403 8.342 0.524 10.807 
160123171140 0.747 15.440 36.652 9.405 8.342 0.454 10.829 
160123172640 0.694 15.440 36.690 9.407 8.342 0.454 10.842 
160123174140 0.723 15.431 36.643 9.409 8.342 0.434 10.848 
160123175640 0.779 15.437 36.654 9.413 8.342 0.377 10.808 
160123181140 0.808 15.424 36.604 9.415 8.342 0.499 10.829 
160123182640 0.768 15.431 36.722 9.416 8.342 0.432 10.842 
160123184140 0.939 15.421 36.647 9.418 8.342 0.351 10.848 
160123185640 0.486 15.428 36.646 9.423 8.342 0.385 10.808 
160123191140 0.769 15.415 36.697 9.436 8.342 0.470 10.828 
160123192640 0.764 15.415 36.666 9.435 8.342 0.391 10.842 
