SAMBAT Sea Ti  C/T/D/Odo/Fluo/pH GPS : 50195 
V:0,Pression (0/50),dba
V:1,Température (-5/35),°C
V:2,Salinité (2/42),g/l
V:3,Oxygène (0/20),mgl
V:4,PH (0/14),pH
V:5,Fluorescence (0/500),ppb
V:6,Tension batterie,V
060423102113 0.896 14.593 38.413 10.607 8.241 1.268 10.722 
060423103612 0.898 14.660 38.392 10.598 8.240 1.344 10.758 
060423105112 0.896 14.607 38.385 10.609 8.241 1.207 10.816 
060423110612 0.882 14.623 38.418 10.609 8.240 1.253 10.836 
060423112112 0.869 14.656 38.441 10.586 8.240 1.032 10.845 
060423113612 0.889 14.840 38.458 10.527 8.239 1.154 10.779 
060423115112 0.851 14.897 38.420 10.527 8.239 1.298 10.831 
060423120612 0.877 14.837 38.405 10.548 8.240 0.949 10.845 
060423122112 0.839 14.926 38.397 10.538 8.240 0.752 10.851 
060423123612 0.888 14.954 38.410 10.537 8.239 1.017 10.784 
060423125112 0.853 14.873 38.392 10.561 8.241 1.048 10.834 
060423130612 0.829 14.793 38.368 10.595 8.243 1.070 10.848 
060423132112 0.876 14.850 38.400 10.594 8.243 0.714 10.853 
060423133612 0.804 14.814 38.392 10.614 8.245 0.812 10.786 
060423135112 0.874 14.820 38.384 10.622 8.246 1.442 10.835 
060423140612 0.788 14.895 38.347 10.604 8.243 0.919 10.848 
060423142112 0.829 14.903 38.318 10.613 8.242 0.888 10.854 
060423143612 0.909 14.890 38.388 10.628 8.244 1.055 10.785 
060423145112 0.882 14.934 38.403 10.630 8.243 0.630 10.835 
060423150612 0.890 14.924 38.388 10.644 8.244 1.002 10.849 
060423152112 0.845 14.937 38.393 10.650 8.243 1.313 10.853 
060423153612 0.872 14.903 38.391 10.668 8.243 1.549 10.773 
060423155112 0.867 14.895 38.405 10.680 8.243 1.427 10.831 
060423160612 0.861 14.867 38.410 10.700 8.244 2.164 10.846 
060423162112 0.829 14.853 38.399 10.713 8.244 2.300 10.853 
060423163612 0.805 14.864 38.384 10.720 8.243 1.488 10.786 
060423165112 0.871 14.870 38.401 10.724 8.242 1.093 10.835 
060423170612 0.867 14.869 38.394 10.731 8.243 1.647 10.847 
060423172112 0.884 14.860 38.375 10.747 8.243 2.740 10.853 
060423173612 0.882 14.869 38.399 10.752 8.243 2.877 10.786 
060423175112 0.834 14.838 38.395 10.766 8.245 3.401 10.835 
060423180612 0.865 14.853 38.372 10.766 8.245 4.578 10.848 
060423182112 0.861 14.873 38.378 10.757 8.244 4.517 10.853 
060423183612 0.872 14.886 38.385 10.760 8.244 4.365 10.785 
060423185112 0.870 14.889 38.405 10.762 8.245 4.896 10.835 
060423190612 0.853 14.887 38.390 10.767 8.246 4.760 10.847 
060423192112 0.873 14.880 38.382 10.770 8.246 4.114 10.853 
060423193612 0.861 14.851 38.387 10.782 8.247 4.623 10.784 
060423195112 0.874 14.837 38.389 10.786 8.248 5.003 10.834 
060423200612 0.879 14.821 38.395 10.790 8.249 5.413 10.847 
060423202112 0.859 14.822 38.383 10.791 8.250 4.752 10.853 
060423203612 0.849 14.825 38.389 10.791 8.251 5.534 10.785 
060423205112 0.884 14.791 38.391 10.799 8.253 4.555 10.834 
060423210612 0.882 14.781 38.375 10.804 8.253 4.904 10.847 
060423212112 0.870 14.744 38.379 10.817 8.252 4.259 10.852 
060423213612 0.883 14.715 38.370 10.824 8.253 3.985 10.783 
060423215112 0.867 14.675 38.385 10.834 8.253 4.593 10.833 
060423220612 0.860 14.614 38.384 10.858 8.257 4.631 10.846 
060423222112 0.864 14.608 38.370 10.864 8.259 4.950 10.851 
060423223612 0.880 14.566 38.363 10.882 8.262 4.130 10.782 
060423225112 0.847 14.549 38.367 10.886 8.259 4.160 10.832 
060423230612 0.870 14.542 38.370 10.894 8.257 4.456 10.845 
060423232112 0.859 14.517 38.376 10.898 8.255 4.570 10.851 
060423233612 0.874 14.494 38.384 10.907 8.259 4.357 10.781 
060423235112 0.857 14.486 38.378 10.910 8.260 4.190 10.831 
070423000612 0.883 14.478 38.381 10.910 8.260 4.760 10.844 
070423002112 0.876 14.493 38.274 10.904 8.257 5.162 10.850 
070423003612 0.868 14.484 38.247 10.906 8.255 5.284 10.781 
070423005112 0.889 14.447 38.252 10.910 8.254 5.656 10.831 
070423010612 0.868 14.483 38.255 10.899 8.253 5.526 10.844 
070423012112 0.863 14.471 38.262 10.895 8.252 5.876 10.849 
070423013612 0.876 14.442 38.266 10.898 8.255 4.950 10.779 
070423015112 0.876 14.463 38.267 10.889 8.255 5.200 10.830 
070423020612 0.873 14.455 38.253 10.887 8.255 5.762 10.843 
070423022112 0.866 14.456 38.302 10.878 8.252 5.473 10.849 
070423023612 0.834 14.438 38.257 10.874 8.251 5.268 10.780 
070423025112 0.841 14.486 38.255 10.856 8.253 5.276 10.830 
070423030612 0.874 14.485 38.256 10.845 8.252 5.344 10.843 
070423032112 0.853 14.516 38.270 10.829 8.253 5.253 10.849 
070423033612 0.852 14.526 38.102 10.816 8.253 4.957 10.781 
070423035112 0.884 14.550 38.172 10.801 8.252 4.464 10.830 
070423040612 0.860 14.556 38.177 10.788 8.253 4.282 10.844 
070423042112 0.857 14.551 38.170 10.779 8.253 5.033 10.849 
070423043612 0.863 14.513 38.167 10.786 8.253 5.124 10.781 
070423045112 0.847 14.533 38.170 10.767 8.253 5.155 10.831 
070423050612 0.861 14.526 38.171 10.757 8.252 5.367 10.844 
070423052112 0.848 14.491 38.173 10.762 8.253 4.912 10.849 
070423053612 0.844 14.494 38.167 10.756 8.253 5.473 10.780 
070423055112 0.840 14.504 38.175 10.743 8.253 5.838 10.830 
070423060612 0.855 14.506 38.171 10.736 8.253 5.314 10.843 
070423062112 0.859 14.501 38.177 10.729 8.252 4.965 10.849 
070423063612 0.837 14.496 38.177 10.724 8.252 4.790 10.779 
070423065112 0.831 14.498 38.175 10.717 8.250 4.555 10.830 
070423070612 0.870 14.493 38.180 10.715 8.250 4.152 10.843 
070423072112 0.874 14.499 38.181 10.707 8.249 2.596 10.849 
070423073612 0.873 14.497 38.179 10.705 8.248 1.738 10.770 
070423075112 0.854 14.496 38.184 10.702 8.247 1.647 10.827 
070423080612 0.863 14.504 38.184 10.696 8.246 1.306 10.842 
070423082112 0.863 14.505 38.182 10.691 8.246 1.192 10.848 
070423083612 0.847 14.521 38.189 10.683 8.246 1.184 10.781 
070423085112 0.848 14.527 38.055 10.682 8.245 1.344 10.830 
070423090612 0.862 14.548 38.047 10.667 8.245 1.382 10.844 
070423092112 0.862 14.589 38.027 10.660 8.244 1.230 10.849 
070423093612 0.842 14.617 38.058 10.649 8.243 1.116 10.777 
070423095112 0.856 14.629 38.064 10.646 8.243 0.767 10.829 
070423100612 0.837 14.664 38.051 10.627 8.243 0.767 10.843 
070423102112 0.864 14.726 38.070 10.614 8.242 0.622 10.849 
