SAMBAT Sea Ti  C/T/D/Odo/Fluo/pH GPS : 50195 
V:0,Pression (0/50),dba
V:1,Température (-5/35),°C
V:2,Salinité (2/42),g/l
V:3,Oxygène (0/20),mgl
V:4,PH (0/14),pH
V:5,Fluorescence (0/500),ppb
V:6,Tension batterie,V
120723141928 0.695 27.131 38.786 7.879 8.251 1.108 10.843 
120723143427 0.749 27.071 38.801 7.887 8.248 1.139 10.947 
120723144927 0.809 27.086 38.757 7.897 8.250 1.002 10.942 
120723150427 0.796 27.287 38.780 7.852 8.252 1.086 10.956 
120723151927 0.785 27.134 38.791 7.884 8.250 1.017 10.958 
120723153427 0.758 27.209 38.758 7.872 8.251 1.177 10.959 
120723154927 0.757 27.282 38.820 7.854 8.253 1.093 10.949 
120723160427 0.759 27.350 38.782 7.839 8.251 1.192 10.959 
120723161927 0.767 27.368 38.766 7.844 8.252 1.351 10.960 
120723163427 0.763 27.479 38.776 7.820 8.253 1.260 10.960 
120723164927 0.764 27.322 38.809 7.842 8.250 1.458 10.950 
120723170427 0.764 27.204 38.802 7.884 8.250 1.495 10.959 
120723171927 0.741 27.422 38.726 7.852 8.254 1.738 10.960 
120723173427 0.716 27.242 38.796 7.879 8.255 1.936 10.961 
120723174927 0.754 27.265 38.742 7.887 8.259 1.738 10.944 
120723180427 0.747 27.160 38.695 7.918 8.259 1.700 10.959 
120723181927 0.742 27.005 38.744 7.946 8.256 1.799 10.960 
120723183427 0.761 26.929 38.728 7.974 8.256 2.088 10.960 
120723184927 0.770 26.944 38.723 7.979 8.260 2.027 10.949 
120723190427 0.756 26.846 38.743 8.004 8.257 1.943 10.959 
120723191927 0.737 26.813 38.708 8.017 8.257 1.685 10.959 
120723193427 0.746 26.750 38.734 8.032 8.259 1.845 10.959 
120723194927 0.737 26.843 38.736 8.029 8.262 2.194 10.948 
120723200427 0.767 26.875 38.718 8.024 8.266 2.255 10.957 
120723201927 0.757 26.856 38.733 8.039 8.267 2.247 10.959 
120723203427 0.772 26.803 38.694 8.056 8.262 2.209 10.959 
120723204927 0.744 26.808 38.653 8.064 8.268 2.778 10.947 
120723210427 0.760 26.817 38.711 8.073 8.267 2.133 10.957 
120723211927 0.751 26.859 38.727 8.074 8.267 2.323 10.958 
120723213427 0.737 26.946 38.748 8.061 8.263 2.315 10.959 
120723214927 0.733 27.099 38.751 8.030 8.260 2.232 10.942 
120723220427 0.752 27.354 38.768 7.973 8.260 2.680 10.957 
120723221927 0.750 27.690 38.775 7.926 8.259 2.824 10.959 
120723223427 0.744 27.667 38.774 7.920 8.254 2.498 10.960 
120723224927 0.746 27.647 38.759 7.915 8.252 2.801 10.950 
120723230427 0.740 27.627 38.723 7.910 8.251 2.103 10.959 
120723231927 0.735 27.623 38.718 7.904 8.250 2.505 10.960 
120723233427 0.750 27.652 38.728 7.897 8.250 2.444 10.961 
120723234927 0.727 27.625 38.771 7.888 8.249 2.619 10.951 
130723000427 0.764 27.532 38.765 7.890 8.248 1.921 10.960 
130723001927 0.758 27.502 38.753 7.886 8.249 2.801 10.961 
130723003427 0.756 27.465 38.765 7.882 8.249 2.877 10.961 
130723004927 0.765 27.428 38.763 7.881 8.249 2.528 10.945 
130723010427 0.762 27.402 38.768 7.876 8.249 2.573 10.959 
130723011927 0.741 27.373 38.762 7.872 8.250 2.649 10.960 
130723013427 0.770 27.450 38.757 7.850 8.253 2.520 10.960 
130723014927 0.749 27.438 38.777 7.846 8.252 2.513 10.950 
130723020427 0.767 27.395 38.796 7.843 8.251 2.156 10.959 
130723021927 0.757 27.371 38.789 7.837 8.251 2.923 10.960 
130723023427 0.755 27.315 38.772 7.839 8.251 2.239 10.960 
130723024927 0.736 27.268 38.790 7.837 8.251 2.042 10.945 
130723030427 0.752 27.222 38.791 7.836 8.251 2.611 10.958 
130723031927 0.748 27.278 38.774 7.812 8.254 2.232 10.959 
130723033427 0.725 27.268 38.811 7.801 8.254 2.300 10.960 
130723034927 0.770 27.253 38.766 7.798 8.253 2.346 10.949 
130723040427 0.755 27.235 38.782 7.795 8.253 1.981 10.959 
130723041927 0.741 27.211 38.781 7.798 8.253 2.148 10.959 
130723043427 0.756 27.191 38.771 7.804 8.253 2.376 10.959 
130723044927 0.797 27.168 38.767 7.808 8.253 2.452 10.949 
130723050427 0.767 27.165 38.810 7.812 8.254 2.611 10.958 
130723051927 0.794 27.159 38.774 7.815 8.254 2.391 10.959 
130723053427 0.738 27.146 38.811 7.820 8.254 2.315 10.959 
130723054927 0.744 27.146 38.780 7.822 8.255 2.490 10.943 
130723060427 0.749 27.136 38.818 7.827 8.255 2.376 10.957 
130723061927 0.761 27.126 38.786 7.830 8.255 2.194 10.959 
130723063427 0.735 27.118 38.790 7.835 8.255 2.611 10.959 
130723064927 0.772 27.113 38.794 7.838 8.255 2.346 10.948 
130723070427 0.768 27.146 38.790 7.833 8.256 2.520 10.957 
130723071927 0.751 27.167 38.802 7.829 8.256 2.293 10.959 
130723073427 0.728 27.175 38.787 7.830 8.255 2.300 10.959 
130723074927 0.739 27.191 38.803 7.829 8.255 2.164 10.948 
130723080427 0.752 27.186 38.797 7.831 8.255 2.551 10.958 
130723081927 0.723 27.193 38.801 7.830 8.255 2.566 10.959 
130723083427 0.795 27.196 38.845 7.830 8.255 2.331 10.959 
130723084927 0.762 27.222 38.783 7.827 8.255 2.171 10.943 
130723090427 0.761 27.221 38.817 7.830 8.254 1.655 10.957 
130723091927 0.781 27.234 38.829 7.830 8.254 1.594 10.959 
130723093427 0.771 27.269 38.821 7.824 8.254 1.571 10.959 
130723094927 0.796 27.279 38.799 7.823 8.253 1.518 10.948 
130723100427 0.788 27.289 38.800 7.824 8.254 2.217 10.958 
130723101927 0.818 27.265 38.836 7.832 8.254 1.640 10.959 
130723103427 0.784 27.296 38.813 7.832 8.254 1.313 10.959 
130723104927 0.750 27.333 38.775 7.828 8.255 1.253 10.949 
130723110427 0.773 27.387 38.798 7.818 8.255 1.533 10.958 
130723111927 0.759 27.410 38.819 7.820 8.254 1.275 10.959 
130723113427 0.766 27.448 38.795 7.813 8.254 1.571 10.959 
130723114927 0.833 27.514 38.814 7.803 8.253 1.420 10.944 
130723120427 0.773 27.579 38.794 7.791 8.254 1.336 10.958 
130723121927 0.786 27.660 38.861 7.788 8.253 1.473 10.959 
130723123427 0.763 27.657 38.852 7.790 8.252 1.511 10.960 
130723124927 0.745 27.638 38.808 7.789 8.253 1.602 10.950 
130723130427 0.784 27.665 38.869 7.789 8.253 1.511 10.959 
130723131927 0.807 27.663 38.818 7.793 8.252 1.655 10.960 
130723133427 0.723 27.700 38.837 7.795 8.252 1.336 10.960 
130723134927 0.641 27.770 38.808 7.792 8.252 1.632 10.951 
130723140427 0.816 27.802 38.839 7.793 8.252 1.427 10.960 
130723141927 0.778 27.783 38.780 7.796 8.251 1.389 10.961 
