SAMBAT Sea Ti  C/T/D/Odo/Fluo/pH GPS : 50195 
V:0,Pression (0/50),dba
V:1,Température (-5/35),°C
V:2,Salinité (2/42),g/l
V:3,Oxygène (0/20),mgl
V:4,PH (0/14),pH
V:5,Fluorescence (0/500),ppb
V:6,Tension batterie,V
111223114533 0.933 16.563 38.461 9.185 8.247 1.093 10.745 
111223120032 0.897 16.616 38.468 9.167 8.247 1.169 10.826 
111223121532 0.886 16.489 38.462 9.203 8.245 1.435 10.847 
111223123032 0.810 16.506 38.457 9.205 8.247 1.161 10.845 
111223124532 0.868 16.540 38.460 9.200 8.248 1.890 10.860 
111223130032 0.862 16.519 38.453 9.206 8.247 2.201 10.867 
111223131532 0.817 16.492 38.460 9.212 8.247 2.429 10.852 
111223133032 0.984 16.478 38.452 9.226 8.247 2.103 10.847 
111223134532 0.774 16.476 38.463 9.227 8.246 2.194 10.862 
111223140032 0.850 16.477 38.462 9.229 8.246 1.564 10.868 
111223141532 0.856 16.494 38.462 9.224 8.246 1.974 10.862 
111223143032 0.917 16.505 38.462 9.223 8.245 1.397 10.851 
111223144532 0.799 16.503 38.462 9.226 8.245 1.427 10.864 
111223150032 0.950 16.493 38.463 9.231 8.245 1.617 10.869 
111223151532 0.757 16.492 38.461 9.234 8.245 2.110 10.861 
111223153032 0.799 16.486 38.464 9.240 8.246 2.270 10.850 
111223154532 0.826 16.484 38.462 9.246 8.246 2.816 10.864 
111223160032 0.839 16.483 38.466 9.247 8.246 2.786 10.870 
111223161532 0.766 16.472 38.461 9.250 8.246 2.945 10.853 
111223163032 0.978 16.462 38.463 9.255 8.246 3.743 10.848 
111223164532 0.985 16.467 38.464 9.255 8.246 3.439 10.863 
111223170032 0.833 16.477 38.460 9.253 8.246 3.241 10.869 
111223171532 0.861 16.470 38.463 9.254 8.246 3.682 10.862 
111223173032 0.889 16.466 38.463 9.255 8.246 3.477 10.851 
111223174532 0.734 16.457 38.467 9.257 8.245 2.976 10.864 
111223180032 0.920 16.442 38.462 9.263 8.245 3.439 10.870 
111223181532 0.836 16.444 38.466 9.261 8.245 3.545 10.862 
111223183032 0.796 16.438 38.467 9.262 8.246 3.378 10.850 
111223184532 0.920 16.452 38.459 9.260 8.246 2.999 10.864 
111223190032 0.889 16.446 38.461 9.262 8.246 3.196 10.870 
111223191532 0.815 16.448 38.460 9.262 8.246 3.568 10.853 
111223193032 0.772 16.450 38.459 9.261 8.246 3.317 10.848 
111223194532 0.918 16.451 38.462 9.260 8.245 3.128 10.863 
111223200032 0.883 16.463 38.456 9.256 8.245 3.150 10.868 
111223201532 0.896 16.449 38.459 9.258 8.245 3.188 10.862 
111223203032 0.824 16.458 38.461 9.255 8.245 3.545 10.850 
111223204532 1.016 16.460 38.462 9.254 8.246 2.832 10.864 
111223210032 0.891 16.461 38.459 9.253 8.246 3.196 10.869 
111223211532 0.880 16.468 38.458 9.250 8.245 3.128 10.863 
111223213032 0.771 16.448 38.457 9.253 8.246 4.456 10.850 
111223214532 0.913 16.447 38.457 9.254 8.245 2.892 10.864 
111223220032 0.904 16.439 38.463 9.252 8.245 3.249 10.869 
111223221532 0.833 16.446 38.462 9.248 8.246 3.393 10.853 
111223223032 0.932 16.435 38.461 9.251 8.245 2.862 10.848 
111223224532 0.852 16.452 38.464 9.244 8.246 3.059 10.862 
111223230032 0.835 16.451 38.461 9.244 8.245 2.945 10.868 
111223231532 0.851 16.450 38.461 9.243 8.246 3.872 10.862 
111223233032 0.889 16.438 38.459 9.244 8.245 3.264 10.849 
111223234532 1.032 16.434 38.460 9.246 8.245 3.166 10.863 
121223000032 0.832 16.447 38.462 9.243 8.245 2.710 10.869 
121223001532 0.897 16.435 38.459 9.245 8.245 4.365 10.852 
121223003032 0.968 16.431 38.464 9.246 8.245 2.604 10.847 
121223004532 0.914 16.434 38.465 9.244 8.245 2.703 10.862 
121223010032 0.943 16.412 38.461 9.247 8.244 3.576 10.868 
121223011532 0.866 16.407 38.463 9.247 8.244 2.983 10.861 
121223013032 0.775 16.410 38.461 9.248 8.244 3.279 10.850 
121223014532 0.938 16.394 38.465 9.254 8.244 3.097 10.863 
121223020032 0.883 16.390 38.464 9.258 8.244 2.938 10.868 
121223021532 0.818 16.397 38.462 9.262 8.244 3.052 10.861 
121223023032 0.871 16.397 38.462 9.264 8.244 3.272 10.849 
121223024532 0.926 16.395 38.467 9.266 8.245 3.234 10.863 
121223030032 0.803 16.392 38.464 9.270 8.245 3.219 10.868 
121223031532 0.982 16.388 38.466 9.273 8.245 2.832 10.851 
121223033032 0.935 16.386 38.469 9.274 8.244 3.021 10.846 
121223034532 0.746 16.386 38.465 9.276 8.245 3.378 10.862 
121223040032 0.857 16.394 38.462 9.278 8.245 2.687 10.867 
121223041532 0.818 16.393 38.465 9.282 8.243 2.748 10.860 
121223043032 0.853 16.382 38.462 9.293 8.245 2.945 10.849 
121223044532 0.937 16.386 38.469 9.289 8.244 2.786 10.862 
121223050032 0.798 16.384 38.469 9.292 8.245 2.422 10.867 
121223051532 0.895 16.388 38.470 9.293 8.244 3.257 10.856 
121223053032 0.935 16.390 38.466 9.295 8.245 2.665 10.847 
121223054532 0.835 16.401 38.466 9.297 8.245 2.596 10.862 
121223060032 0.910 16.391 38.467 9.300 8.245 2.794 10.867 
121223061532 0.934 16.393 38.468 9.301 8.246 3.234 10.860 
121223063032 0.808 16.392 38.464 9.303 8.245 2.930 10.849 
121223064532 0.763 16.397 38.465 9.304 8.246 2.816 10.862 
121223070032 0.914 16.386 38.465 9.310 8.246 3.067 10.868 
121223071532 0.950 16.385 38.464 9.311 8.245 2.824 10.860 
121223073032 0.896 16.373 38.469 9.319 8.245 2.885 10.848 
121223074532 0.837 16.384 38.466 9.317 8.245 3.454 10.862 
121223080032 0.907 16.386 38.468 9.312 8.246 3.310 10.867 
121223081532 0.909 16.394 38.466 9.307 8.246 2.877 10.851 
121223083032 0.932 16.384 38.466 9.306 8.245 2.786 10.846 
121223084532 0.926 16.384 38.470 9.301 8.245 2.687 10.860 
121223090032 0.850 16.384 38.467 9.300 8.245 2.406 10.867 
121223091532 0.870 16.395 38.464 9.296 8.244 1.883 10.860 
121223093032 0.921 16.399 38.464 9.294 8.244 1.564 10.848 
121223094532 0.816 16.400 38.463 9.294 8.244 1.670 10.862 
121223100032 0.961 16.418 38.462 9.288 8.245 1.503 10.867 
121223101532 0.857 16.408 38.465 9.289 8.243 1.237 10.859 
121223103032 0.975 16.440 38.466 9.282 8.246 0.858 10.848 
121223104532 0.957 16.467 38.468 9.273 8.247 1.533 10.862 
121223110032 0.987 16.481 38.464 9.270 8.247 1.207 10.867 
121223111532 0.834 16.491 38.463 9.263 8.247 1.101 10.851 
121223113032 0.936 16.494 38.461 9.264 8.247 1.063 10.846 
121223114532 0.883 16.506 38.462 9.262 8.247 1.237 10.861 
121223120608 0.848 16.526 38.462 9.258 8.248 0.987 10.666 
121223122108 0.831 16.534 38.462 9.258 8.247 1.245 10.799 
121223123608 0.908 16.541 38.460 9.257 8.247 1.192 10.838 
121223125108 0.921 16.549 38.464 9.254 8.247 0.805 10.852 
121223130608 0.819 16.565 38.463 9.253 8.246 1.435 10.860 
121223132108 0.896 16.568 38.461 9.255 8.247 0.888 10.819 
121223133608 0.949 16.566 38.462 9.257 8.247 1.420 10.849 
121223135108 0.930 16.560 38.460 9.261 8.247 1.374 10.860 
121223140608 0.810 16.556 38.461 9.265 8.247 1.511 10.864 
121223142108 0.903 16.551 38.459 9.270 8.247 1.670 10.820 
121223143608 0.872 16.551 38.461 9.273 8.248 1.776 10.850 
121223145108 0.874 16.562 38.459 9.274 8.248 2.323 10.860 
121223150608 0.934 16.562 38.460 9.276 8.247 2.186 10.866 
121223152108 0.917 16.567 38.457 9.277 8.247 2.126 10.816 
121223153608 0.831 16.566 38.459 9.278 8.248 2.353 10.849 
121223155108 0.903 16.564 38.457 9.281 8.248 2.422 10.860 
121223160608 0.960 16.556 38.457 9.284 8.248 3.029 10.866 
121223162108 0.852 16.552 38.459 9.286 8.248 3.317 10.822 
121223163608 0.852 16.551 38.461 9.287 8.247 3.333 10.852 
121223165108 0.765 16.548 38.459 9.288 8.248 3.773 10.863 
121223170608 0.889 16.543 38.455 9.291 8.248 4.684 10.867 
121223172108 0.802 16.551 38.459 9.290 8.248 2.915 10.823 
121223173608 0.843 16.524 38.458 9.295 8.248 3.166 10.853 
121223175108 0.791 16.531 38.451 9.294 8.248 3.090 10.863 
121223180608 0.831 16.515 38.458 9.296 8.248 3.598 10.867 
121223182108 0.794 16.534 38.454 9.295 8.248 3.446 10.822 
121223183608 0.788 16.520 38.456 9.296 8.247 3.287 10.853 
121223185108 0.861 16.519 38.454 9.296 8.248 3.090 10.863 
121223190608 0.762 16.523 38.457 9.294 8.248 2.923 10.867 
121223192108 0.866 16.527 38.457 9.294 8.247 3.515 10.816 
121223193608 0.857 16.515 38.460 9.294 8.247 4.593 10.850 
121223195108 0.901 16.501 38.455 9.297 8.247 3.295 10.861 
121223200608 0.857 16.502 38.452 9.296 8.247 3.196 10.865 
121223202108 0.775 16.500 38.451 9.296 8.247 3.029 10.822 
121223203608 0.821 16.491 38.442 9.301 8.247 3.560 10.852 
121223205108 0.830 16.470 38.441 9.307 8.247 2.634 10.860 
121223210608 0.896 16.469 38.445 9.305 8.248 3.021 10.866 
121223212108 0.850 16.460 38.437 9.308 8.248 3.955 10.819 
121223213608 0.833 16.424 38.427 9.317 8.247 3.720 10.852 
121223215108 0.783 16.439 38.431 9.313 8.248 2.816 10.862 
121223220608 0.845 16.437 38.425 9.315 8.248 3.697 10.865 
121223222108 0.812 16.416 38.416 9.318 8.248 3.067 10.814 
121223223608 0.852 16.421 38.423 9.318 8.248 2.740 10.849 
121223225108 0.860 16.378 38.408 9.330 8.248 2.695 10.859 
121223230608 0.830 16.400 38.409 9.325 8.248 2.551 10.864 
121223232108 0.954 16.449 38.436 9.312 8.248 3.295 10.821 
121223233608 0.814 16.462 38.446 9.310 8.248 2.740 10.851 
121223235108 0.787 16.478 38.446 9.305 8.248 2.847 10.860 
131223000608 0.849 16.472 38.452 9.305 8.248 3.128 10.865 
131223002108 0.754 16.511 38.458 9.289 8.248 3.773 10.820 
131223003608 0.834 16.514 38.457 9.288 8.248 3.188 10.852 
131223005108 0.822 16.512 38.457 9.290 8.248 3.219 10.861 
131223010608 0.802 16.519 38.461 9.288 8.248 3.735 10.865 
131223012108 0.827 16.523 38.454 9.287 8.248 2.991 10.815 
131223013608 0.823 16.522 38.457 9.287 8.248 3.576 10.849 
131223015108 0.908 16.513 38.456 9.289 8.247 3.211 10.860 
131223020608 0.889 16.518 38.455 9.287 8.248 3.340 10.865 
131223022108 0.875 16.511 38.456 9.287 8.248 2.930 10.822 
131223023608 0.774 16.505 38.455 9.288 8.248 2.900 10.851 
131223025108 0.805 16.504 38.454 9.287 8.248 2.870 10.862 
131223030608 0.713 16.503 38.455 9.288 8.248 3.158 10.866 
131223032108 0.653 16.474 38.450 9.296 8.248 3.037 10.820 
131223033608 0.910 16.479 38.450 9.295 8.248 2.907 10.849 
131223035108 0.877 16.484 38.452 9.292 8.248 3.059 10.862 
131223040608 0.934 16.475 38.451 9.295 8.248 2.763 10.866 
131223042108 0.813 16.485 38.452 9.291 8.248 2.907 10.821 
131223043608 0.832 16.477 38.454 9.291 8.248 2.930 10.851 
131223045108 0.842 16.479 38.456 9.290 8.248 3.371 10.861 
131223050608 0.781 16.475 38.455 9.289 8.248 2.475 10.866 
131223052108 0.941 16.462 38.456 9.292 8.248 3.135 10.815 
131223053608 0.754 16.460 38.457 9.292 8.248 3.515 10.847 
131223055108 0.806 16.457 38.454 9.292 8.248 2.839 10.858 
131223060608 0.869 16.450 38.454 9.293 8.249 2.832 10.862 
131223062108 0.850 16.466 38.457 9.289 8.248 2.885 10.820 
131223063608 0.936 16.459 38.457 9.292 8.249 2.953 10.849 
131223065108 0.712 16.457 38.452 9.291 8.248 2.961 10.859 
131223070608 0.836 16.470 38.455 9.288 8.248 3.317 10.864 
131223072108 0.744 16.453 38.459 9.293 8.249 3.052 10.818 
131223073608 0.821 16.468 38.460 9.288 8.249 3.743 10.851 
131223075108 0.718 16.480 38.456 9.285 8.249 3.750 10.860 
131223080608 0.753 16.475 38.456 9.284 8.249 2.862 10.864 
131223082108 0.832 16.476 38.454 9.286 8.249 3.234 10.813 
131223083608 0.891 16.484 38.455 9.284 8.249 2.809 10.850 
131223085108 0.791 16.476 38.458 9.284 8.249 2.763 10.861 
131223090608 0.863 16.479 38.455 9.285 8.248 2.285 10.866 
131223092108 0.908 16.479 38.455 9.285 8.249 3.553 10.822 
131223093608 0.926 16.482 38.454 9.285 8.249 1.822 10.852 
131223095108 0.854 16.489 38.461 9.279 8.249 1.738 10.862 
131223100608 0.838 16.490 38.460 9.279 8.248 2.353 10.866 
131223102108 0.844 16.487 38.459 9.281 8.249 2.619 10.816 
131223103608 0.773 16.488 38.460 9.279 8.249 2.095 10.850 
131223105108 0.715 16.491 38.460 9.279 8.249 2.376 10.860 
131223110608 0.830 16.488 38.457 9.282 8.249 2.331 10.866 
131223112108 0.866 16.491 38.457 9.281 8.248 1.382 10.820 
131223113608 0.571 16.488 38.458 9.283 8.248 1.313 10.851 
131223115108 0.571 16.491 38.457 9.281 8.248 1.291 10.858 
131223120608 0.761 16.489 38.458 9.283 8.248 2.566 10.864 
