SAMBAT Sea Ti  C/T/D/Odo/Fluo/pH GPS : 50195 
V:0,Pression (0/50),dba
V:1,Température (-5/35),°C
V:2,Salinité (2/42),g/l
V:3,Oxygène (0/20),mgl
V:4,PH (0/14),pH
V:5,Fluorescence (0/500),ppb
V:6,Tension batterie,V
191223122324 1.018 15.778 38.494 9.256 8.248 1.427 10.737 
191223123823 1.033 15.785 38.489 9.258 8.250 1.883 10.818 
191223125323 1.032 15.786 38.489 9.259 8.249 1.685 10.846 
191223130823 1.021 15.801 38.486 9.256 8.248 1.951 10.809 
191223132323 1.017 15.822 38.489 9.253 8.248 1.830 10.822 
191223133823 1.018 15.830 38.491 9.252 8.246 1.518 10.850 
191223135323 1.020 15.823 38.494 9.255 8.249 2.088 10.860 
191223140823 1.028 15.816 38.491 9.261 8.250 1.913 10.839 
191223142323 1.020 15.810 38.488 9.264 8.250 2.179 10.828 
191223143823 1.000 15.807 38.492 9.265 8.250 2.475 10.853 
191223145323 0.990 15.794 38.487 9.271 8.250 2.399 10.863 
191223150823 1.025 15.805 38.491 9.271 8.250 2.475 10.838 
191223152323 1.005 15.793 38.493 9.275 8.251 3.257 10.828 
191223153823 1.013 15.790 38.492 9.278 8.251 3.333 10.854 
191223155323 1.018 15.785 38.492 9.279 8.251 3.902 10.863 
191223160823 1.001 15.781 38.493 9.282 8.250 4.114 10.814 
191223162323 0.994 15.776 38.492 9.284 8.249 4.798 10.825 
191223163823 1.003 15.767 38.491 9.285 8.250 4.881 10.852 
191223165323 1.003 15.758 38.491 9.287 8.250 5.823 10.862 
191223170823 1.002 15.748 38.489 9.290 8.251 5.504 10.836 
191223172323 0.994 15.741 38.494 9.292 8.251 4.411 10.828 
191223173823 1.003 15.735 38.493 9.293 8.251 4.107 10.854 
191223175323 1.001 15.727 38.492 9.301 8.251 5.253 10.863 
191223180823 1.002 15.729 38.492 9.300 8.251 4.373 10.842 
191223182323 1.009 15.731 38.489 9.294 8.252 5.747 10.829 
191223183823 1.004 15.723 38.492 9.299 8.251 5.481 10.854 
191223185323 0.980 15.719 38.493 9.298 8.252 5.967 10.863 
191223190823 0.993 15.722 38.491 9.297 8.251 4.904 10.812 
191223192323 1.010 15.713 38.492 9.297 8.253 4.813 10.822 
191223193823 0.992 15.717 38.490 9.295 8.252 4.335 10.851 
191223195323 0.974 15.710 38.491 9.297 8.252 5.192 10.861 
191223200823 1.006 15.707 38.492 9.293 8.251 4.593 10.839 
191223202323 1.004 15.701 38.492 9.293 8.252 4.904 10.828 
191223203823 1.003 15.716 38.494 9.288 8.252 4.752 10.853 
191223205323 0.986 15.706 38.494 9.290 8.252 5.861 10.862 
191223210823 1.008 15.703 38.494 9.291 8.253 4.714 10.841 
191223212323 0.976 15.697 38.495 9.291 8.251 5.815 10.828 
191223213823 1.014 15.711 38.494 9.287 8.252 5.200 10.853 
191223215323 0.950 15.711 38.491 9.289 8.253 5.344 10.862 
191223220823 0.972 15.705 38.493 9.290 8.252 4.213 10.816 
191223222323 1.007 15.706 38.490 9.291 8.252 4.039 10.825 
191223223823 0.996 15.710 38.493 9.289 8.253 5.299 10.851 
191223225323 0.996 15.710 38.491 9.287 8.253 4.843 10.862 
191223230823 0.950 15.713 38.488 9.286 8.251 4.297 10.840 
191223232323 1.007 15.697 38.488 9.288 8.251 4.707 10.828 
191223233823 0.977 15.706 38.495 9.288 8.251 5.709 10.853 
191223235323 0.987 15.697 38.494 9.290 8.251 5.200 10.862 
201223000823 0.963 15.689 38.493 9.293 8.251 4.524 10.840 
201223002323 0.964 15.700 38.494 9.290 8.252 4.426 10.825 
201223003823 1.001 15.704 38.491 9.289 8.251 4.904 10.852 
201223005323 0.973 15.687 38.493 9.290 8.252 5.086 10.862 
201223010823 0.986 15.695 38.493 9.289 8.253 4.790 10.815 
201223012323 0.968 15.685 38.493 9.293 8.252 4.365 10.824 
201223013823 0.946 15.701 38.491 9.288 8.251 4.373 10.851 
201223015323 0.990 15.698 38.491 9.291 8.253 3.735 10.861 
201223020823 0.944 15.688 38.496 9.293 8.251 4.752 10.840 
201223022323 0.941 15.677 38.492 9.297 8.252 4.373 10.827 
201223023823 0.956 15.680 38.501 9.293 8.250 5.230 10.853 
201223025323 0.940 15.686 38.493 9.293 8.250 5.041 10.862 
201223030823 0.946 15.691 38.495 9.292 8.252 3.872 10.840 
201223032323 0.929 15.691 38.495 9.293 8.252 4.638 10.828 
201223033823 0.939 15.673 38.493 9.297 8.251 4.312 10.853 
201223035323 0.924 15.682 38.498 9.293 8.251 4.145 10.862 
201223040823 0.946 15.673 38.499 9.291 8.252 4.259 10.813 
201223042323 0.911 15.683 38.496 9.289 8.252 3.796 10.823 
201223043823 0.922 15.675 38.500 9.290 8.251 4.585 10.851 
201223045323 0.947 15.672 38.495 9.291 8.251 4.623 10.861 
201223050823 0.927 15.678 38.497 9.286 8.251 4.342 10.836 
201223052323 0.890 15.673 38.494 9.287 8.253 4.593 10.827 
201223053823 0.938 15.674 38.500 9.286 8.252 4.175 10.852 
201223055323 0.925 15.657 38.495 9.289 8.251 5.192 10.861 
201223060823 0.939 15.678 38.497 9.284 8.253 4.524 10.834 
201223062323 0.931 15.650 38.498 9.287 8.251 4.532 10.826 
201223063823 0.906 15.652 38.498 9.287 8.253 5.086 10.852 
201223065323 0.920 15.649 38.501 9.287 8.252 4.524 10.861 
201223070823 0.921 15.628 38.497 9.290 8.251 5.268 10.814 
201223072323 0.901 15.632 38.502 9.286 8.253 5.557 10.822 
201223073823 0.911 15.659 38.496 9.280 8.252 5.086 10.850 
201223075323 0.905 15.650 38.499 9.278 8.252 4.904 10.860 
201223080823 0.903 15.652 38.496 9.278 8.253 4.790 10.839 
201223082323 0.927 15.625 38.499 9.280 8.253 4.122 10.827 
201223083823 0.877 15.650 38.497 9.275 8.253 5.322 10.851 
201223085323 0.910 15.645 38.500 9.276 8.253 3.773 10.861 
201223090823 0.919 15.639 38.498 9.276 8.252 3.128 10.827 
201223092323 0.874 15.639 38.496 9.276 8.253 2.551 10.825 
201223093823 0.908 15.640 38.498 9.274 8.253 3.743 10.851 
201223095323 0.892 15.629 38.504 9.274 8.253 3.902 10.860 
201223100823 0.906 15.638 38.500 9.273 8.253 4.502 10.839 
201223102323 0.930 15.644 38.501 9.270 8.252 4.236 10.826 
201223103823 0.923 15.631 38.497 9.272 8.252 3.636 10.852 
201223105323 0.896 15.638 38.501 9.270 8.253 3.446 10.861 
201223110823 0.929 15.634 38.499 9.269 8.252 3.120 10.840 
201223112323 0.895 15.638 38.501 9.268 8.252 3.462 10.827 
201223113823 0.923 15.631 38.500 9.267 8.251 3.401 10.852 
201223115323 0.883 15.629 38.498 9.267 8.252 3.576 10.861 
201223120823 0.898 15.623 38.499 9.269 8.253 3.143 10.837 
201223122323 0.892 15.646 38.500 9.263 8.253 2.619 10.826 
