SAMBAT Sea Ti  C/T/D/Odo/Fluo/pH GPS : 50195 
V:0,Pression (0/50),m
V:1,Température (-5/35),°C
V:2,Salinité (2/42),g/l
V:3,Oxygène (0/20),mgl
V:4,PH (0/14),pH
V:5,Fluorescence (0/50),µgl
V:6,Tension batterie,V
250123195120 0.970 14.375 37.167 9.267 8.325 0.779 10.708 
250123200619 0.986 14.387 37.196 9.265 8.325 0.947 10.785 
250123202119 0.934 14.393 37.189 9.260 8.324 0.952 10.816 
250123203619 0.983 14.372 37.172 9.269 8.327 1.090 10.829 
250123205119 1.031 14.366 37.148 9.271 8.325 0.939 10.835 
250123210619 0.973 14.368 37.165 9.269 8.327 0.835 10.808 
250123212119 0.889 14.344 37.218 9.275 8.327 1.032 10.827 
250123213619 0.938 14.344 37.227 9.271 8.325 0.871 10.835 
250123215119 0.985 14.350 37.191 9.275 8.327 0.885 10.839 
250123220619 0.975 14.339 37.242 9.277 8.324 0.904 10.808 
250123222119 0.946 14.346 37.217 9.273 8.321 0.835 10.828 
250123223619 0.975 14.368 37.258 9.262 8.316 0.899 10.835 
250123225119 0.973 14.355 37.193 9.259 8.314 0.678 10.839 
250123230619 0.955 14.357 37.274 9.256 8.320 0.805 10.808 
250123232119 0.939 14.356 37.252 9.255 8.311 0.837 10.827 
250123233619 0.900 14.359 37.255 9.248 8.308 0.847 10.836 
250123235119 0.945 14.366 37.274 9.247 8.303 0.916 10.840 
260123000619 0.923 14.376 37.272 9.236 8.325 0.741 10.808 
260123002119 0.997 14.380 37.274 9.230 8.321 0.925 10.828 
260123003619 1.000 14.358 37.259 9.231 8.321 0.773 10.836 
260123005119 0.958 14.380 37.270 9.224 8.316 0.829 10.839 
260123010619 0.948 14.380 37.242 9.221 8.323 0.695 10.809 
260123012119 0.939 14.388 37.239 9.215 8.318 0.671 10.828 
260123013619 0.955 14.385 37.254 9.216 8.325 0.786 10.836 
260123015119 0.938 14.383 37.224 9.216 8.325 0.921 10.840 
260123020619 0.906 14.381 37.288 9.213 8.318 0.712 10.807 
260123022119 0.885 14.392 37.263 9.205 8.295 0.742 10.828 
260123023619 0.983 14.384 37.251 9.210 8.326 0.672 10.836 
260123025119 0.903 14.365 37.256 9.212 8.288 0.770 10.840 
260123030619 0.889 14.380 37.248 9.206 8.326 0.796 10.796 
260123032119 0.916 14.380 37.602 9.205 8.319 0.810 10.823 
260123033619 0.909 14.379 37.257 9.210 8.326 0.810 10.833 
260123035119 0.908 14.380 37.241 9.210 8.327 0.828 10.838 
260123040619 0.927 14.359 37.153 9.213 8.327 0.717 10.809 
260123042119 0.929 14.356 37.167 9.207 8.323 0.868 10.828 
260123043619 0.904 14.349 37.173 9.215 8.322 0.947 10.836 
260123045119 0.947 14.345 37.237 9.215 8.317 0.860 10.839 
260123050619 0.915 14.341 37.212 9.220 8.315 0.882 10.809 
260123052119 0.902 14.340 37.234 9.217 8.309 1.133 10.828 
260123053619 0.902 14.343 37.254 9.219 8.306 0.727 10.836 
260123055119 0.886 14.325 37.229 9.230 8.306 0.709 10.840 
260123060619 0.919 14.343 37.186 9.220 8.310 0.748 10.796 
260123062119 0.906 14.340 37.175 9.216 8.301 0.796 10.823 
260123063619 0.885 14.321 37.250 9.224 8.303 0.727 10.833 
260123065119 0.914 14.344 37.293 9.220 8.303 0.687 10.838 
260123070619 0.928 14.343 37.240 9.215 8.315 0.756 10.806 
260123072119 0.882 14.315 37.220 9.225 8.310 0.620 10.827 
260123073619 0.909 14.320 37.248 9.221 8.307 0.779 10.835 
260123075119 0.906 14.313 37.217 9.220 8.325 0.611 10.839 
260123080619 0.877 14.305 37.241 9.222 8.313 0.728 10.803 
260123082119 0.922 14.297 37.212 9.224 8.319 0.787 10.825 
260123083619 0.927 14.289 37.238 9.227 8.318 0.852 10.835 
260123085119 0.868 14.301 37.242 9.225 8.312 0.763 10.839 
260123090619 0.865 14.298 37.248 9.222 8.323 0.702 10.803 
260123092119 0.902 14.274 37.248 9.222 8.328 0.694 10.825 
260123093619 0.914 14.276 37.154 9.229 8.329 0.620 10.834 
260123095119 0.937 14.287 37.147 9.226 8.330 0.653 10.838 
260123100619 0.930 14.278 37.180 9.233 8.331 0.501 10.803 
260123102119 0.910 14.293 37.177 9.235 8.329 0.321 10.825 
260123103619 0.907 14.282 37.191 9.238 8.327 0.486 10.834 
260123105119 0.905 14.293 37.176 9.230 8.313 0.477 10.838 
260123110619 0.933 14.271 37.146 9.235 8.321 0.364 10.802 
260123112119 0.910 14.265 37.144 9.244 8.322 0.621 10.825 
260123113619 0.923 14.259 37.129 9.250 8.325 0.314 10.834 
260123115119 0.886 14.282 37.112 9.251 8.324 0.252 10.839 
260123120619 0.958 14.290 37.093 9.252 8.318 0.367 10.802 
260123122119 0.860 14.300 37.118 9.251 8.309 0.361 10.825 
260123123619 0.866 14.301 37.182 9.249 8.306 0.373 10.834 
260123125119 0.875 14.313 37.201 9.248 8.301 0.321 10.838 
260123130619 0.865 14.321 37.218 9.256 8.325 0.302 10.802 
260123132119 0.910 14.341 37.234 9.251 8.325 0.252 10.825 
260123133619 0.878 14.328 37.201 9.261 8.325 0.452 10.834 
260123135119 0.749 14.342 37.241 9.262 8.328 0.280 10.839 
260123140619 0.895 14.334 37.245 9.262 8.327 0.377 10.807 
260123142119 0.896 14.350 37.174 9.259 8.323 0.273 10.827 
260123143619 0.905 14.343 37.213 9.264 8.325 0.474 10.836 
260123145119 0.900 14.350 37.177 9.266 8.305 0.419 10.840 
260123150619 0.914 14.373 37.165 9.263 8.320 0.272 10.797 
260123152119 0.868 14.380 37.179 9.264 8.311 0.303 10.823 
260123153619 0.881 14.391 37.185 9.259 8.305 0.459 10.833 
260123155119 0.840 14.393 37.132 9.264 8.304 0.292 10.838 
260123160619 0.910 14.400 37.184 9.268 8.317 0.316 10.809 
260123162119 0.843 14.403 37.162 9.268 8.319 0.309 10.828 
260123163619 0.902 14.408 37.166 9.272 8.302 0.332 10.836 
260123165119 0.891 14.405 37.117 9.280 8.323 0.364 10.840 
260123170619 0.912 14.418 37.138 9.280 8.320 0.436 10.809 
260123172119 0.865 14.408 37.163 9.289 8.322 0.656 10.828 
260123173619 0.856 14.405 37.222 9.295 8.315 0.702 10.836 
260123175119 0.863 14.397 37.211 9.301 8.304 0.800 10.840 
260123180619 0.887 14.387 37.189 9.310 8.322 0.981 10.797 
260123182119 0.873 14.362 37.208 9.317 8.310 0.882 10.823 
260123183619 0.879 14.377 37.207 9.316 8.312 0.820 10.834 
260123185119 0.884 14.359 37.211 9.323 8.303 1.116 10.838 
260123190619 0.910 14.368 37.146 9.325 8.292 1.075 10.805 
260123192119 0.854 14.363 37.198 9.322 8.301 0.791 10.827 
260123193619 0.894 14.368 37.142 9.325 8.291 1.070 10.835 
260123195119 0.873 14.362 37.090 9.322 8.289 1.025 10.839 
