SAMBAT Sea Ti  C/T/D/Odo/Fluo/pH GPS : 50195 
V:0,Pression (0/50),m
V:1,Température (-5/35),°C
V:2,Salinité (2/42),g/l
V:3,Oxygène (0/20),mgl
V:4,PH (0/14),pH
V:5,Fluorescence (0/50),µgl
V:6,Tension batterie,V
140123192420 1.012 15.591 36.579 9.428 8.342 0.518 10.719 
140123193919 0.924 15.564 36.624 9.430 8.342 0.418 10.808 
140123195419 1.119 15.563 36.603 9.426 8.342 0.387 10.782 
140123200919 0.929 15.571 36.595 9.422 8.342 0.432 10.813 
140123202419 0.868 15.562 36.676 9.421 8.342 0.400 10.836 
140123203919 1.065 15.555 36.617 9.423 8.342 0.399 10.845 
140123205419 0.978 15.541 36.634 9.428 8.342 0.408 10.792 
140123210919 0.994 15.555 36.565 9.422 8.343 0.419 10.825 
140123212419 0.990 15.522 36.599 9.429 8.343 0.361 10.842 
140123213919 1.018 15.550 36.635 9.415 8.343 0.427 10.848 
140123215419 0.982 15.552 36.602 9.409 8.343 0.472 10.794 
140123220919 1.008 15.550 36.573 9.404 8.343 0.368 10.827 
140123222419 0.982 15.534 36.591 9.406 8.344 0.468 10.842 
140123223919 1.002 15.541 36.593 9.402 8.344 0.464 10.849 
140123225419 0.917 15.515 36.674 9.410 8.344 0.442 10.792 
140123230919 0.985 15.526 36.596 9.402 8.344 0.474 10.825 
140123232419 1.017 15.519 36.583 9.403 8.344 0.373 10.842 
140123233919 0.941 15.515 36.600 9.399 8.344 0.421 10.849 
140123235419 1.056 15.480 36.617 9.405 8.344 0.418 10.792 
150123000919 0.953 15.519 36.597 9.393 8.345 0.413 10.816 
150123002419 1.056 15.512 36.560 9.396 8.345 0.385 10.838 
150123003919 1.005 15.496 36.605 9.394 8.345 0.391 10.846 
150123005419 0.980 15.525 36.588 9.386 8.345 0.413 10.792 
150123010919 1.040 15.485 36.593 9.401 8.346 0.423 10.825 
150123012419 0.934 15.523 36.586 9.395 8.345 0.393 10.842 
150123013919 1.004 15.498 36.568 9.405 8.346 0.438 10.849 
150123015419 0.927 15.512 36.587 9.401 8.345 0.450 10.793 
150123020919 1.018 15.487 36.572 9.409 8.346 0.414 10.825 
150123022419 0.954 15.488 36.573 9.408 8.346 0.366 10.842 
150123023919 0.929 15.508 36.612 9.403 8.346 0.415 10.849 
150123025419 0.958 15.528 36.606 9.397 8.346 0.415 10.792 
150123030919 0.980 15.512 36.598 9.406 8.346 0.434 10.816 
150123032419 0.951 15.517 36.604 9.407 8.346 0.379 10.838 
150123033919 1.010 15.506 36.606 9.409 8.347 0.453 10.846 
150123035419 0.984 15.514 36.613 9.406 8.346 0.380 10.791 
150123040919 0.909 15.517 36.566 9.403 8.347 0.465 10.826 
150123042419 0.954 15.525 36.592 9.399 8.347 0.401 10.842 
150123043919 0.915 15.516 36.562 9.403 8.347 0.413 10.849 
150123045419 1.004 15.515 36.561 9.406 8.347 0.415 10.792 
150123050919 0.980 15.529 36.581 9.401 8.348 0.418 10.825 
150123052419 0.989 15.519 36.586 9.403 8.348 0.380 10.842 
150123053919 0.922 15.497 36.598 9.405 8.347 0.643 10.849 
150123055419 0.908 15.526 36.600 9.398 8.347 0.329 10.792 
150123060919 1.001 15.521 36.566 9.399 8.348 0.400 10.816 
150123062419 0.944 15.528 36.692 9.395 8.348 0.398 10.838 
150123063919 0.961 15.522 36.576 9.394 8.349 0.368 10.846 
150123065419 0.934 15.521 36.573 9.396 8.348 0.349 10.791 
150123070919 0.975 15.525 36.583 9.397 8.349 0.447 10.825 
150123072419 0.951 15.517 36.573 9.397 8.349 0.414 10.842 
150123073919 0.952 15.502 36.570 9.397 8.348 0.388 10.849 
150123075419 0.982 15.501 36.604 9.398 8.349 0.348 10.793 
150123080919 0.947 15.519 36.573 9.396 8.349 0.350 10.825 
150123082419 0.954 15.508 36.611 9.398 8.349 0.367 10.842 
150123083919 0.943 15.519 36.580 9.394 8.349 0.446 10.849 
150123085419 0.991 15.507 36.605 9.399 8.349 0.377 10.792 
150123090919 0.983 15.510 36.553 9.401 8.349 0.454 10.826 
150123092419 0.958 15.508 36.566 9.398 8.349 0.472 10.842 
150123093919 0.989 15.515 36.583 9.398 8.349 0.423 10.849 
150123095419 0.918 15.521 36.573 9.395 8.349 0.409 10.792 
150123100919 0.896 15.520 36.593 9.396 8.349 0.276 10.816 
150123102419 0.902 15.517 36.572 9.398 8.349 0.318 10.838 
150123103919 0.942 15.519 36.572 9.397 8.349 0.300 10.846 
150123105419 0.939 15.508 36.567 9.401 8.349 0.272 10.804 
150123110919 0.946 15.507 36.579 9.401 8.349 0.232 10.829 
150123112419 0.921 15.503 36.620 9.403 8.349 0.269 10.843 
150123113919 0.941 15.517 36.585 9.397 8.348 0.181 10.849 
150123115419 0.948 15.520 36.580 9.397 8.347 0.141 10.796 
150123120919 0.882 15.529 36.588 9.389 8.347 0.117 10.825 
150123122419 0.915 15.542 36.583 9.388 8.346 0.131 10.842 
150123123919 0.827 15.561 36.599 9.384 8.346 0.104 10.849 
150123125419 0.921 15.563 36.587 9.388 8.345 0.180 10.792 
150123130919 0.955 15.576 36.618 9.390 8.344 0.137 10.824 
150123132419 0.892 15.602 36.588 9.385 8.344 0.138 10.841 
150123133919 0.940 15.580 36.591 9.395 8.344 0.245 10.849 
150123135419 0.898 15.581 36.610 9.402 8.344 0.174 10.792 
150123140919 0.894 15.579 36.641 9.405 8.344 0.222 10.816 
150123142419 0.945 15.583 36.596 9.405 8.344 0.124 10.838 
150123143919 0.814 15.574 36.607 9.412 8.344 0.135 10.847 
150123145419 0.945 15.571 36.596 9.415 8.343 0.161 10.792 
150123150919 0.900 15.581 36.589 9.418 8.343 0.133 10.825 
150123152419 0.887 15.591 36.603 9.412 8.342 0.119 10.842 
150123153919 0.857 15.595 36.668 9.413 8.342 0.141 10.849 
150123155419 0.836 15.596 36.603 9.416 8.342 0.159 10.793 
150123160919 0.885 15.620 36.591 9.415 8.341 0.211 10.825 
150123162419 0.907 15.620 36.586 9.416 8.342 0.184 10.842 
150123163919 0.905 15.626 36.605 9.416 8.341 0.185 10.849 
150123165419 0.882 15.611 36.618 9.426 8.340 0.264 10.793 
150123170919 0.868 15.618 36.606 9.428 8.342 0.294 10.817 
150123172419 0.869 15.596 36.594 9.435 8.342 0.361 10.838 
150123173919 0.850 15.571 36.633 9.442 8.342 0.427 10.847 
150123175419 0.984 15.560 36.613 9.447 8.342 0.474 10.792 
150123180919 0.957 15.562 36.598 9.444 8.342 0.411 10.826 
150123182419 0.807 15.575 36.608 9.443 8.342 0.430 10.842 
150123183919 0.936 15.566 36.611 9.443 8.342 0.468 10.849 
150123185419 0.886 15.545 36.597 9.445 8.342 0.456 10.793 
150123190919 0.910 15.540 36.598 9.449 8.343 0.447 10.824 
150123192419 0.897 15.536 36.576 9.446 8.343 0.355 10.841 
