SAMBAT Sea Ti  C/T/D/Odo/Fluo/pH GPS : 50195 
V:0,Pression (0/50),dba
V:1,Température (-5/35),°C
V:2,Salinité (2/42),g/l
V:3,Oxygène (0/20),mgl
V:4,PH (0/14),pH
V:5,Fluorescence (0/500),ppb
V:6,Tension batterie,V
030423101409 0.811 14.672 38.118 10.624 8.241 1.025 10.704 
030423102908 0.775 14.729 38.121 10.611 8.239 1.063 10.788 
030423104408 0.658 14.729 38.117 10.612 8.241 0.949 10.801 
030423105908 0.795 14.764 38.136 10.600 8.240 1.161 10.828 
030423111408 0.759 14.740 38.132 10.615 8.241 0.987 10.841 
030423112908 0.795 14.763 38.137 10.607 8.239 1.222 10.847 
030423114408 0.780 14.869 38.151 10.581 8.239 0.729 10.817 
030423115908 0.746 14.930 38.162 10.569 8.238 0.683 10.835 
030423121408 0.745 14.904 38.158 10.576 8.238 0.653 10.847 
030423122908 0.723 14.916 38.153 10.579 8.237 0.820 10.852 
030423124408 0.802 14.927 38.156 10.579 8.236 1.488 10.811 
030423125908 0.651 14.972 38.155 10.567 8.236 0.638 10.837 
030423131408 0.777 15.022 38.168 10.566 8.235 0.729 10.844 
030423132908 0.719 15.030 38.145 10.560 8.235 1.124 10.852 
030423134408 0.781 15.069 38.127 10.559 8.235 0.767 10.821 
030423135908 0.788 15.321 38.176 10.476 8.232 1.131 10.843 
030423141408 0.802 15.241 38.134 10.507 8.232 0.919 10.852 
030423142908 0.699 15.140 38.159 10.547 8.233 0.645 10.856 
030423144408 0.748 15.099 38.163 10.564 8.233 0.334 10.824 
030423145908 0.715 15.130 38.174 10.562 8.233 0.888 10.844 
030423151408 0.759 15.127 38.176 10.569 8.232 1.101 10.852 
030423152908 0.753 15.126 38.178 10.575 8.232 2.718 10.856 
030423154408 0.787 15.179 38.176 10.570 8.231 0.934 10.814 
030423155908 0.724 15.200 38.185 10.560 8.232 1.146 10.840 
030423161408 0.708 15.177 38.180 10.580 8.232 0.630 10.851 
030423162908 0.732 15.256 38.175 10.560 8.231 0.979 10.855 
030423164408 0.770 15.216 38.178 10.571 8.231 0.843 10.823 
030423165908 0.748 15.267 38.177 10.560 8.231 1.078 10.844 
030423171408 0.760 15.269 38.190 10.558 8.231 1.465 10.853 
030423172908 0.749 15.267 38.185 10.562 8.231 2.277 10.856 
030423174408 0.738 15.234 38.187 10.574 8.231 2.277 10.814 
030423175908 0.761 15.148 38.180 10.607 8.233 2.999 10.840 
030423181408 0.773 15.116 38.184 10.615 8.234 3.166 10.851 
030423182908 0.782 15.089 38.176 10.624 8.234 3.674 10.855 
030423184408 0.794 15.098 38.184 10.627 8.235 4.023 10.823 
030423185908 0.766 15.104 38.175 10.629 8.236 3.484 10.844 
030423191408 0.766 15.021 38.169 10.659 8.237 3.340 10.852 
030423192908 0.718 14.982 38.167 10.676 8.238 4.145 10.851 
030423194408 0.765 14.927 38.162 10.703 8.242 3.492 10.822 
030423195908 0.763 14.888 38.158 10.717 8.244 3.431 10.843 
030423201408 0.782 14.850 38.168 10.734 8.245 3.500 10.851 
030423202908 0.784 14.836 38.165 10.743 8.246 3.204 10.854 
030423204408 0.753 14.787 38.163 10.758 8.246 3.340 10.811 
030423205908 0.790 14.777 38.165 10.765 8.246 3.727 10.837 
030423211408 0.750 14.729 38.173 10.783 8.245 4.031 10.848 
030423212908 0.785 14.708 38.169 10.789 8.245 3.560 10.852 
030423214408 0.740 14.700 38.172 10.790 8.244 3.765 10.810 
030423215908 0.746 14.678 38.175 10.790 8.244 3.279 10.836 
030423221408 0.768 14.658 38.174 10.795 8.245 3.492 10.846 
030423222908 0.766 14.658 38.169 10.794 8.246 3.340 10.850 
030423224408 0.781 14.657 38.175 10.793 8.246 3.538 10.819 
030423225908 0.782 14.630 38.172 10.804 8.247 3.378 10.840 
030423231408 0.788 14.626 38.182 10.805 8.247 3.788 10.848 
030423232908 0.645 14.626 38.173 10.807 8.246 3.970 10.851 
030423234408 0.731 14.593 38.183 10.819 8.249 3.204 10.809 
030423235908 0.747 14.617 38.173 10.813 8.247 3.963 10.835 
040423001408 0.723 14.595 38.177 10.819 8.248 3.955 10.845 
040423002908 0.721 14.574 38.188 10.821 8.247 3.378 10.849 
040423004408 0.681 14.534 38.174 10.838 8.247 3.834 10.818 
040423005908 0.806 14.541 38.174 10.832 8.246 4.373 10.839 
040423011408 0.771 14.532 38.180 10.832 8.245 4.054 10.847 
040423012908 0.786 14.526 38.177 10.831 8.245 4.274 10.851 
040423014408 0.579 14.511 38.179 10.829 8.244 4.646 10.818 
040423015908 0.781 14.503 38.177 10.824 8.243 4.016 10.839 
040423021408 0.703 14.504 38.181 10.799 8.243 5.375 10.844 
040423022908 0.764 14.514 38.174 10.789 8.246 3.644 10.850 
040423024408 0.760 14.551 38.168 10.771 8.256 3.295 10.817 
040423025908 0.795 14.563 38.177 10.767 8.257 3.052 10.838 
040423031408 0.802 14.555 38.173 10.773 8.256 3.082 10.846 
040423032908 0.773 14.555 38.176 10.774 8.254 4.008 10.850 
040423034408 0.762 14.547 38.175 10.785 8.253 4.722 10.808 
040423035908 0.788 14.512 38.192 10.793 8.253 4.714 10.834 
040423041408 0.801 14.531 38.183 10.788 8.252 3.454 10.844 
040423042908 0.690 14.516 38.186 10.793 8.251 3.826 10.849 
040423044408 0.768 14.527 38.168 10.791 8.252 4.236 10.817 
040423045908 0.716 14.496 38.177 10.796 8.251 4.107 10.838 
040423051408 0.721 14.500 38.183 10.791 8.251 3.644 10.846 
040423052908 0.780 14.498 38.191 10.787 8.251 3.993 10.850 
040423054408 0.792 14.494 38.192 10.774 8.251 3.796 10.812 
040423055908 0.794 14.462 38.178 10.779 8.251 4.122 10.837 
040423061408 0.817 14.470 38.180 10.764 8.251 5.124 10.841 
040423062908 0.809 14.479 38.184 10.764 8.251 3.583 10.849 
040423064408 0.785 14.465 38.188 10.767 8.250 4.236 10.807 
040423065908 0.787 14.471 38.192 10.765 8.250 3.530 10.833 
040423071408 0.784 14.472 38.193 10.765 8.250 2.809 10.841 
040423072908 0.831 14.479 38.188 10.763 8.248 1.784 10.848 
040423074408 0.840 14.498 38.195 10.729 8.247 1.814 10.812 
040423075908 0.798 14.487 38.193 10.723 8.246 2.065 10.836 
040423081408 0.799 14.477 38.188 10.718 8.246 1.564 10.845 
040423082908 0.792 14.491 38.197 10.709 8.245 1.442 10.849 
040423084408 0.820 14.507 38.200 10.697 8.245 1.943 10.816 
040423085908 0.789 14.506 38.186 10.693 8.245 1.541 10.837 
040423091408 0.792 14.473 38.199 10.685 8.246 1.647 10.842 
040423092908 0.836 14.493 38.187 10.678 8.245 1.799 10.849 
040423094408 0.818 14.511 38.186 10.667 8.244 1.549 10.807 
040423095908 0.790 14.514 38.199 10.662 8.243 1.344 10.833 
040423101408 0.830 14.548 38.193 10.641 8.241 1.374 10.844 
