SAMBAT Sea Ti  C/T/D/Odo/Fluo/pH GPS : 50195 
V:0,Pression (0/50),m
V:1,Température (-5/35),°C
V:2,Salinité (2/42),g/l
V:3,Oxygène (0/20),mgl
V:4,PH (0/14),pH
V:5,Fluorescence (0/50),µgl
V:6,Tension batterie,V
070123190744 1.018 15.852 37.533 9.323 8.349 0.819 10.719 
070123192243 1.034 15.828 37.534 9.328 8.349 0.563 10.808 
070123193743 0.977 15.801 37.515 9.328 8.349 0.568 10.835 
070123195243 1.039 15.767 37.495 9.333 8.349 0.486 10.845 
070123200743 0.967 15.747 37.483 9.333 8.349 0.417 10.824 
070123202243 1.008 15.766 37.480 9.329 8.350 0.637 10.842 
070123203743 1.008 15.778 37.495 9.327 8.349 0.541 10.849 
070123205243 1.015 15.789 37.652 9.324 8.349 0.522 10.853 
070123210743 1.004 15.791 37.520 9.319 8.349 0.592 10.825 
070123212243 0.980 15.772 37.503 9.318 8.350 0.479 10.843 
070123213743 0.984 15.829 37.531 9.305 8.348 0.574 10.851 
070123215243 0.965 15.840 37.503 9.301 8.348 0.640 10.854 
070123220743 1.013 15.826 37.537 9.306 8.349 0.520 10.826 
070123222243 1.000 15.839 37.510 9.297 8.349 0.607 10.844 
070123223743 0.985 15.827 37.528 9.299 8.349 0.597 10.851 
070123225243 1.049 15.827 37.518 9.298 8.349 0.610 10.855 
070123230743 1.000 15.835 37.516 9.292 8.349 0.593 10.826 
070123232243 0.994 15.832 37.501 9.294 8.349 0.580 10.844 
070123233743 1.029 15.829 37.518 9.295 8.349 0.590 10.851 
070123235243 1.018 15.819 37.508 9.295 8.349 0.653 10.855 
080123000743 1.003 15.820 37.499 9.293 8.349 0.648 10.827 
080123002243 0.990 15.833 37.511 9.288 8.350 0.508 10.844 
080123003743 0.982 15.821 37.511 9.287 8.350 0.514 10.851 
080123005243 1.022 15.813 37.504 9.286 8.350 0.512 10.855 
080123010743 1.019 15.830 37.506 9.285 8.350 0.509 10.827 
080123012243 0.954 15.817 37.505 9.286 8.349 0.476 10.844 
080123013743 0.994 15.815 37.504 9.282 8.350 0.547 10.851 
080123015243 1.000 15.828 37.494 9.279 8.349 0.680 10.855 
080123020743 0.990 15.817 37.481 9.277 8.350 0.574 10.824 
080123022243 1.010 15.823 37.515 9.281 8.350 0.695 10.843 
080123023743 0.991 15.816 37.500 9.283 8.351 0.583 10.851 
080123025243 0.983 15.816 37.509 9.282 8.351 0.459 10.855 
080123030743 0.989 15.816 37.461 9.284 8.350 0.517 10.827 
080123032243 0.983 15.823 37.478 9.286 8.351 0.604 10.844 
080123033743 0.995 15.823 37.490 9.285 8.351 0.536 10.851 
080123035243 0.972 15.819 37.537 9.288 8.351 0.522 10.855 
080123040743 1.018 15.813 37.513 9.292 8.351 0.533 10.827 
080123042243 0.961 15.803 37.506 9.294 8.351 0.563 10.844 
080123043743 0.961 15.815 37.507 9.288 8.351 0.744 10.851 
080123045243 0.989 15.817 37.524 9.283 8.351 0.662 10.855 
080123050743 0.939 15.806 37.500 9.281 8.352 0.596 10.827 
080123052243 0.962 15.816 37.487 9.276 8.351 2.221 10.844 
080123053743 0.983 15.815 37.504 9.275 8.350 0.565 10.851 
080123055243 0.964 15.794 37.506 9.278 8.352 0.513 10.855 
080123060743 0.990 15.813 37.487 9.268 8.352 0.526 10.826 
080123062243 0.985 15.800 37.505 9.270 8.352 0.675 10.844 
080123063743 0.991 15.813 37.497 9.266 8.352 0.450 10.851 
080123065243 0.954 15.811 37.487 9.263 8.351 0.533 10.855 
080123070743 0.902 15.806 37.492 9.266 8.352 0.632 10.826 
080123072243 0.957 15.798 37.512 9.270 8.352 0.500 10.844 
080123073743 0.910 15.806 37.509 9.267 8.352 0.491 10.851 
080123075243 0.989 15.791 37.502 9.275 8.352 0.482 10.855 
080123080743 0.960 15.797 37.419 9.276 8.353 0.391 10.826 
080123082243 0.950 15.806 37.582 9.277 8.353 0.474 10.844 
080123083743 0.948 15.791 37.759 9.284 8.353 0.543 10.851 
080123085243 0.920 15.774 37.528 9.285 8.353 0.589 10.854 
080123090743 0.949 15.798 37.513 9.281 8.353 0.470 10.827 
080123092243 0.939 15.808 37.484 9.282 8.353 0.435 10.844 
080123093743 0.982 15.808 37.524 9.282 8.352 0.462 10.851 
080123095243 0.939 15.801 37.521 9.286 8.353 0.325 10.855 
080123100743 0.979 15.808 37.535 9.284 8.352 0.324 10.826 
080123102243 0.954 15.805 37.526 9.283 8.352 0.228 10.844 
080123103743 0.976 15.804 37.527 9.282 8.352 0.332 10.851 
080123105243 0.991 15.803 37.503 9.283 8.352 0.320 10.855 
080123110743 0.992 15.805 37.538 9.283 8.352 0.398 10.825 
080123112243 0.875 15.803 37.524 9.283 8.352 0.339 10.844 
080123113743 0.951 15.803 37.522 9.284 8.351 0.334 10.851 
080123115243 0.952 15.805 37.534 9.285 8.352 0.255 10.854 
080123120743 0.960 15.801 37.512 9.288 8.351 0.223 10.826 
080123122243 1.024 15.799 37.525 9.290 8.351 0.163 10.844 
080123123743 0.937 15.805 37.528 9.289 8.351 0.230 10.851 
080123125243 0.932 15.808 37.511 9.289 8.351 0.286 10.855 
080123130743 0.951 15.812 37.502 9.288 8.350 0.229 10.826 
080123132243 0.973 15.811 37.496 9.284 8.350 0.201 10.844 
080123133743 0.974 15.824 37.525 9.282 8.349 0.230 10.851 
080123135243 0.929 15.820 37.405 9.287 8.350 0.217 10.855 
080123140743 0.942 15.819 37.518 9.288 8.350 0.249 10.825 
080123142243 0.908 15.824 37.502 9.287 8.349 0.207 10.844 
080123143743 0.916 15.822 37.556 9.289 8.350 0.291 10.851 
080123145243 0.961 15.824 37.508 9.292 8.349 0.305 10.855 
080123150743 0.878 15.826 37.557 9.297 8.348 0.225 10.826 
080123152243 0.893 15.827 37.502 9.303 8.349 0.322 10.844 
080123153743 0.924 15.827 37.543 9.309 8.349 0.229 10.851 
080123155243 0.844 15.826 37.533 9.317 8.348 0.379 10.855 
080123160743 0.877 15.824 37.479 9.323 8.349 0.446 10.820 
080123162243 0.879 15.825 37.541 9.323 8.348 0.379 10.842 
080123163743 0.975 15.829 37.522 9.324 8.348 0.345 10.850 
080123165243 0.924 15.825 37.512 9.327 8.348 0.441 10.854 
080123170743 0.912 15.822 37.546 9.332 8.348 0.470 10.825 
080123172243 0.903 15.823 37.535 9.334 8.348 0.487 10.843 
080123173743 0.866 15.821 37.523 9.331 8.348 0.635 10.851 
080123175243 0.924 15.818 37.515 9.332 8.348 0.492 10.854 
080123180743 0.929 15.815 37.482 9.333 8.348 0.539 10.826 
080123182243 0.868 15.817 37.523 9.333 8.348 0.508 10.844 
080123183743 0.896 15.812 37.474 9.331 8.348 0.467 10.851 
080123185243 0.878 15.810 37.498 9.334 8.348 0.531 10.854 
080123190743 0.915 15.794 37.518 9.339 8.348 0.413 10.826 
