SAMBAT Sea Ti  C/T/D/Odo/Fluo/pH GPS : 50195 
V:0,Pression (0/50),dba
V:1,Température (-5/35),°C
V:2,Salinité (2/42),g/l
V:3,Oxygène (0/20),mgl
V:4,PH (0/14),pH
V:5,Fluorescence (0/500),ppb
V:6,Tension batterie,V
160523115752 0.731 18.056 37.541 10.213 8.276 1.032 10.768 
160523121251 0.668 18.066 37.739 10.202 8.277 1.192 10.858 
160523122751 0.670 18.105 37.724 10.183 8.279 0.865 10.884 
160523124251 0.729 18.083 37.777 10.173 8.280 1.207 10.848 
160523125751 0.645 18.087 37.789 10.163 8.283 1.518 10.882 
160523131251 0.669 18.076 37.782 10.151 8.284 1.541 10.893 
160523132751 0.713 18.073 37.790 10.139 8.286 1.602 10.897 
160523134251 0.624 18.053 37.793 10.138 8.289 1.458 10.860 
160523135751 0.675 18.047 37.789 10.140 8.294 1.754 10.888 
160523141251 0.755 18.039 37.764 10.144 8.291 1.435 10.896 
160523142751 0.717 18.033 37.763 10.153 8.295 1.571 10.899 
160523144251 0.715 18.023 37.765 10.162 8.294 1.382 10.859 
160523145751 0.636 18.027 37.778 10.169 8.294 1.306 10.888 
160523151251 0.765 18.037 37.789 10.175 8.293 1.397 10.896 
160523152751 0.691 18.031 37.765 10.184 8.294 1.905 10.899 
160523154251 0.717 18.019 37.768 10.196 8.293 1.890 10.851 
160523155751 0.662 18.015 37.778 10.203 8.292 2.095 10.885 
160523161251 0.729 18.009 37.750 10.210 8.291 2.285 10.895 
160523162751 0.699 17.996 37.733 10.219 8.291 1.776 10.898 
160523164251 0.721 17.994 37.363 10.225 8.290 1.936 10.860 
160523165751 0.751 17.990 37.660 10.235 8.290 1.784 10.887 
160523171251 0.673 17.986 37.604 10.243 8.289 1.617 10.896 
160523172751 0.669 17.980 37.752 10.248 8.289 1.784 10.899 
160523174251 0.757 17.972 37.768 10.256 8.288 2.331 10.860 
160523175751 0.768 17.974 37.726 10.263 8.288 1.845 10.888 
160523181251 0.719 17.969 37.866 10.269 8.287 1.921 10.895 
160523182751 0.865 17.964 37.712 10.274 8.288 2.012 10.898 
160523184251 0.776 17.968 37.590 10.276 8.289 2.247 10.850 
160523185751 0.711 17.968 37.870 10.278 8.289 2.194 10.884 
160523191251 0.734 17.962 37.673 10.283 8.290 2.444 10.894 
160523192751 0.809 17.952 37.658 10.286 8.290 2.331 10.897 
160523194251 0.737 17.957 37.843 10.286 8.291 2.194 10.859 
160523195751 0.704 17.959 37.775 10.284 8.291 1.966 10.887 
160523201251 0.709 17.964 37.778 10.278 8.292 2.239 10.895 
160523202751 0.768 18.080 37.798 10.244 8.289 2.444 10.898 
160523204251 0.695 18.131 37.790 10.226 8.290 2.611 10.850 
160523205751 0.742 18.147 37.789 10.214 8.290 2.217 10.883 
160523211251 0.759 18.156 37.792 10.207 8.290 2.892 10.894 
160523212751 0.819 18.160 37.801 10.200 8.291 2.839 10.898 
160523214251 0.685 18.179 37.798 10.194 8.291 2.528 10.850 
160523215751 0.696 18.183 37.785 10.191 8.291 2.680 10.884 
160523221251 0.760 18.186 37.789 10.192 8.293 2.634 10.894 
160523222751 0.713 18.193 37.794 10.192 8.294 2.376 10.898 
160523224251 0.764 18.182 37.802 10.196 8.296 2.444 10.860 
160523225751 0.669 18.175 37.797 10.203 8.300 2.558 10.888 
160523231251 0.786 18.185 37.790 10.205 8.302 2.217 10.896 
160523232751 0.768 18.188 37.799 10.209 8.303 2.232 10.899 
160523234251 0.765 18.153 37.782 10.227 8.303 2.399 10.859 
160523235751 0.729 18.105 37.760 10.246 8.302 2.338 10.887 
170523001251 0.723 18.072 37.744 10.255 8.301 2.353 10.895 
170523002751 0.727 18.119 37.751 10.251 8.302 1.966 10.898 
170523004251 0.714 18.103 37.766 10.256 8.303 2.156 10.859 
170523005751 0.745 18.115 37.766 10.257 8.303 2.991 10.887 
170523011251 0.715 18.124 37.764 10.262 8.303 2.498 10.895 
170523012751 0.697 18.130 37.765 10.268 8.304 2.118 10.898 
170523014251 0.767 18.127 37.760 10.275 8.305 2.642 10.850 
170523015751 0.645 18.131 37.774 10.282 8.306 2.171 10.884 
170523021251 0.737 18.134 37.778 10.282 8.305 2.110 10.894 
170523022751 0.740 18.136 37.778 10.290 8.304 1.959 10.897 
170523024251 0.653 18.128 37.791 10.299 8.302 1.602 10.850 
170523025751 0.742 18.131 37.775 10.302 8.301 2.088 10.884 
170523031251 0.766 18.132 37.779 10.301 8.296 2.277 10.894 
170523032751 0.800 18.148 37.780 10.292 8.294 2.141 10.897 
170523034251 0.748 18.165 37.778 10.284 8.294 2.012 10.858 
170523035751 0.736 18.171 37.788 10.282 8.296 2.505 10.887 
170523041251 0.756 18.161 37.967 10.279 8.297 2.179 10.895 
170523042751 0.699 18.156 37.985 10.276 8.296 2.361 10.898 
170523044251 0.689 18.144 37.919 10.271 8.295 2.088 10.849 
170523045751 0.781 18.121 37.726 10.270 8.294 2.338 10.883 
170523051251 0.764 18.121 37.752 10.261 8.292 2.346 10.893 
170523052751 0.755 18.120 37.765 10.247 8.292 2.361 10.897 
170523054251 0.761 18.108 37.760 10.238 8.292 2.126 10.858 
170523055751 0.774 18.118 37.542 10.224 8.292 1.867 10.886 
170523061251 0.714 18.113 37.489 10.214 8.292 2.262 10.894 
170523062751 0.723 18.118 37.696 10.203 8.292 2.224 10.897 
170523064251 0.728 18.127 37.702 10.192 8.292 1.738 10.850 
170523065751 0.782 18.122 37.657 10.183 8.291 1.625 10.883 
170523071251 0.747 18.128 37.706 10.173 8.291 1.693 10.893 
170523072751 0.755 18.130 37.721 10.163 8.290 1.382 10.897 
170523074251 0.712 18.134 37.716 10.151 8.289 0.919 10.858 
170523075751 0.751 18.145 37.719 10.135 8.289 0.987 10.886 
170523081251 0.766 18.149 37.726 10.123 8.289 1.146 10.894 
170523082751 0.832 18.147 37.712 10.112 8.290 1.169 10.897 
170523084251 0.785 18.153 37.724 10.099 8.290 1.222 10.858 
170523085751 0.756 18.156 37.689 10.091 8.290 0.850 10.886 
170523091251 0.794 18.157 37.667 10.085 8.291 1.594 10.894 
170523092751 0.768 18.151 37.657 10.083 8.291 1.625 10.897 
170523094251 0.846 18.154 37.391 10.079 8.291 0.888 10.849 
170523095751 0.820 18.154 37.581 10.078 8.291 1.222 10.883 
170523101251 0.879 18.153 37.583 10.077 8.291 1.678 10.893 
170523102751 0.698 18.157 37.523 10.076 8.291 1.541 10.897 
170523104251 0.764 18.163 37.533 10.073 8.292 1.495 10.858 
170523105751 0.707 18.158 37.522 10.076 8.292 1.609 10.886 
170523111251 0.672 18.161 37.532 10.080 8.292 1.655 10.894 
170523112751 0.843 18.163 37.527 10.083 8.292 1.291 10.897 
170523114251 0.807 18.161 37.533 10.087 8.292 1.564 10.861 
170523115751 0.799 18.153 37.524 10.094 8.293 1.830 10.887 
