SAMBAT Sea Ti  C/T/D/Odo/Fluo/pH GPS : 50195 
V:0,Pression (0/50),dba
V:1,Température (-5/35),°C
V:2,Salinité (2/42),g/l
V:3,Oxygène (0/20),mgl
V:4,PH (0/14),pH
V:5,Fluorescence (0/500),ppb
V:6,Tension batterie,V
070523113606 0.874 18.296 38.229 9.862 8.259 0.251 10.752 
070523115105 0.859 18.378 38.355 9.812 8.258 0.547 10.847 
070523120605 0.901 18.463 38.124 9.837 8.258 1.002 10.877 
070523122105 0.899 18.515 38.200 9.815 8.258 1.055 10.888 
070523123609 0.857 18.458 38.143 9.848 8.257 0.767 10.826 
070523125105 0.886 18.466 38.202 9.833 8.256 0.759 10.876 
070523130605 0.873 18.165 38.194 9.921 8.258 0.660 10.890 
070523132105 0.885 17.968 38.192 9.968 8.259 0.964 10.894 
070523133609 0.854 18.089 38.119 9.950 8.260 1.328 10.828 
070523135105 0.869 17.931 38.195 9.986 8.260 0.949 10.869 
070523140605 0.884 17.819 38.178 10.011 8.261 0.926 10.886 
070523142105 0.874 17.822 38.172 10.001 8.260 1.108 10.892 
070523143609 0.899 17.825 38.176 10.012 8.261 0.964 10.827 
070523145105 0.883 17.748 38.200 10.029 8.260 1.048 10.876 
070523150605 0.892 17.755 38.173 10.034 8.259 0.630 10.888 
070523152105 0.860 18.170 38.201 9.935 8.256 0.288 10.892 
070523153609 0.872 18.425 38.179 9.861 8.254 0.964 10.827 
070523155105 0.866 18.501 38.187 9.838 8.253 0.714 10.876 
070523160605 0.864 18.654 38.193 9.783 8.252 0.395 10.890 
070523162105 0.852 18.759 38.208 9.753 8.251 0.638 10.895 
070523163609 0.873 18.970 38.183 9.708 8.250 0.752 10.831 
070523165105 0.851 18.835 38.185 9.738 8.250 0.972 10.872 
070523170605 0.843 18.916 38.207 9.710 8.250 0.698 10.890 
070523172105 0.851 18.819 38.194 9.743 8.250 1.321 10.896 
070523173609 0.848 18.934 38.210 9.711 8.249 1.662 10.832 
070523175105 0.851 19.054 38.209 9.681 8.248 1.351 10.881 
070523180605 0.851 19.035 38.272 9.667 8.248 1.913 10.894 
070523182105 0.848 18.826 38.157 9.740 8.248 1.693 10.899 
070523183609 0.861 18.758 38.190 9.753 8.248 2.217 10.833 
070523185105 0.843 18.671 38.180 9.773 8.249 1.465 10.881 
070523190605 0.852 18.650 38.180 9.778 8.249 1.746 10.894 
070523192105 0.862 18.613 38.194 9.784 8.250 2.141 10.897 
070523193609 0.859 18.570 38.189 9.794 8.250 2.528 10.831 
070523195105 0.874 18.506 38.189 9.813 8.250 1.480 10.873 
070523200605 0.867 18.531 38.191 9.806 8.250 1.716 10.890 
070523202105 0.886 18.543 38.188 9.802 8.250 2.057 10.895 
070523203609 0.884 18.509 38.191 9.808 8.251 1.883 10.830 
070523205105 0.856 18.471 38.191 9.815 8.251 2.141 10.879 
070523210605 0.875 18.433 38.191 9.826 8.252 1.784 10.892 
070523212105 0.870 18.407 38.189 9.832 8.253 1.898 10.895 
070523213609 0.869 18.397 38.190 9.831 8.253 2.057 10.829 
070523215105 0.857 18.378 38.188 9.834 8.253 1.670 10.876 
070523220605 0.861 18.356 38.191 9.840 8.253 1.860 10.890 
070523222105 0.878 18.332 38.191 9.849 8.254 2.536 10.894 
070523223609 0.866 18.304 38.185 9.856 8.254 2.019 10.829 
070523225105 0.869 18.279 38.188 9.861 8.255 1.723 10.869 
070523230605 0.868 18.267 38.191 9.861 8.255 2.141 10.887 
070523232105 0.882 18.274 38.189 9.857 8.255 2.012 10.892 
070523233609 0.875 18.293 38.193 9.851 8.255 1.890 10.828 
070523235105 0.870 18.292 38.188 9.849 8.256 2.126 10.876 
080523000605 0.862 18.249 38.190 9.854 8.256 2.368 10.889 
080523002105 0.866 18.224 38.192 9.861 8.256 1.913 10.893 
080523003609 0.872 18.207 38.191 9.862 8.257 1.761 10.828 
080523005105 0.858 18.204 38.152 9.862 8.258 2.141 10.876 
080523010605 0.880 18.187 38.158 9.863 8.258 2.148 10.889 
080523012105 0.857 18.187 38.152 9.862 8.258 2.004 10.893 
080523013609 0.890 18.170 38.195 9.863 8.258 1.875 10.827 
080523015105 0.863 18.162 38.191 9.862 8.259 1.754 10.868 
080523020605 0.844 18.150 38.192 9.864 8.259 1.981 10.885 
080523022105 0.867 18.105 38.228 9.877 8.260 1.647 10.891 
080523023609 0.869 18.100 38.194 9.876 8.260 1.617 10.825 
080523025105 0.852 18.077 38.188 9.880 8.260 1.867 10.875 
080523030605 0.857 18.041 38.190 9.884 8.261 1.792 10.888 
080523032105 0.845 18.037 38.189 9.885 8.262 1.587 10.892 
080523033609 0.859 18.039 38.193 9.883 8.262 1.632 10.826 
080523035105 0.863 18.019 38.192 9.887 8.263 1.860 10.874 
080523040605 0.869 18.006 38.192 9.889 8.263 1.427 10.887 
080523042105 0.867 18.010 38.190 9.888 8.263 1.807 10.891 
080523043609 0.893 17.982 38.191 9.894 8.264 1.662 10.825 
080523045105 0.856 17.984 38.191 9.893 8.265 2.088 10.866 
080523050605 0.869 17.970 38.188 9.897 8.265 1.898 10.883 
080523052105 0.852 17.960 38.189 9.897 8.265 1.693 10.889 
080523053609 0.859 17.966 38.189 9.895 8.265 1.313 10.823 
080523055105 0.855 17.964 38.189 9.895 8.265 1.754 10.873 
080523060605 0.861 17.962 38.155 9.895 8.265 1.420 10.886 
080523062105 0.852 17.972 38.190 9.892 8.264 1.867 10.890 
080523063609 0.861 17.973 38.191 9.893 8.265 1.776 10.825 
080523065105 0.858 17.951 38.177 9.904 8.273 1.799 10.873 
080523070605 0.856 18.049 38.146 9.889 8.295 1.139 10.886 
080523072105 0.850 18.049 38.139 9.906 8.294 1.291 10.890 
080523073609 0.863 18.053 38.136 9.920 8.294 1.609 10.824 
080523075105 0.859 18.075 38.142 9.931 8.295 1.404 10.865 
080523080605 0.862 18.055 38.144 9.950 8.294 1.351 10.883 
080523082105 0.878 18.046 38.145 9.968 8.292 1.283 10.889 
080523083609 0.877 18.047 38.147 9.983 8.291 1.382 10.824 
080523085105 0.870 18.052 38.141 10.000 8.292 0.516 10.873 
080523090605 0.857 18.071 38.148 10.016 8.295 0.987 10.886 
080523092105 0.858 18.114 38.148 10.026 8.294 0.759 10.890 
080523093609 0.857 18.204 38.148 10.015 8.291 0.843 10.825 
080523095105 0.875 18.182 38.142 10.037 8.289 0.850 10.873 
080523100605 0.859 18.290 38.197 10.010 8.261 0.235 10.887 
080523102105 0.875 18.335 38.196 10.003 8.258 0.364 10.892 
080523103609 0.875 18.351 38.186 10.003 8.259 0.660 10.827 
080523105105 0.869 18.304 38.188 10.012 8.260 0.827 10.867 
080523110605 0.887 18.338 38.197 10.012 8.261 0.592 10.885 
080523112105 0.859 18.349 38.185 10.007 8.261 0.372 10.891 
080523113609 0.867 18.410 38.188 9.995 8.260 0.342 10.827 
