SAMBAT Sea Ti  C/T/D/Odo/Fluo/pH GPS : 50195 
V:0,Pression (0/50),dba
V:1,Température (-5/35),°C
V:2,Salinité (2/42),g/l
V:3,Oxygène (0/20),mgl
V:4,PH (0/14),pH
V:5,Fluorescence (0/500),ppb
V:6,Tension batterie,V
270523122413 0.856 19.277 38.148 9.573 8.255 0.266 10.786 
270523123912 0.845 19.305 38.112 9.575 8.255 0.137 10.825 
270523125412 0.870 19.542 38.104 9.533 8.255 0.175 10.886 
270523130912 0.830 19.515 38.205 9.504 8.253 0.288 10.903 
270523132412 0.866 19.427 38.131 9.533 8.253 0.516 10.909 
270523133912 0.824 19.524 38.110 9.528 8.253 0.304 10.856 
270523135412 0.843 19.660 38.195 9.473 8.253 0.395 10.899 
270523140912 0.870 19.479 38.188 9.509 8.253 0.243 10.909 
270523142412 0.838 19.459 38.103 9.537 8.253 0.311 10.912 
270523143912 0.793 19.392 38.150 9.541 8.255 0.357 10.857 
270523145412 0.831 19.716 38.126 9.464 8.254 0.000 10.900 
270523150912 0.868 19.708 38.079 9.483 8.253 0.000 10.910 
270523152412 0.805 20.218 38.192 9.342 8.251 0.334 10.913 
270523153912 0.831 20.281 38.169 9.327 8.250 0.455 10.843 
270523155412 0.866 20.307 38.093 9.350 8.250 0.706 10.898 
270523160912 0.812 19.972 38.097 9.429 8.251 0.827 10.911 
270523162412 0.831 19.540 38.089 9.552 8.253 0.493 10.914 
270523163912 0.820 19.812 38.136 9.474 8.250 0.812 10.859 
270523165412 0.832 19.878 38.146 9.454 8.249 0.668 10.901 
270523170912 0.818 20.021 38.131 9.425 8.248 0.660 10.911 
270523172412 0.842 19.838 38.130 9.469 8.249 0.820 10.914 
270523173912 0.861 19.975 38.111 9.436 8.248 0.812 10.857 
270523175412 0.874 20.035 37.776 9.420 8.248 0.547 10.901 
270523180912 0.809 20.101 38.139 9.409 8.247 0.797 10.911 
270523182412 0.822 20.086 38.038 9.419 8.247 0.774 10.914 
270523183912 0.809 20.037 38.022 9.419 8.247 1.070 10.843 
270523185412 0.806 20.242 38.076 9.384 8.247 0.850 10.898 
270523190912 0.829 20.187 38.048 9.402 8.247 0.873 10.910 
270523192412 0.854 20.207 38.035 9.398 8.246 1.002 10.914 
270523193912 0.817 20.201 38.061 9.390 8.246 1.139 10.860 
270523195412 0.826 20.180 38.033 9.400 8.247 1.055 10.903 
270523200912 0.849 20.107 38.055 9.413 8.247 1.139 10.912 
270523202412 0.864 20.182 38.044 9.397 8.247 1.291 10.915 
270523203912 0.826 19.829 38.046 9.482 8.248 0.729 10.860 
270523205412 0.838 19.762 38.049 9.502 8.250 1.124 10.903 
270523210912 0.845 19.947 38.042 9.456 8.250 1.465 10.911 
270523212412 0.839 19.684 38.038 9.523 8.252 1.253 10.914 
270523213912 0.851 19.607 38.041 9.536 8.253 1.404 10.843 
270523215412 0.837 19.877 37.746 9.475 8.266 1.351 10.897 
270523220912 0.853 20.016 37.895 9.441 8.264 1.321 10.909 
270523222412 0.843 20.044 37.952 9.438 8.260 1.382 10.912 
270523223912 0.834 20.040 37.959 9.445 8.260 1.336 10.858 
270523225412 0.840 19.960 37.957 9.470 8.260 1.002 10.901 
270523230912 0.850 20.248 37.985 9.408 8.289 2.057 10.911 
270523232412 0.837 20.158 37.976 9.458 8.276 1.769 10.914 
270523233912 0.838 20.299 38.022 9.427 8.276 1.541 10.856 
270523235412 0.807 20.404 38.018 9.410 8.276 1.974 10.902 
280523000912 0.836 20.392 37.921 9.430 8.267 1.602 10.912 
280523002412 0.831 19.813 37.829 9.571 8.253 0.979 10.915 
280523003912 0.838 19.943 37.755 9.547 8.260 1.404 10.844 
280523005412 0.817 19.799 37.652 9.601 8.261 1.473 10.898 
280523010912 0.858 19.679 37.718 9.599 8.262 1.518 10.909 
280523012412 0.827 19.691 37.686 9.611 8.263 1.587 10.912 
280523013912 0.828 19.719 37.691 9.615 8.264 1.291 10.857 
280523015412 0.838 19.597 37.652 9.654 8.261 1.161 10.900 
280523020912 0.829 19.552 37.644 9.669 8.262 1.298 10.909 
280523022412 0.839 19.482 37.642 9.687 8.261 1.146 10.912 
280523023912 0.832 19.506 37.676 9.679 8.263 1.458 10.855 
280523025412 0.827 19.435 37.669 9.705 8.262 1.184 10.899 
280523030912 0.821 19.459 37.670 9.704 8.263 1.382 10.908 
280523032412 0.831 19.498 37.667 9.692 8.264 1.693 10.910 
280523033912 0.841 19.533 37.665 9.687 8.262 1.207 10.840 
280523035412 0.832 19.545 37.689 9.685 8.263 1.215 10.893 
280523040912 0.823 19.614 37.782 9.663 8.263 1.344 10.906 
280523042412 0.826 19.636 37.830 9.656 8.262 1.594 10.909 
280523043912 0.851 19.679 37.666 9.642 8.262 1.169 10.855 
280523045412 0.824 19.701 37.773 9.626 8.262 1.928 10.897 
280523050912 0.833 19.639 37.802 9.639 8.259 1.131 10.907 
280523052412 0.831 19.652 37.781 9.608 8.259 1.495 10.910 
280523053912 0.826 19.661 37.777 9.587 8.259 3.469 10.850 
280523055412 0.846 19.703 37.798 9.560 8.259 1.602 10.896 
280523060912 0.844 19.725 37.816 9.543 8.258 1.511 10.907 
280523062412 0.829 19.735 37.816 9.530 8.258 0.987 10.910 
280523063912 0.849 19.734 37.822 9.531 8.258 0.850 10.855 
280523065412 0.837 19.727 37.822 9.526 8.258 1.002 10.898 
280523070912 0.829 19.735 37.821 9.523 8.257 0.759 10.908 
280523072412 0.806 19.763 37.824 9.513 8.257 0.683 10.911 
280523073912 0.838 19.779 37.822 9.505 8.257 0.919 10.856 
280523075412 0.829 19.797 37.808 9.497 8.256 0.615 10.898 
280523080912 0.804 19.830 37.802 9.483 8.255 0.387 10.908 
280523082412 0.828 19.850 37.803 9.477 8.255 0.516 10.911 
280523083912 0.834 19.865 37.807 9.467 8.255 0.380 10.855 
280523085412 0.829 19.899 37.821 9.458 8.255 0.592 10.899 
280523090912 0.828 19.895 37.810 9.457 8.254 0.592 10.908 
280523092412 0.820 19.915 37.820 9.449 8.254 0.220 10.912 
280523093912 0.802 19.971 37.818 9.440 8.254 0.380 10.841 
280523095412 0.811 19.959 37.832 9.432 8.253 0.152 10.895 
280523100912 0.835 19.981 37.839 9.429 8.253 0.448 10.908 
280523102412 0.785 19.953 37.832 9.435 8.253 0.524 10.911 
280523103912 0.806 19.959 37.805 9.435 8.252 0.516 10.856 
280523105412 0.833 20.310 37.841 9.337 8.251 0.592 10.900 
280523110912 0.839 20.235 37.878 9.354 8.250 0.372 10.910 
280523112412 0.788 20.381 37.743 9.345 8.249 0.395 10.912 
280523113912 0.782 20.430 37.834 9.313 8.249 0.638 10.858 
280523115412 0.839 20.575 37.871 9.284 8.248 0.668 10.902 
280523120912 0.792 20.660 37.817 9.282 8.246 0.752 10.912 
280523122412 0.801 20.856 37.854 9.273 8.245 0.638 10.915 
