SAMBAT Sea Ti  C/T/D/Odo/Fluo/pH GPS : 50195 
V:0,Pression (0/50),dba
V:1,Température (-5/35),°C
V:2,Salinité (2/42),g/l
V:3,Oxygène (0/20),mgl
V:4,PH (0/14),pH
V:5,Fluorescence (0/500),ppb
V:6,Tension batterie,V
251223125544 0.993 15.659 38.442 9.348 8.252 1.321 10.742 
251223131043 0.993 15.672 38.440 9.347 8.252 1.139 10.813 
251223132543 0.955 15.675 38.446 9.347 8.252 1.161 10.824 
251223134043 0.956 15.672 38.448 9.350 8.253 0.865 10.850 
251223135543 0.980 15.672 38.443 9.354 8.253 1.685 10.861 
251223141043 0.939 15.729 38.445 9.336 8.255 2.665 10.845 
251223142543 1.004 15.704 38.443 9.352 8.253 1.533 10.833 
251223144043 0.958 15.689 38.438 9.357 8.253 1.420 10.856 
251223145543 0.897 15.693 38.443 9.359 8.254 1.875 10.865 
251223151043 0.989 15.713 38.442 9.357 8.253 2.012 10.846 
251223152543 0.978 15.746 38.443 9.350 8.255 2.323 10.834 
251223154043 0.958 15.738 38.446 9.353 8.253 2.596 10.857 
251223155543 0.952 15.695 38.441 9.372 8.253 3.006 10.866 
251223161043 0.941 15.675 38.442 9.380 8.254 3.576 10.836 
251223162543 0.928 15.660 38.444 9.386 8.254 3.386 10.833 
251223164043 1.024 15.671 38.436 9.387 8.254 3.484 10.856 
251223165543 0.991 15.653 38.439 9.391 8.251 4.486 10.865 
251223171043 0.966 15.638 38.444 9.398 8.253 3.598 10.845 
251223172543 0.919 15.612 38.445 9.411 8.252 3.401 10.835 
251223174043 0.997 15.616 38.439 9.413 8.254 3.606 10.857 
251223175543 0.978 15.629 38.442 9.404 8.253 7.128 10.865 
251223181043 1.010 15.610 38.441 9.414 8.255 3.302 10.849 
251223182543 0.963 15.592 38.441 9.418 8.253 3.074 10.835 
251223184043 0.902 15.600 38.440 9.415 8.251 3.925 10.857 
251223185543 0.979 15.591 38.441 9.417 8.253 3.765 10.865 
251223191043 1.047 15.608 38.439 9.413 8.253 3.818 10.844 
251223192543 1.048 15.602 38.437 9.415 8.253 3.522 10.834 
251223194043 0.951 15.590 38.443 9.415 8.253 3.705 10.857 
251223195543 0.996 15.590 38.434 9.413 8.253 3.674 10.865 
251223201043 0.951 15.580 38.438 9.413 8.253 3.401 10.848 
251223202543 0.994 15.581 38.436 9.409 8.253 4.084 10.835 
251223204043 0.922 15.600 38.437 9.402 8.253 3.773 10.856 
251223205543 0.979 15.595 38.437 9.402 8.254 3.173 10.865 
251223211043 0.985 15.600 38.435 9.399 8.253 3.841 10.848 
251223212543 0.974 15.593 38.437 9.399 8.253 3.910 10.834 
251223214043 0.937 15.583 38.440 9.398 8.252 4.805 10.857 
251223215543 0.931 15.594 38.440 9.395 8.255 2.991 10.865 
251223221043 0.957 15.592 38.439 9.391 8.254 3.211 10.833 
251223222543 0.958 15.566 38.443 9.395 8.252 3.758 10.832 
251223224043 0.937 15.589 38.444 9.387 8.254 3.591 10.855 
251223225543 0.939 15.562 38.442 9.392 8.253 3.226 10.864 
251223231043 0.915 15.562 38.443 9.389 8.253 3.553 10.845 
251223232543 0.957 15.549 38.442 9.385 8.254 3.135 10.832 
251223234043 1.025 15.562 38.435 9.382 8.253 3.090 10.855 
251223235543 1.002 15.547 38.438 9.382 8.253 3.910 10.864 
261223001043 0.945 15.553 38.438 9.381 8.253 3.773 10.848 
261223002543 1.040 15.557 38.443 9.379 8.254 3.940 10.834 
261223004043 1.012 15.570 38.443 9.377 8.253 3.226 10.856 
261223005543 0.961 15.540 38.446 9.377 8.254 3.386 10.865 
261223011043 0.992 15.572 38.442 9.371 8.254 4.836 10.848 
261223012543 1.009 15.562 38.448 9.370 8.253 3.773 10.834 
261223014043 0.987 15.566 38.446 9.369 8.253 3.545 10.856 
261223015543 0.959 15.563 38.445 9.369 8.253 3.181 10.864 
261223021043 1.000 15.572 38.443 9.368 8.253 3.135 10.849 
261223022543 0.981 15.547 38.446 9.371 8.253 3.431 10.834 
261223024043 0.961 15.560 38.450 9.366 8.255 4.266 10.857 
261223025543 0.989 15.561 38.444 9.366 8.253 3.522 10.865 
261223031043 0.989 15.541 38.440 9.366 8.255 4.107 10.849 
261223032543 0.917 15.560 38.445 9.363 8.253 3.371 10.835 
261223034043 0.939 15.562 38.441 9.361 8.253 4.016 10.857 
261223035543 0.963 15.569 38.448 9.359 8.254 3.120 10.865 
261223041043 0.982 15.558 38.450 9.359 8.254 3.446 10.848 
261223042543 0.901 15.560 38.436 9.360 8.255 4.266 10.834 
261223044043 0.950 15.561 38.445 9.358 8.255 3.743 10.856 
261223045543 0.963 15.560 38.443 9.357 8.255 3.667 10.865 
261223051043 0.973 15.566 38.448 9.356 8.253 3.917 10.847 
261223052543 0.973 15.547 38.448 9.359 8.255 3.879 10.834 
261223054043 0.984 15.534 38.448 9.361 8.255 3.925 10.855 
261223055543 0.994 15.547 38.448 9.358 8.254 4.054 10.864 
261223061043 0.939 15.534 38.449 9.360 8.254 3.788 10.843 
261223062543 0.969 15.549 38.444 9.355 8.255 3.530 10.833 
261223064043 0.961 15.562 38.450 9.352 8.255 3.386 10.856 
261223065543 0.927 15.566 38.452 9.352 8.255 3.378 10.864 
261223071043 0.987 15.561 38.448 9.352 8.255 3.492 10.836 
261223072543 0.985 15.532 38.447 9.358 8.254 3.522 10.832 
261223074043 0.959 15.558 38.449 9.352 8.255 4.373 10.855 
261223075543 0.981 15.555 38.448 9.353 8.256 3.682 10.864 
261223081043 0.980 15.564 38.451 9.349 8.255 3.393 10.833 
261223082543 0.958 15.551 38.450 9.351 8.254 3.340 10.831 
261223084043 0.976 15.533 38.453 9.356 8.254 4.137 10.854 
261223085543 1.009 15.548 38.446 9.352 8.255 2.665 10.863 
261223091043 1.011 15.556 38.454 9.348 8.255 2.239 10.847 
261223092543 1.031 15.549 38.451 9.349 8.254 1.883 10.833 
261223094043 0.939 15.558 38.457 9.347 8.255 1.989 10.855 
261223095543 1.021 15.557 38.453 9.346 8.255 1.473 10.864 
261223101043 1.016 15.554 38.456 9.346 8.255 1.488 10.847 
261223102543 0.978 15.558 38.457 9.344 8.255 1.974 10.833 
261223104043 0.981 15.551 38.458 9.345 8.253 1.389 10.855 
261223105543 0.994 15.562 38.456 9.344 8.253 1.822 10.864 
261223111043 0.961 15.563 38.464 9.343 8.254 1.245 10.846 
261223112543 1.009 15.570 38.459 9.344 8.255 1.215 10.833 
261223114043 0.997 15.578 38.452 9.342 8.253 1.268 10.855 
261223115543 0.958 15.582 38.459 9.339 8.253 1.306 10.864 
261223121043 0.988 15.588 38.460 9.339 8.254 1.063 10.845 
261223122543 1.004 15.612 38.464 9.335 8.255 1.374 10.833 
261223124043 0.939 15.628 38.457 9.329 8.255 1.564 10.856 
261223125543 0.944 15.632 38.464 9.328 8.255 0.964 10.864 
