SAMBAT Sea Ti  C/T/D/Odo/Fluo/pH GPS : 50195 
V:0,Pression (0/50),dba
V:1,Température (-5/35),°C
V:2,Salinité (2/42),g/l
V:3,Oxygène (0/20),mgl
V:4,PH (0/14),pH
V:5,Fluorescence (0/500),ppb
V:6,Tension batterie,V
250423110640 0.854 15.551 37.966 10.356 8.250 1.146 10.732 
250423112139 0.762 15.515 37.978 10.364 8.250 1.093 10.814 
250423113639 0.758 15.508 37.963 10.364 8.255 0.911 10.670 
250423115139 0.815 15.524 37.988 10.350 8.250 2.065 10.825 
250423120639 0.809 15.508 37.966 10.359 8.250 1.458 10.847 
250423122139 0.771 15.543 37.935 10.340 8.249 1.867 10.856 
250423123639 0.711 15.526 37.968 10.345 8.249 0.926 10.777 
250423125139 0.757 15.533 37.953 10.343 8.250 1.040 10.841 
250423130639 0.760 15.545 37.978 10.342 8.250 1.336 10.855 
250423132139 0.763 15.532 37.993 10.346 8.250 1.404 10.861 
250423133639 0.714 15.533 37.981 10.346 8.250 1.389 10.777 
250423135139 0.720 15.535 37.966 10.348 8.250 1.199 10.842 
250423140639 0.885 15.532 37.979 10.350 8.250 1.837 10.856 
250423142139 0.653 15.541 37.951 10.350 8.250 1.662 10.862 
250423143639 0.554 15.544 37.978 10.350 8.254 1.495 10.683 
250423145139 0.835 15.543 37.975 10.352 8.250 2.224 10.833 
250423150639 0.870 15.547 37.971 10.353 8.250 1.845 10.852 
250423152139 0.760 15.550 37.942 10.354 8.250 1.883 10.860 
250423153639 0.806 15.552 37.946 10.356 8.250 1.974 10.779 
250423155139 0.665 15.548 37.926 10.359 8.250 2.118 10.842 
250423160639 0.661 15.544 37.950 10.362 8.249 1.533 10.857 
250423162139 0.759 15.550 37.945 10.360 8.249 1.458 10.862 
250423163639 0.773 15.542 37.818 10.362 8.249 2.004 10.780 
250423165139 0.743 15.551 37.811 10.359 8.248 1.738 10.843 
250423170639 0.809 15.546 37.839 10.359 8.248 1.799 10.857 
250423172139 0.547 15.543 37.831 10.361 8.248 1.640 10.862 
250423173639 0.633 15.546 37.835 10.361 8.253 1.981 10.684 
250423175139 0.774 15.543 37.817 10.364 8.249 3.947 10.833 
250423180639 0.782 15.537 37.790 10.368 8.250 4.653 10.852 
250423182139 0.692 15.538 37.635 10.370 8.250 3.917 10.860 
250423183639 0.790 15.525 37.715 10.379 8.250 4.570 10.778 
250423185139 0.679 15.518 37.776 10.382 8.250 4.259 10.842 
250423190639 0.707 15.510 37.761 10.383 8.250 4.289 10.856 
250423192139 0.822 15.594 37.776 10.363 8.255 4.039 10.862 
250423193639 0.807 15.751 37.787 10.322 8.265 2.953 10.779 
250423195139 0.765 15.720 37.774 10.346 8.262 3.257 10.843 
250423200639 0.766 16.017 37.793 10.274 8.280 3.158 10.857 
250423202139 0.762 16.058 37.748 10.283 8.283 3.006 10.863 
250423203639 0.794 16.074 37.794 10.292 8.286 2.551 10.686 
250423205139 0.782 16.152 37.750 10.284 8.287 2.323 10.835 
250423210639 0.785 16.141 37.754 10.305 8.288 2.923 10.855 
250423212139 0.790 16.145 37.775 10.320 8.286 2.718 10.863 
250423213639 0.881 16.117 37.755 10.342 8.282 2.740 10.783 
250423215139 0.744 16.070 37.744 10.374 8.277 2.672 10.846 
250423220639 0.736 16.110 37.682 10.374 8.281 3.044 10.860 
250423222139 0.869 16.123 37.764 10.386 8.286 2.566 10.865 
250423223639 0.702 16.057 37.766 10.425 8.282 2.794 10.784 
250423225139 0.671 16.041 37.735 10.444 8.280 2.611 10.847 
250423230639 0.802 16.034 37.722 10.464 8.278 2.429 10.860 
250423232139 0.792 16.067 37.760 10.472 8.281 2.619 10.866 
250423233639 0.779 16.115 37.776 10.474 8.292 2.551 10.686 
250423235139 0.729 16.168 37.737 10.477 8.293 2.520 10.836 
260423000639 0.759 16.170 37.780 10.498 8.294 2.619 10.856 
260423002139 0.831 16.169 37.757 10.520 8.296 2.528 10.864 
260423003639 0.790 16.173 37.780 10.535 8.297 2.665 10.783 
260423005139 0.766 16.206 37.731 10.550 8.299 2.391 10.846 
260423010639 0.704 16.209 37.749 10.570 8.300 2.467 10.860 
260423012139 0.705 16.236 37.724 10.593 8.303 2.763 10.866 
260423013639 0.825 16.230 37.759 10.616 8.308 2.748 10.784 
260423015139 0.753 16.230 37.769 10.631 8.310 2.323 10.848 
260423020639 0.841 16.226 37.778 10.647 8.309 2.300 10.861 
260423022139 0.800 16.170 37.783 10.677 8.310 2.065 10.866 
260423023639 0.754 16.188 37.779 10.678 8.310 2.239 10.780 
260423025139 0.747 16.211 37.763 10.685 8.313 2.323 10.846 
260423030639 0.780 16.188 37.763 10.699 8.318 2.148 10.860 
260423032139 0.765 16.178 37.750 10.711 8.317 2.080 10.866 
260423033639 0.822 16.156 37.742 10.728 8.319 2.315 10.674 
260423035139 0.838 16.126 37.735 10.742 8.312 2.376 10.837 
260423040639 0.746 16.103 37.688 10.756 8.305 1.822 10.856 
260423042139 0.852 16.064 37.683 10.775 8.306 2.065 10.864 
260423043639 0.767 15.979 37.681 10.796 8.297 1.928 10.796 
260423045139 0.743 15.936 37.676 10.813 8.295 2.224 10.849 
260423050639 0.830 15.946 37.670 10.807 8.297 2.422 10.861 
260423052139 0.819 15.959 37.678 10.803 8.301 2.490 10.865 
260423053639 0.806 15.967 37.683 10.799 8.305 2.088 10.689 
260423055139 0.766 15.994 37.676 10.796 8.303 2.513 10.837 
260423060639 0.776 15.998 37.699 10.796 8.299 2.164 10.855 
260423062139 0.813 16.007 37.689 10.796 8.301 2.118 10.862 
260423063639 0.840 16.007 37.690 10.794 8.300 1.738 10.779 
260423065139 0.849 16.014 37.694 10.791 8.299 1.351 10.845 
260423070639 0.810 16.021 37.696 10.785 8.296 1.260 10.859 
260423072139 0.822 16.026 37.695 10.778 8.298 1.146 10.864 
260423073639 0.858 16.039 37.708 10.770 8.297 0.903 10.778 
260423075139 0.793 16.042 37.721 10.764 8.297 1.306 10.845 
260423080639 0.744 16.064 37.734 10.752 8.297 0.569 10.859 
260423082139 0.816 16.062 37.713 10.750 8.296 0.896 10.865 
260423083639 0.799 16.107 37.752 10.727 8.300 1.017 10.693 
260423085139 0.845 16.095 37.744 10.726 8.294 0.926 10.838 
260423090639 0.781 16.097 37.757 10.720 8.292 0.357 10.856 
260423092139 0.848 16.259 37.774 10.667 8.290 0.903 10.863 
260423093639 0.799 16.340 37.751 10.638 8.290 0.463 10.781 
260423095139 0.776 16.381 37.741 10.624 8.292 0.653 10.846 
260423100639 0.773 16.358 37.715 10.630 8.292 0.539 10.860 
260423102139 0.823 16.310 37.742 10.642 8.289 0.585 10.866 
260423103639 0.795 16.260 37.740 10.661 8.291 0.759 10.781 
260423105139 0.805 16.304 37.735 10.643 8.291 0.683 10.848 
260423110639 0.840 16.228 37.744 10.681 8.288 0.524 10.861 
