SAMBAT Sea Ti  C/T/D/Odo/Fluo/pH GPS : 50195 
V:0,Pression (0/50),dba
V:1,Température (-5/35),°C
V:2,Salinité (2/42),g/l
V:3,Oxygène (0/20),mgl
V:4,PH (0/14),pH
V:5,Fluorescence (0/500),ppb
V:6,Tension batterie,V
150423104258 0.752 14.927 38.170 10.885 8.259 0.235 10.722 
150423105757 0.632 14.943 38.164 10.875 8.258 1.336 10.805 
150423111257 0.609 14.957 38.169 10.864 8.258 0.000 10.834 
150423112757 0.803 14.981 38.170 10.842 8.257 0.919 10.847 
150423114257 0.753 14.998 38.163 10.830 8.257 0.797 10.807 
150423115757 0.583 15.053 38.158 10.806 8.255 0.000 10.838 
150423121257 0.678 15.061 38.158 10.798 8.255 0.835 10.849 
150423122757 0.758 15.052 38.164 10.796 8.254 0.524 10.855 
150423124257 0.720 15.034 38.159 10.794 8.253 0.000 10.810 
150423125757 0.827 14.992 38.157 10.799 8.252 0.000 10.840 
150423131257 0.626 15.005 38.174 10.786 8.250 0.957 10.851 
150423132757 0.796 14.981 38.156 10.788 8.250 2.368 10.856 
150423134257 0.558 14.970 38.163 10.790 8.250 1.943 10.819 
150423135757 0.449 14.954 38.165 10.790 8.249 1.237 10.844 
150423141257 0.637 14.963 38.168 10.781 8.248 0.000 10.853 
150423142757 0.631 14.978 38.166 10.769 8.249 1.594 10.857 
150423144257 0.620 14.950 38.160 10.770 8.251 2.725 10.811 
150423145757 0.486 14.940 38.156 10.763 8.251 3.963 10.840 
150423151257 0.712 14.933 38.172 10.757 8.252 4.388 10.851 
150423152757 0.636 14.930 38.166 10.751 8.252 3.226 10.856 
150423154257 0.800 14.920 38.160 10.748 8.252 3.279 10.819 
150423155757 0.592 14.919 38.168 10.742 8.252 2.885 10.843 
150423161257 0.640 14.912 38.175 10.739 8.252 3.636 10.853 
150423162757 0.711 14.904 38.171 10.739 8.253 3.978 10.857 
150423164257 0.727 14.906 38.169 10.739 8.253 3.947 10.819 
150423165757 0.668 14.915 38.168 10.736 8.253 4.069 10.844 
150423171257 0.628 14.909 38.164 10.735 8.253 3.788 10.853 
150423172757 0.659 14.909 38.165 10.733 8.253 4.942 10.857 
150423174257 0.689 14.900 38.164 10.733 8.252 3.993 10.811 
150423175757 0.559 14.896 38.167 10.729 8.252 4.084 10.840 
150423181257 0.699 14.890 38.162 10.728 8.252 4.502 10.851 
150423182757 0.667 14.880 38.165 10.726 8.252 3.872 10.855 
150423184257 0.751 14.956 38.183 10.703 8.256 4.266 10.818 
150423185757 0.596 15.039 38.173 10.678 8.260 4.418 10.843 
150423191257 0.628 15.097 38.167 10.658 8.263 3.629 10.852 
150423192757 0.761 15.118 38.165 10.656 8.265 3.219 10.857 
150423194257 0.682 15.117 38.153 10.658 8.267 2.596 10.811 
150423195757 0.684 15.125 38.161 10.658 8.268 2.877 10.840 
150423201257 0.776 15.129 38.163 10.660 8.270 2.338 10.852 
150423202757 0.700 15.099 38.149 10.671 8.270 2.710 10.857 
150423204257 0.766 15.080 38.120 10.685 8.272 2.164 10.812 
150423205757 0.685 15.087 38.111 10.681 8.272 2.164 10.841 
150423211257 0.716 15.094 38.131 10.687 8.270 2.323 10.851 
150423212757 0.795 15.028 38.110 10.719 8.269 2.429 10.856 
150423214257 0.769 14.968 38.131 10.742 8.266 3.477 10.819 
150423215757 0.772 14.953 38.119 10.751 8.266 2.589 10.844 
150423221257 0.758 14.948 38.114 10.755 8.266 2.505 10.853 
150423222757 0.713 14.947 38.116 10.760 8.267 2.877 10.857 
150423224257 0.743 14.934 38.102 10.768 8.266 2.740 10.818 
150423225757 0.689 15.014 38.126 10.741 8.271 2.657 10.843 
150423231257 0.764 15.048 38.143 10.737 8.272 3.241 10.853 
150423232757 0.667 15.060 38.170 10.738 8.271 2.687 10.857 
150423234257 0.797 15.063 38.165 10.744 8.272 3.424 10.811 
150423235757 0.796 15.070 38.176 10.748 8.274 2.703 10.840 
160423001257 0.800 15.055 38.171 10.758 8.274 2.460 10.851 
160423002757 0.802 15.086 38.184 10.754 8.274 2.824 10.856 
160423004257 0.788 15.069 38.184 10.762 8.274 2.368 10.818 
160423005757 0.794 15.063 38.180 10.771 8.275 2.452 10.843 
160423011257 0.765 15.081 38.166 10.769 8.277 2.528 10.853 
160423012757 0.765 15.076 38.176 10.768 8.277 2.217 10.857 
160423014257 0.806 15.094 38.178 10.760 8.277 2.429 10.819 
160423015757 0.784 15.091 38.179 10.762 8.277 2.832 10.844 
160423021257 0.744 15.086 38.183 10.770 8.277 3.515 10.853 
160423022757 0.808 15.069 38.172 10.773 8.278 2.391 10.857 
160423024257 0.799 15.061 38.172 10.777 8.276 2.171 10.818 
160423025757 0.794 15.053 38.192 10.777 8.276 2.824 10.843 
160423031257 0.765 15.048 38.189 10.776 8.274 3.052 10.852 
160423032757 0.750 15.045 38.191 10.771 8.274 2.513 10.857 
160423034257 0.813 15.018 38.195 10.775 8.274 2.649 10.818 
160423035757 0.783 15.019 38.192 10.773 8.273 3.204 10.843 
160423041257 0.769 15.001 38.195 10.777 8.273 2.740 10.853 
160423042757 0.723 15.003 38.188 10.775 8.273 2.733 10.856 
160423044257 0.744 14.993 38.190 10.776 8.273 2.824 10.818 
160423045757 0.783 15.005 38.194 10.771 8.272 2.771 10.843 
160423051257 0.750 14.993 38.191 10.773 8.273 3.219 10.852 
160423052757 0.727 14.992 38.183 10.772 8.272 2.558 10.856 
160423054257 0.724 14.975 38.187 10.776 8.272 2.695 10.818 
160423055757 0.700 14.979 38.196 10.764 8.272 3.363 10.843 
160423061257 0.772 14.982 38.185 10.764 8.271 3.067 10.852 
160423062757 0.787 14.961 38.188 10.768 8.270 2.361 10.855 
160423064257 0.796 14.960 38.191 10.765 8.270 1.754 10.815 
160423065757 0.805 14.966 38.191 10.761 8.269 1.450 10.841 
160423071257 0.716 14.961 38.184 10.759 8.268 1.617 10.851 
160423072757 0.754 14.945 38.182 10.758 8.267 1.032 10.855 
160423074257 0.806 14.963 38.182 10.749 8.267 1.154 10.814 
160423075757 0.812 14.966 38.185 10.745 8.268 1.146 10.841 
160423081257 0.830 14.976 38.173 10.738 8.268 0.585 10.851 
160423082757 0.804 14.970 38.164 10.737 8.265 0.433 10.855 
160423084257 0.809 14.968 38.151 10.734 8.264 0.319 10.817 
160423085757 0.770 14.994 38.149 10.718 8.262 0.691 10.842 
160423091257 0.712 15.035 38.157 10.709 8.262 0.425 10.851 
160423092757 0.771 15.066 38.144 10.699 8.262 0.372 10.855 
160423094257 0.839 15.043 38.163 10.703 8.261 0.805 10.804 
160423095757 0.796 15.069 38.149 10.697 8.260 0.319 10.836 
160423101257 0.787 15.088 38.182 10.681 8.260 0.425 10.849 
160423102757 0.802 15.077 38.149 10.696 8.260 0.585 10.855 
160423104257 0.741 15.175 38.160 10.673 8.260 0.471 10.817 
