SAMBAT Sea Ti  C/T/D/Odo/Fluo/pH GPS : 50195 
V:0,Pression (0/50),dba
V:1,Température (-5/35),°C
V:2,Salinité (2/42),g/l
V:3,Oxygène (0/20),mgl
V:4,PH (0/14),pH
V:5,Fluorescence (0/500),ppb
V:6,Tension batterie,V
230423110206 0.821 16.394 38.064 10.105 8.241 0.850 10.735 
230423111705 0.831 16.409 38.053 10.106 8.240 0.896 10.819 
230423113205 0.805 16.580 38.065 10.060 8.239 1.412 10.848 
230423114705 0.780 16.617 38.072 10.051 8.238 1.025 10.833 
230423120205 0.761 16.627 38.075 10.051 8.237 1.670 10.854 
230423121705 0.850 16.633 38.073 10.053 8.236 1.389 10.863 
230423123205 0.842 16.756 38.071 10.026 8.236 1.845 10.867 
230423124705 0.804 16.865 38.083 10.005 8.234 1.533 10.840 
230423130205 0.826 16.861 38.076 10.007 8.234 1.807 10.860 
230423131705 0.824 16.772 38.072 10.027 8.236 2.232 10.867 
230423133205 0.804 16.810 38.069 10.018 8.236 2.012 10.870 
230423134705 0.757 16.813 38.063 10.026 8.234 1.845 10.832 
230423140205 0.810 17.000 38.034 10.019 8.238 2.042 10.857 
230423141705 0.826 16.989 38.062 10.025 8.238 2.665 10.867 
230423143205 0.757 16.988 38.069 10.030 8.238 2.331 10.871 
230423144705 0.837 17.010 38.075 10.036 8.240 2.133 10.844 
230423150205 0.798 16.960 38.115 10.049 8.248 2.543 10.863 
230423151705 0.780 16.899 38.055 10.072 8.265 2.399 10.870 
230423153205 0.774 16.854 38.061 10.092 8.267 2.801 10.873 
230423154705 0.734 16.856 38.062 10.111 8.262 1.662 10.844 
230423160205 0.816 16.807 38.065 10.141 8.266 2.133 10.863 
230423161705 0.791 16.775 38.075 10.168 8.264 1.799 10.870 
230423163205 0.775 16.792 38.066 10.186 8.264 2.444 10.872 
230423164705 0.834 16.715 38.064 10.216 8.261 2.809 10.833 
230423170205 0.783 16.749 38.053 10.227 8.265 2.945 10.858 
230423171705 0.778 16.726 38.034 10.254 8.262 2.718 10.867 
230423173205 0.783 16.728 38.042 10.269 8.263 3.219 10.870 
230423174705 0.749 16.747 38.048 10.283 8.265 3.500 10.842 
230423180205 0.745 16.731 38.054 10.305 8.265 3.583 10.861 
230423181705 0.753 16.602 38.045 10.354 8.255 3.090 10.868 
230423183205 0.773 16.597 38.056 10.369 8.257 3.074 10.871 
230423184705 0.816 16.557 38.067 10.391 8.256 4.206 10.833 
230423190205 0.793 16.552 38.057 10.406 8.255 3.416 10.857 
230423191705 0.775 16.522 38.066 10.423 8.253 3.371 10.865 
230423193205 0.800 16.507 38.057 10.439 8.254 3.037 10.869 
230423194705 0.797 16.464 38.058 10.464 8.256 2.786 10.841 
230423200205 0.759 16.461 38.062 10.475 8.254 3.120 10.859 
230423201705 0.790 16.436 38.061 10.486 8.253 3.371 10.866 
230423203205 0.797 16.412 38.068 10.496 8.251 3.530 10.869 
230423204705 0.775 16.400 38.065 10.500 8.249 3.181 10.839 
230423210205 0.774 16.385 38.067 10.508 8.250 3.082 10.859 
230423211705 0.814 16.369 38.070 10.506 8.249 2.930 10.866 
230423213205 0.830 16.345 38.053 10.496 8.248 2.763 10.868 
230423214705 0.799 16.327 38.062 10.485 8.246 2.596 10.830 
230423220205 0.859 16.309 38.057 10.472 8.246 2.862 10.853 
230423221705 0.764 16.303 38.056 10.456 8.246 3.325 10.862 
230423223205 0.794 16.303 38.053 10.437 8.246 2.885 10.866 
230423224705 0.747 16.328 38.047 10.414 8.246 3.120 10.838 
230423230205 0.812 16.332 38.050 10.400 8.246 2.892 10.857 
230423231705 0.680 16.311 38.062 10.388 8.246 2.938 10.864 
230423233205 0.593 16.297 38.050 10.378 8.247 2.870 10.867 
230423234705 0.944 16.216 38.050 10.393 8.248 2.308 10.838 
240423000205 0.671 16.196 38.037 10.387 8.249 2.771 10.857 
240423001705 0.763 16.229 38.052 10.369 8.250 2.733 10.863 
240423003205 0.704 16.288 38.051 10.345 8.249 2.444 10.867 
240423004705 0.723 16.322 38.057 10.330 8.249 2.391 10.828 
240423010205 0.757 16.274 38.063 10.344 8.248 2.460 10.853 
240423011705 0.776 16.298 38.053 10.329 8.247 2.391 10.862 
240423013205 0.734 16.273 38.056 10.334 8.247 2.740 10.866 
240423014705 0.818 16.277 38.056 10.329 8.244 3.006 10.838 
240423020205 0.779 16.257 38.057 10.329 8.245 2.353 10.857 
240423021705 0.735 16.233 38.057 10.331 8.245 2.467 10.864 
240423023205 0.693 16.222 38.054 10.327 8.245 2.794 10.867 
240423024705 0.761 16.266 38.048 10.313 8.245 2.885 10.827 
240423030205 0.835 16.286 38.059 10.301 8.244 2.543 10.852 
240423031705 0.779 16.277 38.052 10.307 8.244 8.092 10.861 
240423033205 0.691 16.280 38.033 10.304 8.244 3.750 10.866 
240423034705 0.768 16.282 38.040 10.304 8.244 2.596 10.837 
240423040205 0.756 16.271 38.040 10.308 8.244 2.596 10.856 
240423041705 0.864 16.256 38.046 10.314 8.244 2.566 10.864 
240423043205 0.747 16.238 38.043 10.320 8.245 2.528 10.866 
240423044705 0.688 16.228 38.060 10.324 8.245 2.596 10.838 
240423050205 0.821 16.212 38.049 10.328 8.245 2.771 10.857 
240423051705 0.699 16.197 38.041 10.333 8.245 3.044 10.864 
240423053205 0.765 16.186 38.049 10.335 8.245 3.204 10.866 
240423054705 0.731 16.168 38.058 10.343 8.246 3.090 10.827 
240423060205 0.674 16.164 38.044 10.340 8.245 3.037 10.851 
240423061705 0.856 16.149 38.059 10.338 8.245 2.665 10.861 
240423063205 0.908 16.140 38.055 10.335 8.246 2.991 10.864 
240423064705 0.719 16.085 38.059 10.340 8.246 3.029 10.836 
240423070205 0.794 16.085 38.049 10.336 8.246 1.974 10.855 
240423071705 0.789 16.085 38.048 10.330 8.246 1.837 10.862 
240423073205 0.832 16.089 38.049 10.326 8.246 1.708 10.865 
240423074705 0.746 16.101 38.054 10.321 8.246 0.964 10.826 
240423080205 0.857 16.106 38.060 10.318 8.246 1.404 10.851 
240423081705 0.815 16.114 38.059 10.316 8.246 0.941 10.860 
240423083205 0.763 16.097 38.059 10.322 8.247 0.759 10.864 
240423084705 0.671 16.098 38.064 10.324 8.246 0.812 10.835 
240423090205 0.743 16.079 38.073 10.328 8.247 0.015 10.855 
240423091705 0.644 16.077 38.067 10.330 8.247 0.600 10.862 
240423093205 0.694 16.071 38.059 10.339 8.246 0.653 10.865 
240423094705 0.778 16.060 38.065 10.344 8.245 1.199 10.826 
240423100205 0.741 16.007 38.065 10.358 8.243 0.812 10.851 
240423101705 0.801 15.949 38.078 10.371 8.243 1.359 10.860 
240423103205 0.872 15.865 38.061 10.391 8.243 1.070 10.864 
240423104705 0.847 15.794 38.044 10.411 8.243 1.070 10.835 
240423110205 0.762 15.801 38.043 10.407 8.243 0.159 10.854 
