SAMBAT Sea Ti  C/T/D/Odo/Fluo/pH GPS : 50195 
V:0,Pression (0/50),dba
V:1,Température (-5/35),°C
V:2,Salinité (2/42),g/l
V:3,Oxygène (0/20),mgl
V:4,PH (0/14),pH
V:5,Fluorescence (0/500),ppb
V:6,Tension batterie,V
041223112734 0.926 16.712 38.474 9.176 8.237 1.776 10.746 
041223114233 0.935 16.708 38.476 9.176 8.238 1.533 10.825 
041223115733 0.948 16.704 38.472 9.179 8.238 2.057 10.852 
041223121233 0.919 16.692 38.476 9.187 8.238 2.103 10.850 
041223122733 0.925 16.678 38.470 9.191 8.238 3.545 10.843 
041223124233 0.934 16.684 38.475 9.189 8.238 2.657 10.861 
041223125733 0.933 16.681 38.470 9.192 8.238 2.892 10.868 
041223131233 0.930 16.681 38.474 9.190 8.238 4.031 10.860 
041223132733 0.939 16.665 38.474 9.195 8.238 3.029 10.842 
041223134233 0.933 16.664 38.476 9.196 8.239 3.158 10.862 
041223135733 0.919 16.669 38.474 9.197 8.239 3.082 10.869 
041223141233 0.940 16.669 38.475 9.197 8.238 4.031 10.861 
041223142733 0.953 16.663 38.474 9.199 8.238 3.082 10.846 
041223144233 0.930 16.661 38.471 9.199 8.238 2.961 10.863 
041223145733 0.935 16.645 38.474 9.204 8.239 3.553 10.869 
041223151233 0.937 16.656 38.471 9.201 8.238 3.204 10.848 
041223152733 0.943 16.657 38.474 9.200 8.239 4.517 10.843 
041223154233 0.885 16.658 38.473 9.200 8.238 4.616 10.861 
041223155733 0.925 16.654 38.473 9.202 8.239 4.213 10.868 
041223161233 0.893 16.647 38.476 9.203 8.239 5.192 10.861 
041223162733 0.896 16.653 38.473 9.206 8.239 3.788 10.842 
041223164233 0.893 16.654 38.474 9.204 8.239 5.671 10.862 
041223165733 0.943 16.626 38.475 9.208 8.239 4.388 10.869 
041223171233 0.915 16.712 38.479 9.186 8.241 3.553 10.847 
041223172733 0.919 16.694 38.476 9.193 8.241 4.244 10.843 
041223174233 0.898 16.701 38.484 9.193 8.240 3.613 10.861 
041223175733 0.898 16.692 38.488 9.194 8.240 4.578 10.868 
041223181233 0.934 16.692 38.478 9.196 8.239 2.999 10.857 
041223182733 0.946 16.708 38.477 9.191 8.240 3.378 10.842 
041223184233 0.938 16.706 38.479 9.193 8.240 3.295 10.861 
041223185733 0.897 16.697 38.480 9.200 8.240 3.947 10.868 
041223191233 0.884 16.679 38.480 9.204 8.240 3.484 10.860 
041223192733 0.876 16.674 38.481 9.205 8.240 3.295 10.846 
041223194233 0.867 16.692 38.479 9.199 8.240 3.302 10.863 
041223195733 0.857 16.690 38.480 9.200 8.239 3.325 10.869 
041223201233 0.918 16.662 38.474 9.210 8.240 2.983 10.856 
041223202733 0.940 16.679 38.474 9.208 8.239 3.302 10.845 
041223204233 0.940 16.658 38.480 9.210 8.239 3.173 10.862 
041223205733 0.928 16.654 38.459 9.213 8.239 3.621 10.869 
041223211233 0.887 16.641 38.468 9.213 8.240 4.365 10.847 
041223212733 0.891 16.646 38.463 9.214 8.239 3.371 10.842 
041223214233 0.864 16.642 38.473 9.213 8.240 3.439 10.860 
041223215733 0.890 16.674 38.469 9.206 8.240 4.274 10.867 
041223221233 0.880 16.641 38.463 9.213 8.240 3.120 10.858 
041223222733 0.872 16.646 38.458 9.210 8.240 4.729 10.841 
041223224233 0.886 16.628 38.464 9.210 8.240 4.289 10.861 
041223225733 0.890 16.657 38.470 9.204 8.240 3.818 10.867 
041223231233 0.885 16.615 38.431 9.208 8.240 3.120 10.842 
041223232733 0.867 16.588 38.372 9.216 8.240 3.530 10.841 
041223234233 0.851 16.632 38.418 9.204 8.241 4.646 10.860 
041223235733 0.873 16.644 38.421 9.203 8.241 3.052 10.866 
051223001233 0.837 16.536 38.368 9.226 8.241 3.105 10.856 
051223002733 0.885 16.568 38.388 9.216 8.241 3.204 10.842 
051223004233 0.918 16.554 38.393 9.217 8.241 3.295 10.860 
051223005733 0.931 16.557 38.410 9.213 8.241 3.530 10.867 
051223011233 0.862 16.520 38.403 9.220 8.242 3.583 10.857 
051223012733 0.926 16.551 38.418 9.211 8.241 3.112 10.844 
051223014233 0.835 16.568 38.422 9.207 8.241 3.279 10.860 
051223015733 0.891 16.608 38.436 9.194 8.241 3.204 10.867 
051223021233 0.760 16.565 38.449 9.200 8.241 2.938 10.843 
051223022733 0.891 16.587 38.439 9.200 8.241 2.725 10.840 
051223024233 0.896 16.593 38.441 9.194 8.241 3.249 10.859 
051223025733 0.849 16.576 38.433 9.201 8.241 2.710 10.865 
051223031233 0.818 16.595 38.435 9.192 8.241 3.074 10.858 
051223032733 0.852 16.614 38.441 9.189 8.242 3.462 10.843 
051223034233 0.805 16.581 38.435 9.198 8.241 2.581 10.860 
051223035733 0.824 16.592 38.443 9.190 8.242 2.847 10.866 
051223041233 0.866 16.637 38.466 9.179 8.242 3.598 10.857 
051223042733 0.916 16.633 38.461 9.180 8.241 2.703 10.840 
051223044233 0.855 16.652 38.465 9.176 8.241 2.725 10.859 
051223045733 0.917 16.634 38.471 9.180 8.241 3.196 10.866 
051223051233 0.789 16.645 38.472 9.178 8.241 2.634 10.845 
051223052733 0.851 16.655 38.471 9.177 8.241 3.409 10.840 
051223054233 0.798 16.654 38.475 9.178 8.241 2.763 10.859 
051223055733 0.926 16.655 38.472 9.179 8.241 3.006 10.866 
051223061233 0.836 16.648 38.474 9.180 8.241 3.014 10.857 
051223062733 0.949 16.632 38.470 9.185 8.241 2.551 10.841 
051223064233 0.801 16.638 38.473 9.185 8.241 2.794 10.860 
051223065733 0.979 16.628 38.469 9.187 8.241 3.067 10.866 
051223071233 0.814 16.632 38.471 9.187 8.241 2.756 10.857 
051223072733 0.938 16.638 38.469 9.184 8.241 3.143 10.839 
051223074233 0.814 16.616 38.468 9.187 8.240 3.477 10.855 
051223075733 0.902 16.623 38.467 9.187 8.241 2.649 10.865 
051223081233 0.900 16.636 38.471 9.183 8.241 3.082 10.854 
051223082733 0.960 16.633 38.472 9.184 8.241 3.037 10.839 
051223084233 0.766 16.631 38.470 9.184 8.241 2.801 10.858 
051223085733 0.874 16.629 38.470 9.183 8.240 2.604 10.865 
051223091233 0.831 16.614 38.469 9.185 8.240 2.740 10.840 
051223092733 0.879 16.615 38.469 9.184 8.240 2.771 10.835 
051223094233 0.968 16.603 38.470 9.185 8.241 2.778 10.856 
051223095733 0.921 16.604 38.473 9.185 8.240 12.161 10.863 
051223101233 0.842 16.610 38.469 9.182 8.241 2.915 10.852 
051223102733 0.814 16.601 38.470 9.183 8.241 3.029 10.840 
051223104233 0.831 16.603 38.467 9.182 8.241 3.758 10.858 
051223105733 0.872 16.596 38.471 9.181 8.240 3.583 10.865 
051223111233 0.759 16.595 38.466 9.183 8.240 2.270 10.856 
051223112733 0.829 16.594 38.469 9.175 8.241 3.583 10.838 
