SAMBAT Sea Ti  C/T/D/Odo/Fluo/pH GPS : 50195 
V:0,Pression (0/50),dba
V:1,Température (-5/35),°C
V:2,Salinité (2/42),g/l
V:3,Oxygène (0/20),mgl
V:4,PH (0/14),pH
V:5,Fluorescence (0/500),ppb
V:6,Tension batterie,V
040723135945 0.810 25.404 39.156 8.396 8.268 1.609 10.835 
040723141444 0.772 25.411 39.155 8.394 8.268 1.427 10.936 
040723142944 0.830 25.389 39.156 8.398 8.267 1.291 10.948 
040723144444 0.722 25.382 39.150 8.400 8.267 1.215 10.922 
040723145944 0.816 25.385 39.149 8.401 8.267 1.359 10.947 
040723151444 0.753 25.399 39.139 8.401 8.267 1.549 10.951 
040723152944 0.807 25.423 39.147 8.395 8.267 1.230 10.951 
040723154444 0.765 25.405 39.142 8.397 8.267 0.896 10.911 
040723155944 0.809 25.408 39.132 8.396 8.267 1.875 10.947 
040723161444 0.816 25.464 39.138 8.385 8.267 0.934 10.951 
040723162944 0.847 25.480 39.129 8.380 8.268 0.919 10.952 
040723164444 0.788 25.476 39.132 8.385 8.270 0.911 10.923 
040723165944 0.808 25.522 39.131 8.375 8.268 1.086 10.949 
040723171444 0.792 25.539 39.132 8.371 8.267 1.268 10.951 
040723172944 0.702 25.477 39.121 8.389 8.268 1.093 10.952 
040723174444 0.780 25.483 39.139 8.384 8.269 1.116 10.924 
040723175944 0.749 25.465 39.106 8.393 8.270 1.685 10.949 
040723181444 0.659 25.447 39.111 8.398 8.271 1.351 10.951 
040723182944 0.817 25.411 39.120 8.407 8.271 1.488 10.952 
040723184444 0.847 25.410 39.105 8.411 8.272 1.625 10.911 
040723185944 0.737 25.408 39.112 8.413 8.272 1.647 10.947 
040723191444 0.793 25.383 39.099 8.421 8.272 1.594 10.951 
040723192944 0.766 25.374 39.097 8.429 8.272 1.640 10.951 
040723194444 0.815 25.341 39.101 8.437 8.272 1.556 10.923 
040723195944 0.745 25.341 39.085 8.441 8.273 2.004 10.948 
040723201444 0.777 25.338 39.092 8.444 8.273 1.609 10.951 
040723202944 0.769 25.321 39.081 8.452 8.273 1.913 10.951 
040723204444 0.778 25.315 39.095 8.456 8.273 1.526 10.923 
040723205944 0.785 25.300 39.085 8.461 8.273 2.209 10.948 
040723211444 0.745 25.295 39.081 8.466 8.274 1.905 10.951 
040723212944 0.810 25.264 39.105 8.475 8.274 1.814 10.951 
040723214444 0.816 25.270 39.072 8.479 8.274 1.974 10.910 
040723215944 0.802 25.245 39.097 8.485 8.277 1.754 10.946 
040723221444 0.731 25.242 39.108 8.490 8.278 2.027 10.949 
040723222944 0.863 25.267 39.083 8.493 8.279 2.323 10.951 
040723224444 0.832 25.251 39.072 8.501 8.283 1.693 10.922 
040723225944 0.767 25.233 39.075 8.508 8.279 1.943 10.947 
040723231444 0.808 25.230 39.062 8.511 8.279 1.959 10.950 
040723232944 0.732 25.220 39.066 8.516 8.279 1.731 10.951 
040723234444 0.746 25.187 39.068 8.525 8.280 1.913 10.921 
040723235944 0.728 25.177 39.068 8.528 8.279 2.065 10.947 
050723001444 0.745 25.149 39.061 8.540 8.279 1.549 10.950 
050723002944 0.765 25.134 39.054 8.543 8.277 2.217 10.950 
050723004444 0.829 25.134 39.057 8.543 8.275 2.133 10.909 
050723005944 0.843 25.120 39.042 8.548 8.276 1.989 10.945 
050723011444 0.739 25.108 39.056 8.545 8.276 1.898 10.949 
050723012944 0.821 25.136 39.054 8.538 8.276 1.799 10.949 
050723014444 0.786 25.123 39.068 8.540 8.275 1.883 10.920 
050723015944 0.782 25.105 39.068 8.541 8.276 1.814 10.946 
050723021444 0.805 25.106 39.049 8.542 8.276 1.685 10.949 
050723022944 0.874 25.102 39.056 8.538 8.275 2.034 10.949 
050723024444 0.850 25.096 39.060 8.538 8.276 1.852 10.920 
050723025944 0.775 25.081 39.055 8.536 8.275 1.792 10.946 
050723031444 0.777 25.077 39.057 8.534 8.275 1.761 10.949 
050723032944 0.830 25.052 39.062 8.537 8.274 1.867 10.949 
050723034444 0.790 25.070 39.060 8.528 8.274 1.875 10.905 
050723035944 0.782 25.059 39.050 8.529 8.274 1.662 10.944 
050723041444 0.754 25.049 39.051 8.526 8.274 1.867 10.948 
050723042944 0.818 25.043 39.048 8.521 8.274 1.875 10.949 
050723044444 0.717 25.034 39.041 8.516 8.273 1.731 10.920 
050723045944 0.745 25.045 39.047 8.507 8.273 1.754 10.946 
050723051444 0.788 25.015 39.047 8.505 8.273 1.723 10.948 
050723052944 0.825 25.037 39.044 8.498 8.274 1.511 10.949 
050723054444 0.770 25.012 39.035 8.498 8.273 1.776 10.919 
050723055944 0.796 25.029 39.044 8.489 8.273 1.723 10.945 
050723061444 0.800 25.033 39.055 8.481 8.273 1.435 10.948 
050723062944 0.732 25.031 39.037 8.475 8.272 1.518 10.949 
050723064444 0.831 25.021 39.043 8.472 8.272 1.169 10.907 
050723065944 0.817 25.024 39.041 8.468 8.272 1.253 10.943 
050723071444 0.827 25.030 39.041 8.462 8.272 1.245 10.947 
050723072944 0.743 25.037 39.032 8.459 8.272 1.177 10.948 
050723074444 0.775 25.045 39.035 8.456 8.272 1.070 10.918 
050723075944 0.704 25.051 39.061 8.453 8.271 0.941 10.945 
050723081444 0.841 25.055 39.039 8.450 8.271 1.161 10.948 
050723082944 0.831 25.062 39.041 8.446 8.271 0.850 10.948 
050723084444 0.831 25.075 39.042 8.439 8.271 1.146 10.918 
050723085944 0.836 25.080 39.042 8.438 8.271 0.797 10.945 
050723091444 0.768 25.077 39.042 8.438 8.271 0.850 10.948 
050723092944 0.717 25.067 39.042 8.444 8.271 0.850 10.949 
050723094444 0.747 25.081 39.045 8.439 8.271 0.759 10.904 
050723095944 0.793 25.083 39.038 8.440 8.271 1.002 10.943 
050723101444 0.759 25.089 39.042 8.441 8.271 0.843 10.947 
050723102944 0.725 25.114 39.043 8.440 8.271 0.729 10.948 
050723104444 0.832 25.123 39.036 8.441 8.271 0.805 10.919 
050723105944 0.688 25.134 39.046 8.437 8.270 0.896 10.945 
050723111444 0.718 25.155 39.050 8.436 8.270 0.736 10.948 
050723112944 0.739 25.173 39.046 8.434 8.269 0.547 10.948 
050723114444 0.861 25.177 39.037 8.434 8.270 0.896 10.923 
050723115944 0.788 25.226 39.050 8.430 8.268 0.843 10.946 
050723121444 0.806 25.248 39.036 8.429 8.268 0.797 10.948 
050723122944 0.823 25.335 39.044 8.414 8.267 0.547 10.948 
050723124444 0.790 25.399 39.059 8.397 8.267 0.858 10.920 
050723125944 0.881 25.432 39.062 8.393 8.267 0.592 10.946 
050723131444 0.788 25.452 39.048 8.393 8.267 0.759 10.949 
050723132944 0.768 25.545 39.046 8.376 8.266 0.607 10.949 
050723134444 0.762 25.606 39.068 8.357 8.265 0.691 10.904 
050723135944 0.835 25.593 39.058 8.361 8.264 0.683 10.944 
