SAMBAT Sea Ti  C/T/D/Odo/Fluo/pH GPS : 50195 
V:0,Pression (0/50),dba
V:1,Température (-5/35),°C
V:2,Salinité (2/42),g/l
V:3,Oxygène (0/20),mgl
V:4,PH (0/14),pH
V:5,Fluorescence (0/500),ppb
V:6,Tension batterie,V
210423105724 0.793 15.928 38.076 10.358 8.250 0.812 10.728 
210423111223 0.796 15.896 38.102 10.359 8.250 0.744 10.812 
210423112723 0.797 15.866 38.095 10.367 8.250 0.607 10.841 
210423114223 0.774 15.904 38.121 10.358 8.249 0.820 10.815 
210423115723 0.806 15.829 38.111 10.381 8.250 0.676 10.844 
210423121223 0.766 15.781 38.055 10.391 8.250 0.888 10.856 
210423122723 0.774 15.755 38.140 10.393 8.250 0.638 10.861 
210423124223 0.832 15.803 38.104 10.396 8.250 0.797 10.810 
210423125723 0.818 15.793 38.133 10.394 8.251 0.767 10.844 
210423131223 0.814 15.856 38.135 10.376 8.252 0.531 10.856 
210423132723 0.784 15.967 38.118 10.350 8.251 0.668 10.862 
210423134223 0.814 15.975 38.127 10.358 8.252 0.850 10.820 
210423135723 0.774 16.066 38.104 10.343 8.250 0.850 10.850 
210423141223 0.838 16.082 38.121 10.335 8.250 0.911 10.860 
210423142723 0.830 16.025 38.120 10.360 8.250 0.827 10.864 
210423144223 0.731 15.946 38.118 10.396 8.250 0.197 10.809 
210423145723 0.753 16.173 38.114 10.328 8.250 0.979 10.846 
210423151223 0.759 16.189 38.114 10.338 8.248 0.736 10.854 
210423152723 0.795 16.257 38.128 10.322 8.248 1.093 10.863 
210423154223 0.795 16.394 38.106 10.290 8.248 1.048 10.825 
210423155723 0.798 16.361 38.107 10.302 8.245 1.063 10.853 
210423161223 0.853 16.235 38.083 10.344 8.248 0.812 10.863 
210423162723 0.792 16.605 38.086 10.274 8.278 1.086 10.867 
210423164223 0.845 16.380 38.048 10.326 8.270 1.617 10.828 
210423165723 0.840 16.270 38.056 10.394 8.278 1.761 10.855 
210423171223 0.821 16.226 38.067 10.423 8.270 1.518 10.864 
210423172723 0.843 16.128 38.081 10.468 8.265 2.065 10.868 
210423174223 0.814 16.123 38.069 10.485 8.265 1.754 10.815 
210423175723 0.809 16.114 38.085 10.501 8.276 2.331 10.849 
210423181223 0.809 16.707 38.063 10.350 8.281 2.619 10.861 
210423182723 0.812 16.467 38.000 10.426 8.277 2.414 10.867 
210423184223 0.821 16.389 38.109 10.445 8.276 2.270 10.827 
210423185723 0.825 16.141 38.080 10.525 8.273 2.444 10.854 
210423191223 0.805 16.270 38.000 10.528 8.269 2.429 10.864 
210423192723 0.799 16.401 38.042 10.511 8.263 2.786 10.867 
210423194223 0.825 16.396 38.101 10.486 8.264 3.317 10.827 
210423195723 0.815 16.333 38.095 10.514 8.268 4.160 10.855 
210423201223 0.809 16.124 38.105 10.597 8.290 2.384 10.864 
210423202723 0.809 16.108 38.108 10.621 8.293 1.989 10.867 
210423204223 0.827 16.008 38.095 10.675 8.303 2.095 10.812 
210423205723 0.838 16.027 38.091 10.692 8.303 2.217 10.847 
210423211223 0.817 15.939 38.079 10.742 8.310 2.323 10.859 
210423212723 0.817 15.940 38.082 10.771 8.310 2.581 10.864 
210423214223 0.819 15.919 38.063 10.803 8.313 1.959 10.824 
210423215723 0.816 15.921 38.079 10.831 8.315 1.883 10.851 
210423221223 0.817 15.966 38.076 10.844 8.315 2.012 10.860 
210423222723 0.816 15.997 38.090 10.863 8.305 2.194 10.864 
210423224223 0.813 16.039 38.103 10.857 8.299 2.581 10.823 
210423225723 0.815 16.095 38.107 10.840 8.292 2.300 10.851 
210423231223 0.819 16.149 38.084 10.825 8.285 2.475 10.860 
210423232723 0.824 16.247 38.110 10.793 8.289 3.219 10.864 
210423234223 0.822 16.240 38.106 10.799 8.282 2.923 10.810 
210423235723 0.815 16.230 38.108 10.801 8.283 3.014 10.845 
220423001223 0.803 16.316 38.103 10.768 8.295 2.923 10.858 
220423002723 0.816 16.232 38.107 10.795 8.284 3.067 10.863 
220423004223 0.819 16.104 38.112 10.825 8.273 3.211 10.823 
220423005723 0.813 15.985 38.105 10.853 8.272 3.105 10.851 
220423011223 0.814 15.920 38.090 10.868 8.273 2.756 10.860 
220423012723 0.822 15.940 38.096 10.859 8.279 3.811 10.864 
220423014223 0.828 15.976 38.100 10.844 8.279 3.044 10.824 
220423015723 0.811 15.950 38.096 10.854 8.281 2.642 10.851 
220423021223 0.820 15.952 38.093 10.853 8.282 3.181 10.860 
220423022723 0.814 15.945 38.092 10.842 8.281 2.794 10.863 
220423024223 0.791 15.807 38.090 10.868 8.276 2.778 10.822 
220423025723 0.816 15.770 37.169 10.856 8.276 2.870 10.849 
220423031223 0.815 15.708 38.079 10.857 8.275 3.371 10.859 
220423032723 0.830 15.676 38.079 10.840 8.275 3.188 10.862 
220423034223 0.807 15.612 38.081 10.775 8.274 2.778 10.804 
220423035723 0.817 15.743 38.094 10.702 8.281 2.573 10.841 
220423041223 0.798 15.809 38.084 10.667 8.285 2.293 10.854 
220423042723 0.826 15.832 38.083 10.647 8.287 2.596 10.860 
220423044223 0.804 15.816 38.080 10.644 8.288 3.264 10.820 
220423045723 0.818 15.777 38.078 10.647 8.288 2.536 10.847 
220423051223 0.799 15.529 38.074 10.705 8.273 3.697 10.857 
220423052723 0.823 15.501 38.073 10.705 8.272 2.870 10.861 
220423054223 0.819 15.478 38.061 10.699 8.272 2.930 10.818 
220423055723 0.825 15.464 38.070 10.683 8.279 2.665 10.846 
220423061223 0.822 15.509 38.101 10.650 8.281 2.991 10.856 
220423062723 0.826 15.647 38.075 10.614 8.283 3.021 10.860 
220423064223 0.823 15.790 38.079 10.578 8.291 2.930 10.806 
220423065723 0.810 15.828 38.081 10.577 8.296 2.065 10.841 
220423071223 0.822 15.879 38.077 10.560 8.294 2.118 10.853 
220423072723 0.834 15.917 38.074 10.555 8.293 1.306 10.859 
220423074223 0.833 15.935 38.064 10.556 8.292 1.921 10.821 
220423075723 0.830 15.952 38.068 10.552 8.291 1.647 10.847 
220423081223 0.826 15.985 38.067 10.548 8.294 1.275 10.857 
220423082723 0.831 16.037 38.068 10.547 8.295 1.587 10.862 
220423084223 0.829 16.076 38.069 10.548 8.296 0.934 10.822 
220423085723 0.833 16.094 38.063 10.555 8.297 1.169 10.849 
220423091223 0.822 16.137 38.063 10.563 8.299 0.478 10.859 
220423092723 0.829 16.160 38.063 10.577 8.301 0.827 10.863 
220423094223 0.831 16.201 38.063 10.583 8.303 0.729 10.809 
220423095723 0.831 16.237 38.069 10.597 8.303 0.645 10.844 
220423101223 0.808 16.255 38.062 10.609 8.303 0.812 10.857 
220423102723 0.811 16.265 38.068 10.624 8.302 0.820 10.863 
220423104223 0.836 16.260 38.071 10.638 8.301 0.600 10.824 
220423105723 0.833 16.277 38.076 10.644 8.297 0.987 10.851 
