SAMBAT Sea Ti  C/T/D/Odo/Fluo/pH GPS : 50195 
V:0,Pression (0/50),m
V:1,Température (-5/35),°C
V:2,Salinité (2/42),g/l
V:3,Oxygène (0/20),mgl
V:4,PH (0/14),pH
V:5,Fluorescence (0/50),µgl
V:6,Tension batterie,V
110123191715 0.941 15.675 37.233 9.384 8.339 0.390 10.720 
110123193214 0.953 15.683 37.148 9.384 8.340 0.318 10.809 
110123194714 0.979 15.677 37.196 9.381 8.340 0.585 10.833 
110123200214 0.970 15.679 37.218 9.380 8.340 0.364 10.789 
110123201714 0.875 15.678 37.147 9.380 8.340 0.471 10.828 
110123203214 0.941 15.675 37.221 9.379 8.340 0.393 10.842 
110123204714 1.027 15.670 37.212 9.379 8.341 0.342 10.849 
110123210214 0.960 15.660 37.255 9.378 8.341 0.361 10.810 
110123211714 0.952 15.645 37.269 9.382 8.341 0.630 10.837 
110123213214 1.063 15.666 37.194 9.376 8.341 0.336 10.847 
110123214714 0.944 15.677 37.160 9.375 8.341 0.416 10.851 
110123220214 0.885 15.679 37.220 9.371 8.341 0.401 10.795 
110123221714 0.940 15.658 37.179 9.376 8.341 0.345 10.831 
110123223214 0.924 15.669 37.172 9.373 8.342 0.382 10.845 
110123224714 0.960 15.666 37.130 9.371 8.342 0.467 10.850 
110123230214 0.985 15.654 37.185 9.377 8.342 0.410 10.811 
110123231714 0.906 15.662 37.149 9.378 8.342 0.464 10.838 
110123233214 1.007 15.660 37.142 9.378 8.342 0.359 10.848 
110123234714 0.949 15.659 37.180 9.378 8.342 0.440 10.852 
120123000214 0.885 15.667 37.140 9.374 8.343 0.528 10.810 
120123001714 0.985 15.664 37.137 9.373 8.343 0.524 10.838 
120123003214 0.849 15.675 37.027 9.369 8.343 0.551 10.847 
120123004714 0.909 15.672 37.127 9.365 8.343 0.333 10.852 
120123010214 0.903 15.657 37.096 9.367 8.344 0.391 10.811 
120123011714 1.006 15.670 37.119 9.365 8.344 0.424 10.837 
120123013214 0.977 15.659 37.132 9.367 8.344 0.408 10.848 
120123014714 0.860 15.672 37.111 9.363 8.344 0.389 10.852 
120123020214 0.981 15.662 37.120 9.364 8.344 0.392 10.796 
120123021714 0.921 15.654 37.067 9.364 8.344 0.398 10.832 
120123023214 0.999 15.677 37.089 9.362 8.344 0.365 10.845 
120123024714 0.969 15.667 37.739 9.363 8.344 0.411 10.851 
120123030214 0.907 15.667 37.148 9.367 8.345 0.353 10.811 
120123031714 0.967 15.674 37.065 9.369 8.345 0.489 10.838 
120123033214 0.932 15.671 37.046 9.372 8.345 0.406 10.848 
120123034714 0.948 15.676 37.058 9.370 8.346 0.423 10.852 
120123040214 1.034 15.660 37.074 9.371 8.346 0.394 10.810 
120123041714 0.983 15.665 37.070 9.367 8.346 0.375 10.838 
120123043214 0.959 15.671 37.069 9.371 8.346 0.326 10.848 
120123044714 0.924 15.653 37.023 9.375 8.346 0.432 10.852 
120123050214 0.970 15.668 37.007 9.368 8.346 0.383 10.809 
120123051714 0.944 15.670 37.088 9.367 8.347 0.355 10.837 
120123053214 1.003 15.665 37.085 9.366 8.347 0.351 10.847 
120123054714 0.925 15.632 37.061 9.373 8.347 0.371 10.852 
120123060214 0.970 15.637 37.070 9.364 8.347 0.399 10.792 
120123061714 1.004 15.653 37.054 9.360 8.347 0.430 10.830 
120123063214 0.962 15.649 37.043 9.359 8.348 0.342 10.844 
120123064714 0.969 15.638 37.054 9.361 8.348 0.555 10.850 
120123070214 0.972 15.650 37.039 9.355 8.348 0.444 10.810 
120123071714 1.023 15.645 37.093 9.351 8.348 0.387 10.837 
120123073214 0.947 15.644 37.020 9.348 8.348 0.355 10.847 
120123074714 0.992 15.642 37.033 9.348 8.348 0.393 10.851 
120123080214 1.064 15.658 36.983 9.343 8.348 0.355 10.811 
120123081714 0.994 15.666 36.939 9.339 8.349 0.383 10.838 
120123083214 0.950 15.644 37.002 9.343 8.349 0.375 10.848 
120123084714 0.988 15.661 37.000 9.340 8.349 0.419 10.852 
120123090214 0.974 15.664 37.074 9.336 8.349 0.338 10.792 
120123091714 0.998 15.656 37.059 9.341 8.349 0.385 10.831 
120123093214 1.010 15.660 37.062 9.337 8.349 0.359 10.844 
120123094714 1.007 15.662 37.009 9.341 8.349 0.371 10.850 
120123100214 1.003 15.647 37.068 9.348 8.349 0.404 10.810 
120123101714 0.955 15.658 37.104 9.344 8.349 0.277 10.837 
120123103214 1.041 15.648 36.969 9.349 8.349 0.205 10.847 
120123104714 1.089 15.651 37.057 9.351 8.349 0.218 10.852 
120123110214 1.008 15.640 37.048 9.354 8.349 0.214 10.811 
120123111714 0.975 15.660 37.101 9.348 8.349 0.187 10.838 
120123113214 0.962 15.665 36.995 9.354 8.348 0.139 10.847 
120123114714 0.990 15.672 36.953 9.357 8.347 0.137 10.852 
120123120214 1.050 15.675 36.989 9.361 8.346 0.125 10.792 
120123121714 0.987 15.672 37.089 9.368 8.346 0.124 10.831 
120123123214 1.022 15.684 37.043 9.370 8.345 0.112 10.844 
120123124714 0.966 15.709 37.071 9.366 8.344 0.115 10.850 
120123130214 1.041 15.713 36.958 9.370 8.344 0.123 10.811 
120123131714 0.994 15.737 36.957 9.369 8.343 0.103 10.838 
120123133214 0.966 15.727 36.905 9.378 8.342 0.172 10.848 
120123134714 1.034 15.767 36.891 9.373 8.323 0.082 10.852 
120123140214 1.020 15.768 36.868 9.373 8.341 0.101 10.793 
120123141714 1.027 15.710 36.932 9.399 8.341 0.074 10.831 
120123143214 1.051 15.718 36.890 9.396 8.341 0.178 10.845 
120123144714 0.929 15.726 36.883 9.394 8.341 0.096 10.851 
120123150214 0.988 15.712 36.875 9.398 8.342 0.145 10.811 
120123151714 0.990 15.708 36.911 9.403 8.342 0.212 10.838 
120123153214 0.956 15.706 36.908 9.407 8.341 0.140 10.848 
120123154714 1.028 15.706 36.894 9.407 8.341 0.129 10.852 
120123160214 0.979 15.708 36.853 9.408 8.341 0.158 10.811 
120123161714 1.038 15.702 36.856 9.412 8.341 0.119 10.838 
120123163214 1.007 15.704 36.917 9.413 8.341 0.217 10.848 
120123164714 1.014 15.709 36.898 9.413 8.341 0.327 10.852 
120123170214 1.002 15.698 36.864 9.418 8.341 0.309 10.793 
120123171714 1.001 15.717 36.836 9.417 8.341 0.331 10.831 
120123173214 1.040 15.715 36.864 9.420 8.341 0.365 10.844 
120123174714 1.015 15.726 36.894 9.420 8.341 0.312 10.851 
120123180214 1.045 15.709 36.927 9.420 8.341 0.317 10.811 
120123181714 1.020 15.705 36.940 9.425 8.342 0.316 10.837 
120123183214 1.044 15.700 36.982 9.425 8.342 0.453 10.848 
120123184714 1.043 15.704 36.943 9.424 8.342 0.348 10.852 
120123190214 1.003 15.687 36.974 9.431 8.342 0.335 10.808 
120123191714 0.986 15.693 36.933 9.426 8.342 0.332 10.837 
