SAMBAT Sea Ti  C/T/D/Odo/Fluo/pH GPS : 50195 
V:0,Pression (0/50),dba
V:1,Température (-5/35),°C
V:2,Salinité (2/42),g/l
V:3,Oxygène (0/20),mgl
V:4,PH (0/14),pH
V:5,Fluorescence (0/500),ppb
V:6,Tension batterie,V
170623131631 0.791 24.162 38.222 8.538 8.251 0.645 10.823 
170623133130 0.845 24.234 38.236 8.540 8.250 0.767 10.923 
170623134630 0.829 24.236 38.256 8.543 8.249 0.197 10.917 
170623140130 0.745 24.251 38.256 8.545 8.249 0.334 10.938 
170623141630 0.760 24.310 38.240 8.546 8.248 0.607 10.942 
170623143130 0.786 24.361 38.256 8.546 8.248 0.372 10.943 
170623144630 0.851 24.388 38.256 8.548 8.248 0.729 10.921 
170623150130 0.852 24.438 38.254 8.545 8.248 0.630 10.940 
170623151630 0.764 24.484 38.254 8.532 8.247 0.850 10.943 
170623153130 0.852 24.538 38.279 8.518 8.246 0.622 10.945 
170623154630 0.757 24.557 38.269 8.513 8.246 1.002 10.914 
170623160130 0.761 24.564 38.262 8.511 8.246 0.843 10.940 
170623161630 0.754 24.584 38.264 8.501 8.245 0.622 10.944 
170623163130 0.777 24.605 38.267 8.494 8.245 0.676 10.945 
170623164630 0.790 24.567 38.253 8.503 8.245 0.691 10.924 
170623170130 0.851 24.585 38.264 8.493 8.245 0.706 10.942 
170623171630 0.768 24.571 38.265 8.497 8.245 0.994 10.945 
170623173130 0.823 24.509 38.273 8.506 8.245 1.017 10.946 
170623174630 0.774 24.545 38.257 8.501 8.246 1.032 10.925 
170623180130 0.782 24.531 38.277 8.499 8.245 0.820 10.942 
170623181630 0.826 24.524 38.267 8.499 8.245 1.139 10.945 
170623183130 0.763 24.518 38.260 8.499 8.246 1.260 10.945 
170623184630 0.775 24.505 38.269 8.499 8.246 1.260 10.923 
170623190130 0.831 24.477 38.266 8.503 8.247 1.108 10.942 
170623191630 0.806 24.458 38.258 8.510 8.247 1.518 10.945 
170623193130 0.802 24.468 38.261 8.507 8.247 1.177 10.945 
170623194630 0.790 24.467 38.260 8.505 8.248 1.093 10.914 
170623200130 0.844 24.424 38.261 8.513 8.248 1.351 10.940 
170623201630 0.805 24.438 38.263 8.510 8.248 1.275 10.944 
170623203130 0.804 24.401 38.257 8.515 8.249 1.222 10.945 
170623204630 0.789 24.427 38.257 8.515 8.249 1.313 10.923 
170623210130 0.811 24.404 38.258 8.516 8.249 1.344 10.942 
170623211630 0.819 24.377 38.256 8.518 8.249 1.556 10.944 
170623213130 0.798 24.344 38.262 8.522 8.250 1.291 10.945 
170623214630 0.792 24.323 38.253 8.524 8.251 1.700 10.922 
170623220130 0.819 24.302 38.260 8.527 8.250 1.594 10.941 
170623221630 0.776 24.258 38.255 8.530 8.251 2.437 10.944 
170623223130 0.825 24.202 38.257 8.532 8.250 1.700 10.944 
170623224630 0.823 24.178 38.253 8.535 8.252 1.807 10.912 
170623230130 0.843 24.119 38.251 8.537 8.252 1.716 10.939 
170623231630 0.833 24.053 38.249 8.547 8.251 1.564 10.942 
170623233130 0.798 23.990 38.250 8.559 8.250 1.480 10.943 
170623234630 0.804 23.950 38.245 8.570 8.252 1.587 10.924 
180623000130 0.816 23.896 38.247 8.578 8.252 1.268 10.940 
180623001630 0.838 23.882 38.249 8.578 8.252 1.207 10.942 
180623003130 0.798 23.855 38.248 8.586 8.253 1.207 10.942 
180623004630 0.793 23.852 38.250 8.586 8.253 1.275 10.921 
180623010130 0.744 23.859 38.247 8.582 8.252 1.291 10.939 
180623011630 0.796 23.861 38.252 8.579 8.254 1.237 10.941 
180623013130 0.829 23.857 38.252 8.578 8.254 1.328 10.942 
180623014630 0.778 23.863 38.253 8.573 8.253 1.556 10.910 
180623020130 0.794 23.867 38.254 8.570 8.253 1.366 10.937 
180623021630 0.804 23.882 38.254 8.562 8.254 1.253 10.940 
180623023130 0.800 23.872 38.254 8.563 8.252 1.215 10.941 
180623024630 0.822 23.875 38.252 8.558 8.253 1.313 10.919 
180623030130 0.815 23.879 38.257 8.552 8.252 1.078 10.938 
180623031630 0.814 23.878 38.255 8.550 8.254 1.792 10.941 
180623033130 0.808 23.868 38.253 8.551 8.253 1.313 10.941 
180623034630 0.794 23.850 38.255 8.551 8.253 1.070 10.918 
180623040130 0.795 23.850 38.252 8.550 8.254 1.275 10.938 
180623041630 0.817 23.852 38.256 8.546 8.253 1.640 10.940 
180623043130 0.802 23.849 38.254 8.544 8.253 1.579 10.941 
180623044630 0.817 23.850 38.255 8.542 8.254 1.571 10.909 
180623050130 0.822 23.834 38.256 8.542 8.253 1.647 10.936 
180623051630 0.814 23.823 38.254 8.543 8.254 1.245 10.940 
180623053130 0.801 23.812 38.257 8.544 8.253 1.541 10.940 
180623054630 0.832 23.808 38.253 8.542 8.254 1.344 10.918 
180623060130 0.825 23.785 38.257 8.545 8.255 1.215 10.937 
180623061630 0.833 23.788 38.257 8.543 8.253 1.124 10.940 
180623063130 0.800 23.777 38.255 8.548 8.255 1.442 10.940 
180623064630 0.815 23.781 38.256 8.545 8.255 1.070 10.918 
180623070130 0.820 23.777 38.256 8.546 8.255 0.964 10.937 
180623071630 0.825 23.785 38.254 8.541 8.254 0.873 10.940 
180623073130 0.810 23.799 38.259 8.537 8.254 0.843 10.940 
180623074630 0.799 23.809 38.257 8.535 8.255 0.698 10.908 
180623080130 0.807 23.821 38.253 8.534 8.255 0.683 10.935 
180623081630 0.812 23.830 38.255 8.533 8.254 0.934 10.939 
180623083130 0.794 23.850 38.256 8.528 8.254 0.600 10.940 
180623084630 0.803 23.863 38.255 8.527 8.253 0.524 10.918 
180623090130 0.831 23.907 38.263 8.515 8.254 0.850 10.937 
180623091630 0.785 23.942 38.259 8.513 8.255 1.131 10.940 
180623093130 0.814 23.978 38.279 8.501 8.254 0.463 10.941 
180623094630 0.817 24.071 38.272 8.488 8.254 0.334 10.918 
180623100130 0.799 24.164 38.246 8.482 8.253 0.554 10.938 
180623101630 0.799 24.244 38.269 8.480 8.253 0.850 10.941 
180623103130 0.838 24.384 38.245 8.479 8.252 0.547 10.942 
180623104630 0.821 24.479 38.273 8.465 8.251 0.516 10.920 
180623110130 0.800 24.452 38.269 8.473 8.251 0.478 10.939 
180623111630 0.788 24.449 38.265 8.476 8.250 0.896 10.942 
180623113130 0.782 24.445 38.282 8.474 8.251 0.782 10.942 
180623114630 0.812 24.497 38.253 8.467 8.251 0.683 10.912 
180623120130 0.808 24.607 38.257 8.444 8.250 0.645 10.938 
180623121630 0.814 24.667 38.257 8.433 8.250 0.585 10.942 
180623123130 0.835 24.738 38.268 8.417 8.249 0.455 10.943 
180623124630 0.817 24.667 38.295 8.423 8.248 0.850 10.923 
180623130130 0.790 24.798 38.284 8.399 8.248 0.501 10.941 
180623131630 0.788 24.861 38.270 8.393 8.248 0.501 10.944 
