SAMBAT Sea Ti  C/T/D/Odo/Fluo/pH GPS : 50195 
V:0,Pression (0/50),dba
V:1,Température (-5/35),°C
V:2,Salinité (2/42),g/l
V:3,Oxygène (0/20),mgl
V:4,PH (0/14),pH
V:5,Fluorescence (0/500),ppb
V:6,Tension batterie,V
200723144142 0.750 28.586 39.278 7.715 8.255 1.549 10.790 
200723145641 0.664 28.618 39.384 7.712 8.260 1.435 10.960 
200723151141 0.682 28.625 39.374 7.714 8.260 1.579 10.967 
200723152641 0.762 28.656 39.371 7.708 8.259 1.086 10.968 
200723154141 0.732 28.628 39.391 7.710 8.257 1.488 10.912 
200723155641 0.763 28.593 39.371 7.720 8.255 1.458 10.967 
200723161141 0.718 28.621 39.376 7.713 8.256 1.579 10.969 
200723162641 0.808 28.654 39.378 7.712 8.258 1.222 10.969 
200723164141 0.725 28.644 39.302 7.712 8.256 1.465 10.910 
200723165641 0.642 28.626 39.369 7.716 8.255 1.199 10.967 
200723171141 0.654 28.574 39.384 7.729 8.254 1.716 10.969 
200723172641 0.699 28.498 39.378 7.748 8.252 1.655 10.969 
200723174141 0.616 28.400 39.348 7.767 8.251 1.473 10.912 
200723175641 0.718 28.350 39.293 7.776 8.252 1.769 10.966 
200723181141 0.753 28.302 39.348 7.788 8.251 1.799 10.968 
200723182641 0.666 28.296 39.359 7.790 8.254 1.678 10.968 
200723184141 0.686 28.307 39.375 7.791 8.256 2.027 10.910 
200723185641 0.700 28.264 39.378 7.800 8.258 1.746 10.966 
200723191141 0.653 28.279 39.353 7.801 8.255 1.807 10.968 
200723192641 0.705 28.276 39.366 7.801 8.256 1.784 10.968 
200723194141 0.706 28.276 39.359 7.803 8.258 1.830 10.911 
200723195641 0.657 28.262 39.367 7.802 8.256 1.700 10.966 
200723201141 0.769 28.221 39.355 7.814 8.257 1.571 10.968 
200723202641 0.730 28.195 39.355 7.819 8.258 2.308 10.968 
200723204141 0.648 28.184 39.362 7.821 8.258 2.072 10.909 
200723205641 0.655 28.163 39.350 7.821 8.257 2.277 10.965 
200723211141 0.735 28.119 39.336 7.824 8.257 1.997 10.968 
200723212641 0.718 28.056 39.355 7.829 8.254 1.738 10.968 
200723214141 0.755 28.043 39.315 7.830 8.257 1.875 10.908 
200723215641 0.701 28.022 39.347 7.827 8.258 1.883 10.965 
200723221141 0.693 28.012 39.314 7.829 8.258 2.270 10.967 
200723222641 0.652 28.027 39.363 7.820 8.260 1.905 10.967 
200723224141 0.662 28.007 39.374 7.822 8.260 2.133 10.909 
200723225641 0.770 27.993 39.362 7.822 8.260 1.776 10.964 
200723231141 0.735 27.951 39.303 7.824 8.258 1.579 10.966 
200723232641 0.702 27.931 39.336 7.827 8.258 1.458 10.967 
200723234141 0.720 27.929 39.315 7.823 8.259 1.435 10.908 
200723235641 0.710 27.938 39.312 7.814 8.260 1.693 10.964 
210723001141 0.766 27.950 39.341 7.810 8.261 1.716 10.966 
210723002641 0.783 27.995 39.353 7.799 8.265 1.784 10.966 
210723004141 0.716 28.031 39.324 7.792 8.265 1.913 10.909 
210723005641 0.809 28.046 39.340 7.784 8.264 1.822 10.964 
210723011141 0.658 28.026 39.344 7.786 8.262 1.913 10.966 
210723012641 0.640 28.029 39.313 7.782 8.262 2.133 10.967 
210723014141 0.762 28.010 39.331 7.782 8.262 1.761 10.908 
210723015641 0.630 27.990 39.331 7.781 8.261 1.792 10.964 
210723021141 0.689 27.960 39.324 7.783 8.260 1.533 10.966 
210723022641 0.675 27.924 39.331 7.783 8.260 1.533 10.966 
210723024141 0.653 27.928 39.332 7.779 8.260 1.708 10.908 
210723025641 0.665 27.928 39.314 7.773 8.261 1.511 10.964 
210723031141 0.722 27.941 39.239 7.766 8.262 1.526 10.966 
210723032641 0.601 27.946 39.339 7.762 8.262 1.974 10.966 
210723034141 0.701 27.943 39.327 7.765 8.264 1.731 10.822 
210723035641 0.730 27.914 39.359 7.767 8.262 1.564 10.962 
210723041141 0.700 27.901 39.244 7.768 8.260 1.564 10.966 
210723042641 0.692 27.881 39.250 7.770 8.260 1.488 10.966 
210723044141 0.700 27.869 39.323 7.768 8.261 1.556 10.908 
210723045641 0.745 27.855 39.325 7.764 8.260 1.784 10.963 
210723051141 0.747 27.847 39.330 7.761 8.260 1.685 10.965 
210723052641 0.725 27.825 39.328 7.759 8.261 1.336 10.965 
210723054141 0.670 27.810 39.301 7.755 8.260 1.495 10.906 
210723055641 0.679 27.795 39.328 7.757 8.260 1.632 10.963 
210723061141 0.674 27.775 39.317 7.758 8.260 1.488 10.965 
210723062641 0.742 27.760 39.316 7.757 8.258 1.571 10.965 
210723064141 0.685 27.753 39.280 7.756 8.261 1.344 10.908 
210723065641 0.757 27.743 39.298 7.755 8.260 1.108 10.963 
210723071141 0.628 27.737 39.318 7.753 8.260 1.344 10.965 
210723072641 0.754 27.737 39.318 7.753 8.259 1.146 10.965 
210723074141 0.736 27.737 39.270 7.754 8.260 1.116 10.904 
210723075641 0.700 27.738 39.303 7.756 8.258 0.698 10.962 
210723081141 0.766 27.741 39.303 7.756 8.260 0.896 10.964 
210723082641 0.670 27.738 39.300 7.760 8.259 0.911 10.965 
210723084141 0.698 27.755 39.294 7.763 8.258 1.032 10.905 
210723085641 0.747 27.757 39.316 7.765 8.258 1.359 10.962 
210723091141 0.619 27.762 39.320 7.768 8.258 0.706 10.964 
210723092641 0.744 27.772 39.309 7.770 8.258 0.706 10.965 
210723094141 0.741 27.778 39.234 7.771 8.258 1.124 10.906 
210723095641 0.724 27.800 39.218 7.773 8.258 0.911 10.962 
210723101141 0.787 27.807 39.248 7.775 8.258 0.957 10.964 
210723102641 0.706 27.845 39.256 7.777 8.258 0.858 10.965 
210723104141 0.772 27.715 39.253 7.783 8.251 0.896 10.905 
210723105641 0.708 27.748 39.273 7.791 8.258 0.926 10.962 
210723111141 0.738 27.763 39.280 7.798 8.258 0.903 10.964 
210723112641 0.699 27.854 39.271 7.804 8.259 0.827 10.965 
210723114141 0.718 27.918 39.372 7.803 8.261 0.911 10.906 
210723115641 0.702 27.966 39.281 7.803 8.259 1.002 10.962 
210723121141 0.688 28.058 39.280 7.793 8.260 1.055 10.965 
210723122641 0.779 28.024 39.225 7.808 8.258 0.949 10.965 
210723124141 0.766 28.092 39.239 7.803 8.258 1.101 10.906 
210723125641 0.729 28.105 39.279 7.804 8.259 0.714 10.963 
210723131141 0.649 28.155 39.314 7.800 8.257 0.994 10.965 
210723132641 0.706 28.155 39.282 7.805 8.256 0.805 10.966 
210723134141 0.705 28.127 39.275 7.818 8.255 1.048 10.907 
210723135641 0.796 28.149 39.304 7.820 8.254 0.881 10.963 
210723141141 0.741 28.119 39.287 7.835 8.254 0.463 10.966 
210723142641 0.658 28.078 39.259 7.846 8.255 0.964 10.966 
210723144141 0.687 28.095 39.265 7.846 8.252 0.979 10.914 
