SAMBAT Sea Ti  C/T/D/Odo/Fluo/pH GPS : 50195 
V:0,Pression (0/50),dba
V:1,Température (-5/35),°C
V:2,Salinité (2/42),g/l
V:3,Oxygène (0/20),mgl
V:4,PH (0/14),pH
V:5,Fluorescence (0/500),ppb
V:6,Tension batterie,V
211223122804 0.931 15.653 38.456 9.327 8.259 1.351 10.737 
211223124303 0.826 15.698 38.491 9.317 8.257 1.442 10.818 
211223125803 0.901 15.735 38.485 9.310 8.258 1.602 10.845 
211223131303 0.879 15.725 38.481 9.325 8.259 1.898 10.840 
211223132803 0.855 15.738 38.484 9.323 8.258 1.389 10.836 
211223134303 0.916 15.714 38.485 9.339 8.256 1.404 10.854 
211223135803 0.889 15.754 38.481 9.334 8.257 1.708 10.862 
211223141303 0.913 15.750 38.484 9.345 8.256 1.799 10.850 
211223142803 0.911 15.734 38.481 9.353 8.256 2.300 10.839 
211223144303 0.852 15.739 38.484 9.357 8.257 2.186 10.857 
211223145803 0.830 15.740 38.481 9.364 8.257 2.247 10.864 
211223151303 0.865 15.727 38.480 9.376 8.257 2.353 10.836 
211223152803 0.872 15.703 38.475 9.401 8.257 2.209 10.832 
211223154303 0.827 15.700 38.480 9.405 8.257 3.006 10.855 
211223155803 0.889 15.695 38.480 9.410 8.256 3.234 10.863 
211223161303 0.851 15.685 38.482 9.417 8.256 3.659 10.848 
211223162803 0.828 15.667 38.480 9.427 8.257 3.538 10.840 
211223164303 0.745 15.654 38.476 9.431 8.257 4.623 10.857 
211223165803 0.859 15.664 38.483 9.433 8.257 4.707 10.864 
211223171303 0.865 15.659 38.475 9.436 8.257 3.598 10.849 
211223172803 0.873 15.659 38.480 9.437 8.257 4.152 10.839 
211223174303 0.875 15.654 38.479 9.439 8.257 4.335 10.857 
211223175803 0.926 15.625 38.485 9.444 8.255 3.894 10.864 
211223181303 0.813 15.619 38.485 9.447 8.256 4.054 10.836 
211223182803 0.813 15.634 38.477 9.444 8.257 4.638 10.836 
211223184303 0.876 15.621 38.482 9.449 8.256 3.925 10.856 
211223185803 0.909 15.617 38.472 9.450 8.257 4.646 10.863 
211223191303 0.816 15.640 38.477 9.440 8.257 4.342 10.835 
211223192803 0.829 15.612 38.480 9.446 8.255 4.669 10.832 
211223194303 0.819 15.636 38.477 9.435 8.257 4.532 10.854 
211223195803 0.778 15.603 38.474 9.448 8.255 3.856 10.862 
211223201303 0.858 15.596 38.480 9.447 8.255 5.504 10.849 
211223202803 0.876 15.600 38.473 9.445 8.257 4.213 10.839 
211223204303 0.911 15.623 38.480 9.436 8.256 4.259 10.856 
211223205803 0.874 15.604 38.480 9.441 8.255 4.714 10.863 
211223211303 0.868 15.599 38.481 9.439 8.256 4.312 10.849 
211223212803 0.859 15.583 38.477 9.442 8.255 4.616 10.839 
211223214303 0.865 15.604 38.476 9.433 8.255 4.502 10.856 
211223215803 0.851 15.586 38.475 9.436 8.256 4.122 10.864 
211223221303 0.832 15.570 38.476 9.440 8.254 4.069 10.835 
211223222803 0.919 15.580 38.482 9.435 8.255 3.841 10.835 
211223224303 0.840 15.577 38.480 9.435 8.255 4.327 10.854 
211223225803 0.766 15.583 38.474 9.430 8.255 4.130 10.862 
211223231303 0.943 15.554 38.481 9.433 8.255 4.676 10.848 
211223232803 0.874 15.569 38.477 9.426 8.255 3.940 10.833 
211223234303 0.789 15.559 38.474 9.427 8.255 3.659 10.855 
211223235803 0.911 15.579 38.476 9.423 8.255 4.061 10.862 
221223001303 0.897 15.572 38.478 9.425 8.256 5.314 10.834 
221223002803 0.922 15.570 38.476 9.424 8.256 4.122 10.834 
221223004303 0.892 15.569 38.479 9.423 8.255 3.985 10.854 
221223005803 0.791 15.576 38.476 9.421 8.255 4.540 10.861 
221223011303 0.873 15.575 38.477 9.417 8.255 4.244 10.842 
221223012803 0.751 15.558 38.473 9.418 8.254 4.411 10.832 
221223014303 0.955 15.554 38.478 9.416 8.254 4.198 10.851 
221223015803 0.763 15.551 38.482 9.415 8.255 4.077 10.853 
221223021303 0.790 15.544 38.476 9.416 8.255 4.054 10.831 
221223022803 0.760 15.572 38.475 9.409 8.255 3.803 10.833 
221223024303 0.969 15.558 38.474 9.412 8.255 4.418 10.846 
221223025803 0.881 15.556 38.475 9.412 8.255 3.780 10.859 
221223031303 0.837 15.562 38.473 9.410 8.256 4.555 10.824 
221223032803 0.754 15.555 38.473 9.411 8.255 4.099 10.833 
221223034303 0.799 15.553 38.469 9.411 8.256 3.910 10.854 
221223035803 0.811 15.549 38.475 9.411 8.255 3.993 10.861 
221223041303 0.739 15.548 38.474 9.410 8.255 4.054 10.845 
221223042803 0.807 15.536 38.471 9.412 8.256 3.636 10.814 
221223044303 0.994 15.518 38.474 9.413 8.254 4.160 10.852 
221223045803 0.959 15.540 38.474 9.407 8.255 4.987 10.859 
221223051303 0.840 15.538 38.476 9.405 8.256 4.183 10.819 
221223052803 0.870 15.527 38.474 9.405 8.256 3.872 10.819 
221223054303 0.742 15.526 38.486 9.402 8.256 3.841 10.841 
221223055803 0.852 15.540 38.472 9.401 8.256 4.327 10.857 
221223061303 0.872 15.544 38.474 9.399 8.256 4.031 10.836 
221223062803 0.973 15.534 38.478 9.398 8.256 4.585 10.815 
221223064303 0.889 15.549 38.477 9.392 8.255 4.221 10.850 
221223065803 0.734 15.535 38.477 9.396 8.256 4.471 10.848 
221223071303 0.875 15.516 38.474 9.398 8.255 4.798 10.816 
221223072803 0.872 15.519 38.477 9.397 8.255 5.230 10.803 
221223074303 0.804 15.531 38.475 9.394 8.256 5.299 10.844 
221223075803 0.808 15.515 38.473 9.399 8.256 5.762 10.852 
221223081303 0.845 15.521 38.479 9.392 8.255 3.758 10.835 
221223082803 0.872 15.512 38.476 9.395 8.255 3.947 10.815 
221223084303 0.927 15.507 38.484 9.392 8.255 4.008 10.823 
221223085803 0.796 15.509 38.480 9.392 8.255 3.659 10.831 
221223091303 0.918 15.503 38.475 9.393 8.255 2.611 10.829 
221223092803 0.961 15.512 38.478 9.390 8.255 2.444 10.824 
221223094303 0.919 15.507 38.478 9.391 8.255 1.867 10.834 
221223095803 0.876 15.509 38.480 9.391 8.254 2.657 10.827 
221223101303 0.975 15.505 38.475 9.392 8.254 2.171 10.825 
221223102803 0.879 15.509 38.472 9.391 8.254 4.130 10.821 
221223104303 0.850 15.514 38.475 9.388 8.254 1.708 10.841 
221223105803 0.872 15.520 38.475 9.382 8.254 1.845 10.839 
221223111303 0.916 15.516 38.474 9.384 8.254 1.404 10.812 
221223112803 0.935 15.506 38.473 9.390 8.253 1.784 10.821 
221223114303 0.723 15.487 38.478 9.396 8.251 1.359 10.833 
221223115803 0.939 15.473 38.474 9.398 8.251 1.533 10.842 
221223121303 0.917 15.540 38.467 9.376 8.256 1.662 10.808 
221223122803 0.845 15.554 38.460 9.371 8.255 2.232 10.810 
