SAMBAT Sea Ti  C/T/D/Odo/Fluo/pH GPS : 50195 
V:0,Pression (0/50),dba
V:1,Température (-5/35),°C
V:2,Salinité (2/42),g/l
V:3,Oxygène (0/20),mgl
V:4,PH (0/14),pH
V:5,Fluorescence (0/500),ppb
V:6,Tension batterie,V
300423111915 0.774 16.956 37.902 10.242 8.255 1.458 10.744 
300423113414 0.775 17.077 37.902 10.242 8.255 1.769 10.831 
300423114914 0.773 17.258 37.897 10.236 8.254 2.042 10.840 
300423120414 0.767 17.241 37.908 10.239 8.255 3.082 10.862 
300423121914 0.779 17.197 37.817 10.246 8.255 2.854 10.872 
300423123414 0.741 17.311 37.834 10.218 8.255 2.657 10.876 
300423124914 0.737 17.294 37.796 10.226 8.255 4.471 10.854 
300423130414 0.714 17.286 37.823 10.229 8.255 4.623 10.871 
300423131914 0.740 17.281 37.801 10.239 8.254 5.147 10.877 
300423133414 0.790 17.291 37.826 10.231 8.254 5.056 10.879 
300423134914 0.772 17.289 37.819 10.233 8.255 5.223 10.856 
300423140414 0.766 17.311 37.811 10.228 8.254 5.314 10.872 
300423141914 0.762 17.321 37.807 10.228 8.254 5.473 10.878 
300423143414 0.761 17.351 37.805 10.221 8.254 5.337 10.880 
300423144914 0.760 17.356 37.810 10.220 8.253 6.399 10.855 
300423150414 0.779 17.364 37.799 10.218 8.253 6.741 10.872 
300423151914 0.772 17.339 37.805 10.225 8.254 7.546 10.878 
300423153414 0.782 17.348 37.818 10.222 8.253 7.849 10.881 
300423154914 0.777 17.358 37.729 10.221 8.254 9.595 10.857 
300423160414 0.756 17.329 37.807 10.229 8.255 7.675 10.873 
300423161914 0.793 17.324 37.795 10.229 8.255 8.335 10.879 
300423163414 0.782 17.345 37.833 10.226 8.255 9.155 10.881 
300423164914 0.759 17.354 37.835 10.226 8.255 11.455 10.857 
300423170414 0.791 17.333 37.837 10.232 8.256 9.732 10.873 
300423171914 0.776 17.274 37.853 10.250 8.256 8.859 10.879 
300423173414 0.770 17.218 37.842 10.264 8.257 8.054 10.881 
300423174914 0.783 17.112 37.811 10.265 8.258 9.580 10.852 
300423180414 0.785 17.052 37.760 10.265 8.258 10.780 10.870 
300423181914 0.803 17.063 37.815 10.265 8.258 11.266 10.877 
300423183414 0.779 17.051 37.829 10.264 8.258 9.702 10.879 
300423184914 0.770 17.005 37.830 10.266 8.259 7.477 10.855 
300423190414 0.813 16.992 37.846 10.267 8.259 9.155 10.871 
300423191914 0.801 16.988 37.847 10.267 8.260 8.487 10.877 
300423193414 0.798 16.989 37.860 10.268 8.260 7.295 10.879 
300423194914 0.794 16.973 37.861 10.268 8.260 9.299 10.848 
300423200414 0.772 16.931 37.809 10.269 8.260 8.343 10.868 
300423201914 0.774 16.926 37.835 10.269 8.260 7.842 10.875 
300423203414 0.807 16.944 37.828 10.267 8.260 8.912 10.877 
300423204914 0.796 16.941 37.828 10.266 8.260 8.882 10.854 
300423210414 0.792 16.957 37.847 10.267 8.260 9.330 10.870 
300423211914 0.807 16.941 37.849 10.268 8.261 9.368 10.875 
300423213414 0.806 16.850 37.797 10.269 8.261 9.261 10.877 
300423214914 0.800 16.908 37.829 10.269 8.261 8.593 10.854 
300423220414 0.793 16.940 37.857 10.269 8.261 10.339 10.869 
300423221914 0.797 16.935 37.842 10.269 8.262 9.762 10.875 
300423223414 0.798 16.933 37.886 10.270 8.261 8.388 10.877 
300423224914 0.795 16.929 37.869 10.270 8.261 9.535 10.848 
300423230414 0.804 16.919 37.899 10.270 8.262 8.001 10.867 
300423231914 0.802 16.908 37.894 10.270 8.262 8.411 10.874 
300423233414 0.807 16.876 37.887 10.272 8.262 9.345 10.876 
300423234914 0.776 16.884 37.887 10.271 8.262 7.538 10.853 
010523000414 0.794 16.858 37.870 10.273 8.262 8.108 10.869 
010523001914 0.792 16.839 37.868 10.274 8.261 7.667 10.874 
010523003414 0.763 16.843 37.859 10.273 8.263 7.880 10.876 
010523004914 0.771 16.805 37.828 10.281 8.262 8.313 10.847 
010523010414 0.790 16.812 37.838 10.277 8.263 9.914 10.866 
010523011914 0.783 16.772 37.829 10.283 8.259 8.753 10.873 
010523013414 0.773 16.618 37.726 10.318 8.261 10.279 10.876 
010523014914 0.771 16.724 37.751 10.284 8.257 9.800 10.852 
010523020414 0.788 16.668 37.682 10.299 8.259 8.381 10.868 
010523021914 0.791 16.668 35.574 10.295 8.260 10.294 10.873 
010523023414 0.785 16.575 36.758 10.311 8.258 10.339 10.875 
010523024914 0.776 16.588 37.351 10.299 8.261 9.026 10.851 
010523030414 0.796 16.643 37.533 10.273 8.258 9.299 10.867 
010523031914 0.775 16.648 37.588 10.259 8.261 9.785 10.872 
010523033414 0.776 16.632 37.598 10.255 8.260 7.736 10.875 
010523034914 0.778 16.668 37.623 10.239 8.260 8.449 10.845 
010523040414 0.780 16.710 37.653 10.222 8.260 10.484 10.864 
010523041914 0.775 16.682 37.625 10.220 8.255 8.237 10.871 
010523043414 0.773 16.674 37.456 10.215 8.258 8.358 10.874 
010523044914 0.781 16.695 37.722 10.199 8.261 8.350 10.851 
010523050414 0.771 16.716 37.502 10.179 8.259 10.673 10.866 
010523051914 0.788 16.790 37.796 10.156 8.262 11.212 10.873 
010523053414 0.796 16.889 37.881 10.134 8.264 6.961 10.875 
010523054914 0.790 16.907 37.806 10.128 8.262 8.191 10.851 
010523060414 0.776 16.958 37.884 10.124 8.261 7.569 10.867 
010523061914 0.799 16.924 37.901 10.123 8.260 6.491 10.873 
010523063414 0.763 16.922 37.897 10.120 8.260 6.551 10.876 
010523064914 0.779 16.689 37.825 10.152 8.261 8.662 10.852 
010523070414 0.784 16.843 37.850 10.113 8.260 7.105 10.868 
010523071914 0.798 16.832 37.833 10.110 8.261 7.310 10.874 
010523073414 0.785 16.873 37.829 10.105 8.261 7.303 10.876 
010523074914 0.794 16.756 37.775 10.125 8.261 9.064 10.852 
010523080414 0.769 16.764 37.734 10.128 8.262 7.462 10.867 
010523081914 0.777 16.608 37.709 10.158 8.262 9.375 10.873 
010523083414 0.774 16.758 37.815 10.122 8.262 8.221 10.876 
010523084914 0.800 16.564 37.674 10.176 8.263 11.736 10.845 
010523090414 0.799 16.553 37.674 10.178 8.263 11.577 10.864 
010523091914 0.763 16.640 37.688 10.151 8.265 11.941 10.871 
010523093414 0.770 16.581 37.722 10.157 8.265 11.197 10.874 
010523094914 0.800 16.748 37.892 10.118 8.264 7.007 10.851 
010523100414 0.822 16.760 37.773 10.130 8.264 6.825 10.867 
010523101914 0.760 16.834 37.831 10.110 8.262 3.735 10.873 
010523103414 0.795 16.789 37.825 10.133 8.265 3.469 10.875 
010523104914 0.790 16.528 37.757 10.210 8.270 5.344 10.851 
010523110414 0.792 16.521 37.720 10.221 8.271 6.984 10.867 
010523111914 0.799 16.536 37.724 10.223 8.271 8.495 10.873 
