SAMBAT Sea Ti  C/T/D/Odo/Fluo/pH GPS : 50195 
V:0,Pression (0/50),m
V:1,Température (-5/35),°C
V:2,Salinité (2/42),g/l
V:3,Oxygène (0/20),mgl
V:4,PH (0/14),pH
V:5,Fluorescence (0/50),µgl
V:6,Tension batterie,V
210123194145 0.914 14.831 36.900 9.358 8.339 0.492 10.712 
210123195644 0.925 14.839 36.904 9.355 8.340 0.393 10.778 
210123201144 0.909 14.849 36.922 9.349 8.339 0.531 10.813 
210123202644 0.926 14.814 36.875 9.353 8.340 0.415 10.830 
210123204144 0.866 14.828 36.913 9.348 8.339 0.437 10.838 
210123205644 0.893 14.839 36.910 9.341 8.340 0.425 10.801 
210123211144 0.909 14.821 36.947 9.340 8.340 0.472 10.822 
210123212644 0.894 14.824 36.885 9.337 8.339 0.504 10.836 
210123214144 0.917 14.789 36.948 9.343 8.339 0.367 10.841 
210123215644 0.912 14.822 36.920 9.338 8.340 0.488 10.802 
210123221144 0.899 14.827 36.888 9.340 8.340 0.483 10.817 
210123222644 0.837 14.834 36.888 9.339 8.339 0.488 10.834 
210123224144 0.835 14.823 36.938 9.338 8.340 0.458 10.841 
210123225644 0.875 14.823 36.887 9.334 8.340 0.475 10.802 
210123231144 0.916 14.827 36.859 9.337 8.339 0.482 10.823 
210123232644 0.917 14.836 36.914 9.328 8.339 0.418 10.836 
210123234144 0.969 14.827 36.862 9.325 8.339 0.821 10.842 
210123235644 0.895 14.801 36.962 9.330 8.339 0.379 10.803 
220123001144 0.913 14.822 36.886 9.328 8.340 0.430 10.823 
220123002644 0.967 14.818 36.897 9.332 8.339 0.363 10.837 
220123004144 0.951 14.821 36.865 9.331 8.339 0.331 10.842 
220123005644 0.869 14.796 36.904 9.328 8.340 0.430 10.810 
220123011144 0.824 14.819 36.904 9.327 8.340 0.395 10.819 
220123012644 0.877 14.803 36.898 9.330 8.340 0.495 10.835 
220123014144 0.820 14.820 36.911 9.327 8.340 0.379 10.841 
220123015644 0.899 14.818 36.924 9.331 8.340 0.394 10.804 
220123021144 0.889 14.826 36.888 9.335 8.340 0.453 10.824 
220123022644 0.917 14.814 36.905 9.338 8.341 0.475 10.837 
220123024144 0.871 14.811 36.927 9.332 8.340 0.445 10.843 
220123025644 0.897 14.791 36.927 9.332 8.341 0.348 10.803 
220123031144 0.924 14.809 36.846 9.327 8.341 0.359 10.821 
220123032644 0.934 14.787 36.957 9.332 8.341 0.445 10.836 
220123034144 0.936 14.786 36.971 9.332 8.342 0.369 10.842 
220123035644 0.868 14.782 36.993 9.333 8.342 0.391 10.803 
220123041144 0.883 14.803 37.010 9.324 8.341 0.362 10.823 
220123042644 0.885 14.796 37.002 9.319 8.342 0.514 10.837 
220123044144 0.897 14.801 37.016 9.314 8.342 0.452 10.842 
220123045644 0.947 14.806 37.036 9.313 8.342 0.382 10.802 
220123051144 0.900 14.787 37.041 9.311 8.341 0.510 10.823 
220123052644 0.901 14.801 36.990 9.310 8.342 0.400 10.837 
220123054144 0.824 14.767 37.024 9.317 8.342 0.432 10.842 
220123055644 0.958 14.780 37.033 9.321 8.342 0.440 10.802 
220123061144 0.942 14.789 37.030 9.318 8.342 0.341 10.817 
220123062644 0.951 14.802 37.036 9.313 8.342 0.357 10.833 
220123064144 0.845 14.795 36.990 9.319 8.342 0.404 10.841 
220123065644 0.892 14.774 37.037 9.324 8.342 0.507 10.801 
220123071144 0.906 14.768 37.015 9.325 8.342 0.355 10.821 
220123072644 0.984 14.774 37.038 9.325 8.342 0.451 10.836 
220123074144 0.934 14.776 37.049 9.326 8.343 0.353 10.842 
220123075644 0.873 14.791 37.059 9.317 8.342 0.408 10.802 
220123081144 0.910 14.773 37.048 9.320 8.342 0.333 10.822 
220123082644 0.867 14.766 37.022 9.315 8.342 0.513 10.836 
220123084144 0.917 14.779 37.043 9.311 8.343 0.485 10.842 
220123085644 0.957 14.775 37.044 9.312 8.343 0.354 10.801 
220123091144 0.962 14.773 37.060 9.308 8.343 0.404 10.822 
220123092644 0.903 14.764 37.048 9.313 8.343 0.328 10.836 
220123094144 0.896 14.777 37.048 9.311 8.343 0.527 10.842 
220123095644 0.954 14.760 37.042 9.318 8.343 0.345 10.802 
220123101144 0.881 14.767 37.052 9.311 8.343 0.316 10.817 
220123102644 0.972 14.773 37.027 9.309 8.342 0.266 10.833 
220123104144 0.928 14.768 37.064 9.310 8.342 0.261 10.841 
220123105644 0.910 14.766 37.042 9.315 8.342 0.260 10.802 
220123111144 0.949 14.781 37.049 9.311 8.341 0.213 10.823 
220123112644 0.911 14.767 37.058 9.311 8.342 0.207 10.836 
220123114144 0.926 14.768 37.071 9.311 8.341 0.193 10.842 
220123115644 0.933 14.772 37.067 9.311 8.341 0.272 10.810 
220123121144 0.927 14.776 37.049 9.310 8.341 0.295 10.824 
220123122644 0.923 14.774 37.047 9.308 8.341 0.273 10.837 
220123124144 0.902 14.765 37.068 9.314 8.341 0.342 10.842 
220123125644 0.930 14.767 37.043 9.307 8.341 0.296 10.797 
220123131144 0.928 14.760 36.992 9.313 8.340 0.310 10.815 
220123132644 0.953 14.769 37.082 9.306 8.340 0.234 10.833 
220123134144 0.905 14.760 37.067 9.311 8.341 0.242 10.840 
220123135644 0.939 14.758 37.002 9.313 8.340 0.423 10.801 
220123141144 0.887 14.755 37.066 9.308 8.340 0.493 10.822 
220123142644 0.973 14.751 37.068 9.309 8.340 0.326 10.836 
220123144144 0.942 14.749 37.084 9.310 8.340 0.284 10.841 
220123145644 0.877 14.741 37.066 9.312 8.339 0.329 10.801 
220123151144 0.892 14.754 37.076 9.305 8.340 0.305 10.816 
220123152644 0.917 14.748 37.110 9.309 8.339 0.347 10.833 
220123154144 0.925 14.744 37.079 9.310 8.339 0.348 10.840 
220123155644 0.855 14.751 37.097 9.312 8.339 0.371 10.801 
220123161144 0.930 14.754 37.081 9.316 8.339 0.379 10.820 
220123162644 0.907 14.764 37.061 9.318 8.338 0.275 10.835 
220123164144 0.917 14.754 37.105 9.323 8.339 0.385 10.841 
220123165644 0.891 14.761 37.093 9.320 8.339 0.515 10.801 
220123171144 0.862 14.746 37.073 9.327 8.339 0.446 10.822 
220123172644 0.919 14.760 37.158 9.321 8.338 0.495 10.836 
220123174144 0.919 14.741 37.090 9.331 8.338 0.493 10.841 
220123175644 0.913 14.732 37.087 9.332 8.339 0.494 10.801 
220123181144 0.909 14.754 37.076 9.325 8.338 0.509 10.822 
220123182644 0.935 14.746 37.087 9.328 8.339 0.561 10.836 
220123184144 0.932 14.738 37.068 9.330 8.338 0.792 10.842 
220123185644 0.958 14.710 37.078 9.331 8.338 0.533 10.801 
220123191144 0.878 14.746 37.036 9.324 8.338 0.540 10.816 
220123192644 0.936 14.730 37.072 9.328 8.338 0.659 10.833 
220123194144 0.914 14.718 37.075 9.331 8.338 0.540 10.840 
