SAMBAT Sea Ti  C/T/D/Odo/Fluo/pH GPS : 50195 
V:0,Pression (0/50),dba
V:1,Température (-5/35),°C
V:2,Salinité (2/42),g/l
V:3,Oxygène (0/20),mgl
V:4,PH (0/14),pH
V:5,Fluorescence (0/500),ppb
V:6,Tension batterie,V
160723143011 0.729 28.552 39.120 7.691 8.248 1.253 10.842 
160723144510 0.742 28.348 39.216 7.725 8.244 1.070 10.936 
160723150010 0.850 28.201 39.105 7.755 8.244 1.662 10.963 
160723151510 0.764 28.168 39.170 7.759 8.242 0.994 10.965 
160723153010 0.767 28.160 39.101 7.760 8.245 1.086 10.966 
160723154510 0.774 28.163 39.135 7.759 8.245 1.336 10.944 
160723160010 0.778 28.149 39.126 7.759 8.245 1.389 10.965 
160723161510 0.762 28.197 39.173 7.750 8.247 1.564 10.966 
160723163010 0.766 28.170 39.154 7.754 8.246 1.602 10.967 
160723164510 0.773 28.262 39.153 7.739 8.246 1.473 10.933 
160723170010 0.736 28.254 39.198 7.735 8.247 1.708 10.964 
160723171510 0.744 28.146 39.141 7.758 8.244 1.139 10.967 
160723173010 0.814 28.218 39.161 7.747 8.245 1.678 10.967 
160723174510 0.789 28.149 39.167 7.760 8.245 2.809 10.945 
160723180010 0.791 28.184 39.167 7.753 8.243 2.110 10.966 
160723181510 0.727 28.260 39.193 7.741 8.248 1.875 10.967 
160723183010 0.776 28.255 39.214 7.743 8.246 2.171 10.967 
160723184510 0.764 28.242 39.142 7.746 8.244 2.224 10.945 
160723190010 0.800 28.233 39.190 7.745 8.245 2.361 10.966 
160723191510 0.807 28.226 39.170 7.750 8.245 1.989 10.967 
160723193010 0.756 28.221 39.176 7.751 8.245 2.414 10.967 
160723194510 0.778 28.260 39.192 7.741 8.246 3.112 10.933 
160723200010 0.794 28.288 39.199 7.738 8.247 3.902 10.965 
160723201510 0.779 28.274 39.204 7.746 8.246 2.778 10.967 
160723203010 0.778 28.262 39.218 7.749 8.246 2.847 10.967 
160723204510 0.786 28.259 39.100 7.751 8.245 2.520 10.945 
160723210010 0.773 28.228 39.227 7.761 8.244 2.376 10.965 
160723211510 0.779 28.190 39.205 7.769 8.243 2.589 10.967 
160723213010 0.794 28.163 39.208 7.775 8.243 2.748 10.967 
160723214510 0.782 28.158 39.197 7.779 8.244 2.573 10.945 
160723220010 0.786 28.114 39.201 7.788 8.243 2.589 10.966 
160723221510 0.770 28.087 39.210 7.794 8.243 2.923 10.966 
160723223010 0.785 28.065 39.208 7.796 8.244 2.437 10.967 
160723224510 0.774 28.032 39.229 7.801 8.243 2.680 10.933 
160723230010 0.797 28.002 39.234 7.810 8.243 2.870 10.964 
160723231510 0.781 27.968 39.209 7.815 8.243 2.718 10.966 
160723233010 0.806 27.963 39.214 7.814 8.244 3.204 10.966 
160723234510 0.783 27.948 39.185 7.817 8.245 3.204 10.944 
170723000010 0.787 27.929 39.241 7.822 8.245 2.543 10.964 
170723001510 0.785 27.870 39.240 7.828 8.243 3.241 10.966 
170723003010 0.796 27.825 39.142 7.825 8.242 2.763 10.966 
170723004510 0.810 27.807 39.235 7.823 8.243 2.771 10.942 
170723010010 0.789 27.762 39.234 7.821 8.243 2.854 10.964 
170723011510 0.796 27.737 39.232 7.819 8.243 3.112 10.965 
170723013010 0.810 27.718 39.180 7.816 8.244 3.188 10.965 
170723014510 0.798 27.698 39.222 7.812 8.244 2.748 10.930 
170723020010 0.789 27.701 39.227 7.808 8.246 3.758 10.962 
170723021510 0.791 27.701 39.220 7.805 8.247 3.317 10.964 
170723023010 0.789 27.701 39.219 7.802 8.247 2.824 10.965 
170723024510 0.792 27.670 39.217 7.798 8.246 2.604 10.941 
170723030010 0.790 27.630 39.343 7.795 8.247 2.475 10.963 
170723031510 0.791 27.622 39.240 7.791 8.247 2.239 10.964 
170723033010 0.800 27.610 39.261 7.789 8.248 1.913 10.964 
170723034510 0.801 27.587 39.225 7.786 8.248 1.951 10.932 
170723040010 0.788 27.575 39.231 7.783 8.249 2.148 10.962 
170723041510 0.787 27.567 39.237 7.779 8.250 1.921 10.964 
170723043010 0.803 27.572 39.239 7.775 8.251 2.156 10.964 
170723044510 0.793 27.570 39.232 7.773 8.252 2.186 10.940 
170723050010 0.802 27.565 39.234 7.770 8.251 2.050 10.962 
170723051510 0.782 27.555 39.243 7.770 8.252 1.898 10.964 
170723053010 0.792 27.549 39.257 7.771 8.252 2.452 10.964 
170723054510 0.802 27.540 39.234 7.771 8.253 1.830 10.940 
170723060010 0.766 27.537 39.229 7.771 8.253 1.951 10.962 
170723061510 0.817 27.529 39.268 7.770 8.253 1.830 10.963 
170723063010 0.796 27.531 39.257 7.769 8.253 1.738 10.964 
170723064510 0.786 27.534 39.243 7.769 8.253 1.488 10.928 
170723070010 0.804 27.532 39.261 7.769 8.253 1.564 10.961 
170723071510 0.796 27.532 39.276 7.769 8.253 1.245 10.963 
170723073010 0.790 27.532 39.419 7.769 8.253 1.450 10.963 
170723074510 0.823 27.534 39.259 7.770 8.253 1.389 10.940 
170723080010 0.804 27.550 39.269 7.768 8.253 1.078 10.962 
170723081510 0.818 27.547 39.291 7.770 8.252 1.010 10.963 
170723083010 0.806 27.552 39.262 7.772 8.253 1.412 10.963 
170723084510 0.793 27.559 39.259 7.771 8.253 1.328 10.940 
170723090010 0.804 27.584 39.270 7.769 8.252 1.549 10.962 
170723091510 0.830 27.628 39.280 7.770 8.255 1.298 10.963 
170723093010 0.795 27.753 39.237 7.769 8.262 1.161 10.964 
170723094510 0.802 27.832 39.222 7.770 8.257 1.192 10.929 
170723100010 0.828 27.844 39.227 7.773 8.255 1.336 10.961 
170723101510 0.820 27.825 39.175 7.776 8.253 1.131 10.963 
170723103010 0.812 27.951 39.278 7.763 8.256 1.040 10.964 
170723104510 0.843 27.936 39.250 7.773 8.252 1.086 10.941 
170723110010 0.795 27.896 39.204 7.782 8.251 0.964 10.963 
170723111510 0.822 27.955 39.284 7.771 8.251 0.987 10.964 
170723113010 0.815 27.970 39.298 7.773 8.253 0.881 10.964 
170723114510 0.818 28.019 39.302 7.769 8.253 0.865 10.942 
170723120010 0.860 28.017 39.275 7.770 8.253 0.957 10.963 
170723121510 0.834 28.021 39.265 7.771 8.253 1.025 10.964 
170723123010 0.818 28.053 39.265 7.766 8.252 0.957 10.965 
170723124510 0.800 28.078 39.268 7.765 8.251 0.934 10.942 
170723130010 0.823 28.165 39.312 7.749 8.254 0.987 10.963 
170723131510 0.762 28.303 39.296 7.722 8.255 1.025 10.965 
170723133010 0.772 28.279 39.261 7.732 8.251 1.063 10.965 
170723134510 0.791 28.247 39.277 7.737 8.249 1.032 10.932 
170723140010 0.797 28.209 39.270 7.747 8.248 0.774 10.963 
170723141510 0.803 28.173 39.272 7.755 8.248 1.245 10.965 
170723143010 0.807 28.168 39.253 7.760 8.248 1.093 10.965 
