SAMBAT Sea Ti  C/T/D/Odo/Fluo/pH GPS : 50195 
V:0,Pression (0/50),dba
V:1,Température (-5/35),°C
V:2,Salinité (2/42),g/l
V:3,Oxygène (0/20),mgl
V:4,PH (0/14),pH
V:5,Fluorescence (0/500),ppb
V:6,Tension batterie,V
290423111647 0.808 16.979 37.860 10.167 8.250 3.568 10.740 
290423113146 0.811 16.964 37.859 10.169 8.253 4.509 10.827 
290423114646 0.810 17.307 37.853 10.138 8.251 5.633 10.828 
290423120146 0.817 17.312 37.883 10.132 8.252 4.653 10.857 
290423121646 0.801 17.222 37.866 10.160 8.252 3.621 10.868 
290423123146 0.778 17.147 37.855 10.164 8.253 3.538 10.874 
290423124646 0.829 17.115 37.863 10.166 8.250 2.740 10.851 
290423130146 0.827 17.104 37.858 10.167 8.250 2.148 10.869 
290423131646 0.815 17.124 37.858 10.167 8.248 2.376 10.875 
290423133146 0.814 17.136 37.851 10.166 8.249 2.232 10.878 
290423134646 0.776 17.160 37.871 10.167 8.248 3.037 10.851 
290423140146 0.775 17.118 37.846 10.170 8.250 3.021 10.870 
290423141646 0.791 17.227 37.831 10.171 8.249 3.105 10.876 
290423143146 0.809 17.204 37.844 10.173 8.248 3.849 10.879 
290423144646 0.793 17.138 37.855 10.176 8.250 2.452 10.849 
290423150146 0.802 17.209 37.842 10.180 8.251 2.543 10.869 
290423151646 0.788 17.236 37.853 10.180 8.252 2.854 10.876 
290423153146 0.808 17.208 37.844 10.189 8.253 3.150 10.879 
290423154646 0.779 17.244 37.850 10.192 8.251 2.376 10.844 
290423160146 0.797 17.292 37.857 10.183 8.250 2.513 10.868 
290423161646 0.813 17.205 37.851 10.203 8.252 3.166 10.876 
290423163146 0.789 17.182 37.840 10.206 8.253 3.287 10.879 
290423164646 0.796 17.187 37.851 10.208 8.251 3.576 10.851 
290423170146 0.802 17.148 37.849 10.211 8.251 3.279 10.871 
290423171646 0.805 17.137 37.859 10.215 8.252 4.236 10.877 
290423173146 0.788 17.082 37.851 10.221 8.251 5.375 10.880 
290423174646 0.795 17.131 37.867 10.223 8.251 6.825 10.854 
290423180146 0.785 17.086 37.861 10.231 8.253 5.192 10.872 
290423181646 0.793 17.183 37.880 10.232 8.253 5.246 10.877 
290423183146 0.796 17.236 37.884 10.233 8.257 5.086 10.880 
290423184646 0.800 17.279 37.888 10.226 8.256 5.974 10.842 
290423190146 0.800 17.451 37.881 10.182 8.254 7.698 10.867 
290423191646 0.792 17.356 37.878 10.212 8.255 8.889 10.875 
290423193146 0.807 17.305 37.879 10.235 8.255 6.050 10.879 
290423194646 0.800 17.290 37.883 10.245 8.255 8.889 10.851 
290423200146 0.795 17.254 37.891 10.263 8.254 7.280 10.870 
290423201646 0.794 17.237 37.894 10.273 8.254 7.143 10.876 
290423203146 0.787 17.204 37.902 10.278 8.252 8.290 10.878 
290423204646 0.784 17.190 37.912 10.283 8.254 7.242 10.850 
290423210146 0.785 17.168 37.899 10.289 8.256 7.402 10.869 
290423211646 0.803 17.167 37.906 10.291 8.256 7.614 10.876 
290423213146 0.800 17.255 37.911 10.284 8.257 7.910 10.878 
290423214646 0.800 17.321 37.932 10.262 8.256 8.882 10.843 
290423220146 0.793 17.376 37.927 10.251 8.255 7.629 10.866 
290423221646 0.806 17.429 37.935 10.237 8.248 8.464 10.874 
290423223146 0.794 17.403 37.923 10.245 8.260 8.927 10.878 
290423224646 0.795 17.415 37.931 10.243 8.255 8.153 10.850 
290423230146 0.792 17.303 37.923 10.276 8.255 7.758 10.869 
290423231646 0.803 17.243 37.905 10.297 8.250 7.394 10.876 
290423233146 0.805 17.258 37.925 10.298 8.249 7.766 10.878 
290423234646 0.799 17.197 37.924 10.307 8.253 8.350 10.842 
300423000146 0.788 17.180 37.912 10.310 8.254 8.480 10.866 
300423001646 0.792 17.178 37.899 10.312 8.256 8.639 10.874 
300423003146 0.792 17.127 37.903 10.315 8.254 8.047 10.877 
300423004646 0.798 17.107 37.919 10.314 8.255 6.855 10.849 
300423010146 0.789 17.091 37.910 10.316 8.261 6.498 10.868 
300423011646 0.784 17.055 37.915 10.315 8.261 6.658 10.875 
300423013146 0.799 16.985 37.930 10.314 8.261 7.227 10.877 
300423014646 0.765 16.950 37.880 10.311 8.262 6.453 10.841 
300423020146 0.781 16.910 37.948 10.308 8.260 5.473 10.864 
300423021646 0.775 16.858 37.954 10.306 8.260 4.373 10.873 
300423023146 0.804 16.908 37.939 10.302 8.260 6.035 10.875 
300423024646 0.773 16.878 37.932 10.299 8.258 5.990 10.847 
300423030146 0.767 16.890 37.940 10.296 8.259 5.033 10.866 
300423031646 0.779 16.863 37.937 10.291 8.259 5.519 10.873 
300423033146 0.783 16.872 37.933 10.287 8.258 4.623 10.875 
300423034646 0.784 16.852 37.926 10.285 8.259 4.881 10.851 
300423040146 0.795 16.839 37.919 10.281 8.258 4.426 10.867 
300423041646 0.768 16.851 37.926 10.276 8.258 4.008 10.873 
300423043146 0.764 16.856 37.925 10.272 8.259 4.411 10.875 
300423044646 0.758 16.841 37.923 10.268 8.258 3.917 10.845 
300423050146 0.787 16.808 37.927 10.272 8.260 3.856 10.865 
300423051646 0.792 16.802 37.916 10.271 8.260 4.965 10.872 
300423053146 0.788 16.794 37.919 10.271 8.260 3.818 10.875 
300423054646 0.770 16.799 37.909 10.265 8.259 3.993 10.846 
300423060146 0.654 16.793 37.905 10.264 8.260 3.872 10.866 
300423061646 0.778 16.801 37.913 10.257 8.260 3.507 10.872 
300423063146 0.778 16.808 37.912 10.252 8.259 3.393 10.875 
300423064646 0.786 16.809 37.912 10.247 8.259 4.638 10.845 
300423070146 0.758 16.823 37.898 10.239 8.259 3.363 10.864 
300423071646 0.796 16.834 37.938 10.235 8.260 3.856 10.872 
300423073146 0.786 16.854 37.931 10.231 8.259 3.796 10.875 
300423074646 0.771 16.848 37.923 10.230 8.257 4.585 10.838 
300423080146 0.773 16.850 37.911 10.230 8.258 3.105 10.862 
300423081646 0.717 16.852 37.916 10.229 8.259 2.885 10.871 
300423083146 0.780 16.869 37.927 10.230 8.258 2.649 10.874 
300423084646 0.786 16.880 37.928 10.229 8.259 2.778 10.845 
300423090146 0.756 16.891 37.933 10.230 8.258 3.386 10.865 
300423091646 0.740 16.900 37.920 10.232 8.259 2.877 10.872 
300423093146 0.778 16.919 37.924 10.233 8.258 3.211 10.875 
300423094646 0.782 16.944 37.913 10.232 8.258 2.710 10.845 
300423100146 0.790 16.970 37.913 10.230 8.257 2.839 10.865 
300423101646 0.795 16.972 37.901 10.231 8.256 3.264 10.872 
300423103146 0.811 16.994 37.904 10.233 8.256 2.642 10.875 
300423104646 0.776 17.013 37.909 10.234 8.256 2.505 10.847 
300423110146 0.788 16.958 37.902 10.235 8.255 1.792 10.866 
300423111646 0.767 16.949 37.909 10.238 8.254 1.116 10.873 
