SAMBAT Sea Ti  C/T/D/Odo/Fluo/pH GPS : 50195 
V:0,Pression (0/50),dba
V:1,Température (-5/35),°C
V:2,Salinité (2/42),g/l
V:3,Oxygène (0/20),mgl
V:4,PH (0/14),pH
V:5,Fluorescence (0/500),ppb
V:6,Tension batterie,V
240323094943 0.859 14.543 37.916 11.228 8.247 1.063 10.708 
240323100442 0.916 14.585 37.948 11.205 8.245 1.017 10.786 
240323101942 0.867 14.618 37.921 11.192 8.245 0.524 10.817 
240323103442 0.826 14.650 37.929 11.177 8.244 0.949 10.674 
240323104942 0.858 14.719 37.963 11.145 8.241 0.972 10.812 
240323110442 0.879 14.851 38.022 11.100 8.241 1.199 10.831 
240323111942 0.877 14.829 38.033 11.105 8.245 0.767 10.840 
240323113442 0.840 14.939 38.039 11.070 8.242 0.911 10.685 
240323114942 0.849 15.061 38.057 11.029 8.234 0.736 10.820 
240323120442 0.844 15.183 38.097 10.979 8.223 0.903 10.837 
240323121942 0.903 15.249 38.098 10.925 8.217 1.093 10.844 
240323123442 0.874 15.300 38.114 10.893 8.216 0.934 10.689 
240323124942 0.814 15.376 38.102 10.865 8.215 1.275 10.825 
240323130442 0.837 15.382 38.112 10.843 8.215 1.351 10.840 
240323131942 0.859 15.313 38.104 10.845 8.215 1.010 10.848 
240323133442 0.855 15.315 38.097 10.831 8.214 1.389 10.690 
240323134942 0.842 15.379 38.103 10.800 8.212 0.903 10.827 
240323140442 0.831 15.386 38.102 10.783 8.212 1.253 10.842 
240323141942 0.828 15.372 38.105 10.774 8.210 0.486 10.848 
240323143442 0.808 15.360 38.099 10.765 8.210 0.068 10.692 
240323144942 0.862 15.361 38.103 10.751 8.210 1.359 10.827 
240323150442 0.833 15.344 38.110 10.740 8.208 0.698 10.843 
240323151942 0.790 15.252 38.109 10.758 8.210 1.177 10.849 
240323153442 0.832 15.264 38.112 10.741 8.209 1.571 10.689 
240323154942 0.852 15.208 38.102 10.743 8.210 1.230 10.827 
240323160442 0.869 15.210 38.111 10.731 8.211 2.680 10.842 
240323161942 0.852 15.188 38.124 10.728 8.209 2.050 10.849 
240323163442 0.860 15.197 38.112 10.719 8.210 2.239 10.690 
240323164942 0.820 15.197 38.106 10.706 8.212 2.900 10.826 
240323170442 0.872 15.208 38.108 10.686 8.212 3.310 10.842 
240323171942 0.843 15.202 38.093 10.681 8.214 3.409 10.848 
240323173442 0.807 15.164 38.089 10.679 8.216 4.137 10.689 
240323174942 0.801 15.132 38.091 10.674 8.218 3.697 10.826 
240323180442 0.830 15.101 38.084 10.677 8.219 3.705 10.842 
240323181942 0.812 15.078 38.081 10.690 8.221 3.826 10.848 
240323183442 0.852 15.043 38.075 10.709 8.222 4.206 10.686 
240323184942 0.834 15.026 38.078 10.717 8.222 4.380 10.825 
240323190442 0.862 15.088 38.081 10.697 8.220 3.469 10.840 
240323191942 0.815 15.098 38.081 10.700 8.221 4.145 10.847 
240323193442 0.848 15.182 38.082 10.683 8.222 3.849 10.682 
240323194942 0.825 15.145 38.073 10.701 8.222 4.297 10.824 
240323200442 0.836 15.157 38.081 10.701 8.223 4.585 10.840 
240323201942 0.831 15.109 38.077 10.718 8.225 3.378 10.847 
240323203442 0.823 15.061 38.076 10.742 8.226 3.454 10.691 
240323204942 0.854 14.995 38.077 10.766 8.226 3.978 10.823 
240323210442 0.792 14.963 38.085 10.785 8.227 3.697 10.840 
240323211942 0.850 14.946 38.074 10.799 8.227 4.008 10.846 
240323213442 0.832 14.924 38.078 10.809 8.228 3.826 10.689 
240323214942 0.801 14.858 38.080 10.834 8.229 3.598 10.824 
240323220442 0.824 14.879 38.080 10.829 8.229 3.940 10.839 
240323221942 0.844 14.910 38.079 10.826 8.229 4.714 10.845 
240323223442 0.822 14.891 38.078 10.838 8.230 3.773 10.690 
240323224942 0.852 14.850 38.082 10.858 8.230 4.145 10.823 
240323230442 0.848 14.863 38.083 10.859 8.230 3.651 10.839 
240323231942 0.845 14.856 38.087 10.864 8.230 4.107 10.845 
240323233442 0.874 14.869 38.091 10.861 8.229 4.023 10.689 
240323234942 0.832 14.868 38.093 10.863 8.230 4.365 10.823 
250323000442 0.882 14.861 38.087 10.867 8.230 3.872 10.838 
250323001942 0.852 14.850 38.094 10.871 8.230 3.644 10.844 
250323003442 0.852 14.806 38.096 10.881 8.230 4.236 10.688 
250323004942 0.841 14.810 38.099 10.878 8.229 3.818 10.822 
250323010442 0.878 14.777 38.092 10.886 8.232 4.099 10.838 
250323011942 0.791 14.772 38.102 10.885 8.229 3.940 10.844 
250323013442 0.814 14.766 38.114 10.883 8.224 3.849 10.686 
250323014942 0.828 14.760 38.116 10.887 8.224 4.092 10.822 
250323020442 0.813 14.761 38.118 10.880 8.224 3.750 10.838 
250323021942 0.850 14.733 38.120 10.882 8.224 4.107 10.844 
250323023442 0.790 14.732 38.119 10.877 8.224 4.767 10.687 
250323024942 0.847 14.731 38.111 10.871 8.225 7.629 10.822 
250323030442 0.861 14.701 38.110 10.871 8.226 3.659 10.837 
250323031942 0.865 14.704 38.110 10.863 8.226 3.439 10.844 
250323033442 0.807 14.700 38.108 10.858 8.226 3.333 10.683 
250323034942 0.828 14.679 38.107 10.855 8.227 3.750 10.822 
250323040442 0.842 14.664 38.102 10.854 8.228 3.173 10.837 
250323041942 0.843 14.676 38.102 10.846 8.229 3.515 10.843 
250323043442 0.826 14.658 38.100 10.843 8.229 4.016 10.687 
250323044942 0.790 14.654 38.094 10.845 8.229 3.788 10.821 
250323050442 0.814 14.626 38.096 10.848 8.230 3.591 10.837 
250323051942 0.843 14.664 38.132 10.823 8.221 3.340 10.843 
250323053442 0.794 14.660 38.136 10.813 8.221 3.591 10.684 
250323054942 0.836 14.655 38.133 10.810 8.221 3.629 10.821 
250323060442 0.874 14.650 38.127 10.799 8.222 3.879 10.836 
250323061942 0.880 14.644 38.121 10.791 8.222 3.947 10.843 
250323063442 0.708 14.630 38.119 10.785 8.222 4.054 10.686 
250323064942 0.771 14.636 38.120 10.774 8.221 3.864 10.821 
250323070442 0.797 14.621 38.117 10.770 8.221 3.515 10.836 
250323071942 0.961 14.609 38.115 10.763 8.221 3.295 10.843 
250323073442 0.850 14.619 38.109 10.753 8.220 1.822 10.686 
250323074942 0.786 14.597 38.122 10.751 8.220 1.928 10.820 
250323080442 0.877 14.601 38.126 10.743 8.220 2.179 10.836 
250323081942 0.886 14.619 38.123 10.735 8.220 1.139 10.842 
250323083442 0.853 14.619 38.127 10.731 8.220 1.936 10.685 
250323084942 0.927 14.616 38.118 10.728 8.220 0.926 10.820 
250323090442 0.723 14.618 38.119 10.723 8.221 1.412 10.836 
250323091942 0.847 14.641 38.122 10.713 8.219 1.139 10.843 
250323093442 0.831 14.656 38.126 10.700 8.219 0.585 10.683 
250323094942 0.805 14.685 38.129 10.689 8.218 0.729 10.820 
