SAMBAT Sea Ti  C/T/D/Odo/Fluo/pH GPS : 50195 
V:0,Pression (0/50),dba
V:1,Température (-5/35),°C
V:2,Salinité (2/42),g/l
V:3,Oxygène (0/20),mgl
V:4,PH (0/14),pH
V:5,Fluorescence (0/500),ppb
V:6,Tension batterie,V
230723144904 0.724 28.009 39.275 7.829 8.259 0.425 10.860 
230723150403 0.806 28.056 39.258 7.818 8.260 0.668 10.958 
230723151903 0.741 28.039 39.251 7.824 8.258 0.554 10.961 
230723153403 0.727 28.160 39.272 7.802 8.256 0.698 10.966 
230723154903 0.798 28.254 39.364 7.779 8.262 0.774 10.954 
230723160403 0.754 28.206 39.298 7.788 8.259 0.949 10.966 
230723161903 0.783 28.331 39.283 7.758 8.261 1.101 10.967 
230723163403 0.748 28.420 39.270 7.741 8.260 1.078 10.967 
230723164903 0.724 28.305 39.273 7.760 8.256 1.199 10.956 
230723170403 0.743 28.305 39.291 7.756 8.254 1.275 10.966 
230723171903 0.700 28.248 39.261 7.763 8.253 1.921 10.967 
230723173403 0.770 28.190 39.265 7.775 8.253 1.222 10.967 
230723174903 0.741 28.187 39.279 7.767 8.253 1.594 10.949 
230723180403 0.753 28.112 39.243 7.782 8.253 1.070 10.966 
230723181903 0.756 28.066 39.349 7.785 8.253 1.556 10.967 
230723183403 0.726 27.970 39.259 7.800 8.249 1.146 10.967 
230723184903 0.766 27.961 39.253 7.799 8.255 1.495 10.955 
230723190403 0.813 27.946 39.256 7.800 8.253 1.609 10.966 
230723191903 0.723 27.894 39.243 7.812 8.254 1.571 10.966 
230723193403 0.747 27.860 39.258 7.816 8.253 1.662 10.966 
230723194903 0.774 27.817 39.251 7.815 8.251 1.670 10.957 
230723200403 0.746 27.810 39.240 7.815 8.253 1.799 10.965 
230723201903 0.788 27.795 39.246 7.815 8.253 1.473 10.966 
230723203403 0.773 27.745 39.247 7.816 8.252 1.602 10.966 
230723204903 0.770 27.745 39.228 7.816 8.253 1.503 10.952 
230723210403 0.742 27.715 39.230 7.817 8.255 1.594 10.964 
230723211903 0.764 27.706 39.232 7.817 8.255 1.640 10.965 
230723213403 0.755 27.693 39.238 7.818 8.258 1.640 10.966 
230723214903 0.746 27.688 39.328 7.819 8.256 1.708 10.947 
230723220403 0.742 27.668 39.311 7.825 8.255 1.465 10.964 
230723221903 0.769 27.653 39.312 7.830 8.257 1.503 10.964 
230723223403 0.757 27.618 39.302 7.836 8.258 1.822 10.965 
230723224903 0.742 27.597 39.306 7.843 8.259 1.822 10.953 
230723230403 0.792 27.572 39.308 7.850 8.259 2.042 10.964 
230723231903 0.795 27.537 39.304 7.863 8.258 1.928 10.964 
230723233403 0.793 27.522 39.301 7.871 8.258 1.746 10.964 
230723234903 0.767 27.499 39.300 7.880 8.260 2.164 10.946 
240723000403 0.769 27.466 39.315 7.888 8.261 1.974 10.962 
240723001903 0.773 27.488 39.304 7.890 8.264 1.769 10.964 
240723003403 0.779 27.516 39.309 7.889 8.265 1.830 10.964 
240723004903 0.753 27.519 39.304 7.892 8.262 1.708 10.952 
240723010403 0.742 27.519 39.311 7.894 8.262 1.655 10.962 
240723011903 0.771 27.498 39.300 7.899 8.257 1.458 10.964 
240723013403 0.744 27.489 39.300 7.898 8.258 1.632 10.964 
240723014903 0.772 27.479 39.226 7.901 8.253 1.541 10.945 
240723020403 0.746 27.468 39.307 7.902 8.258 1.708 10.962 
240723021903 0.737 27.453 39.308 7.904 8.259 1.382 10.963 
240723023403 0.758 27.438 39.304 7.909 8.256 1.974 10.964 
240723024903 0.766 27.404 39.309 7.914 8.256 1.458 10.951 
240723030403 0.726 27.402 39.310 7.914 8.260 1.700 10.962 
240723031903 0.760 27.379 39.299 7.915 8.259 1.298 10.963 
240723033403 0.768 27.389 39.303 7.912 8.259 1.450 10.963 
240723034903 0.774 27.389 39.301 7.908 8.260 2.285 10.950 
240723040403 0.733 27.377 39.301 7.907 8.260 1.662 10.962 
240723041903 0.718 27.336 39.295 7.911 8.259 1.382 10.963 
240723043403 0.731 27.312 39.292 7.915 8.257 1.670 10.963 
240723044903 0.694 27.274 39.226 7.916 8.257 1.685 10.946 
240723050403 0.717 27.255 39.213 7.916 8.259 1.754 10.961 
240723051903 0.680 27.269 39.215 7.907 8.260 1.837 10.962 
240723053403 0.731 27.265 39.199 7.903 8.261 1.700 10.962 
240723054903 0.746 27.276 39.203 7.891 8.264 1.473 10.946 
240723060403 0.761 27.256 39.213 7.891 8.265 1.488 10.961 
240723061903 0.712 27.291 39.280 7.878 8.267 1.435 10.962 
240723063403 0.760 27.309 39.227 7.870 8.266 1.222 10.962 
240723064903 0.743 27.310 39.294 7.868 8.262 1.609 10.949 
240723070403 0.763 27.320 39.225 7.863 8.263 1.450 10.961 
240723071903 0.714 27.320 39.223 7.863 8.265 1.063 10.962 
240723073403 0.761 27.317 39.303 7.862 8.265 1.131 10.962 
240723074903 0.734 27.327 39.226 7.861 8.264 1.101 10.940 
240723080403 0.725 27.328 39.302 7.860 8.264 0.873 10.960 
240723081903 0.730 27.341 39.224 7.855 8.265 0.888 10.962 
240723083403 0.707 27.346 39.306 7.855 8.264 0.911 10.962 
240723084903 0.712 27.399 39.316 7.847 8.265 0.934 10.949 
240723090403 0.717 27.468 39.254 7.832 8.268 0.698 10.961 
240723091903 0.702 27.491 39.322 7.828 8.264 0.994 10.962 
240723093403 0.717 27.521 39.307 7.827 8.263 1.078 10.963 
240723094903 0.698 27.565 39.258 7.816 8.265 0.865 10.949 
240723100403 0.731 27.590 39.228 7.818 8.262 0.903 10.962 
240723101903 0.704 27.622 39.318 7.818 8.265 0.979 10.962 
240723103403 0.661 27.635 39.238 7.818 8.262 0.752 10.963 
240723104903 0.716 27.735 39.223 7.816 8.260 0.896 10.950 
240723110403 0.711 27.691 39.250 7.817 8.261 0.934 10.962 
240723111903 0.692 27.939 39.326 7.797 8.274 0.972 10.963 
240723113403 0.745 27.904 39.303 7.809 8.261 1.192 10.964 
240723114903 0.680 28.012 39.307 7.793 8.265 0.615 10.941 
240723120403 0.721 27.894 39.285 7.820 8.258 0.949 10.962 
240723121903 0.683 27.897 39.305 7.821 8.258 1.002 10.964 
240723123403 0.719 27.943 39.324 7.810 8.263 1.108 10.964 
240723124903 0.688 27.793 39.233 7.833 8.252 0.653 10.952 
240723130403 0.673 27.797 39.229 7.838 8.260 0.660 10.963 
240723131903 0.683 28.163 39.266 7.775 8.274 1.040 10.964 
240723133403 0.682 28.219 39.313 7.774 8.263 0.797 10.964 
240723134903 0.709 28.348 39.235 7.746 8.263 0.994 10.947 
240723140403 0.706 28.248 39.300 7.768 8.259 0.706 10.964 
240723141903 0.693 28.250 39.312 7.765 8.259 1.086 10.965 
240723143403 0.679 28.236 39.296 7.774 8.257 1.526 10.965 
240723144903 0.706 28.267 39.311 7.764 8.257 0.759 10.953 
