SAMBAT Sea Ti  C/T/D/Odo/Fluo/pH GPS : 50195 
V:0,Pression (0/50),dba
V:1,Température (-5/35),°C
V:2,Salinité (2/42),g/l
V:3,Oxygène (0/20),mgl
V:4,PH (0/14),pH
V:5,Fluorescence (0/500),ppb
V:6,Tension batterie,V
060723140439 0.811 25.907 39.067 8.269 8.257 0.964 10.837 
060723141938 0.691 25.748 39.065 8.305 8.255 0.440 10.937 
060723143438 0.833 25.959 39.027 8.259 8.256 0.585 10.949 
060723144938 0.768 26.009 39.043 8.241 8.255 0.372 10.935 
060723150438 0.797 26.060 39.086 8.222 8.254 0.433 10.951 
060723151938 0.760 26.174 39.044 8.216 8.253 0.433 10.953 
060723153438 0.802 25.904 39.040 8.260 8.253 0.600 10.953 
060723154938 0.712 25.924 39.041 8.251 8.254 0.698 10.934 
060723160438 0.762 25.925 39.047 8.249 8.255 0.691 10.951 
060723161938 0.756 25.939 39.059 8.241 8.254 0.820 10.953 
060723163438 0.764 26.179 39.080 8.195 8.255 0.706 10.954 
060723164938 0.750 26.507 38.987 8.134 8.255 1.086 10.941 
060723170438 0.766 26.037 39.060 8.198 8.253 1.207 10.953 
060723171938 0.713 26.308 39.056 8.150 8.255 1.184 10.954 
060723173438 0.729 25.991 39.073 8.202 8.254 1.184 10.955 
060723174938 0.789 26.218 39.089 8.163 8.255 1.184 10.942 
060723180438 0.825 26.344 39.124 8.130 8.255 1.124 10.953 
060723181938 0.772 26.485 39.055 8.124 8.255 1.366 10.955 
060723183438 0.767 26.384 38.975 8.145 8.256 1.921 10.955 
060723184938 0.824 26.288 39.073 8.134 8.256 1.427 10.936 
060723190438 0.826 26.291 39.085 8.141 8.257 1.260 10.953 
060723191938 0.823 26.190 39.067 8.157 8.257 1.344 10.955 
060723193438 0.818 26.153 39.054 8.166 8.257 1.495 10.955 
060723194938 0.797 26.150 39.063 8.163 8.258 1.473 10.942 
060723200438 0.783 26.162 39.082 8.158 8.258 1.283 10.953 
060723201938 0.814 26.139 39.076 8.164 8.258 1.473 10.954 
060723203438 0.779 25.991 39.073 8.193 8.257 1.382 10.955 
060723204938 0.809 25.959 39.068 8.203 8.258 1.579 10.938 
060723210438 0.808 25.890 39.071 8.215 8.258 1.139 10.952 
060723211938 0.793 25.850 39.069 8.223 8.258 1.389 10.953 
060723213438 0.782 25.830 39.070 8.228 8.258 1.351 10.953 
060723214938 0.764 25.792 39.066 8.235 8.258 1.382 10.941 
060723220438 0.773 25.723 39.063 8.249 8.258 1.351 10.951 
060723221938 0.785 25.636 39.055 8.268 8.258 1.511 10.953 
060723223438 0.821 25.576 39.048 8.281 8.259 1.480 10.953 
060723224938 0.820 25.533 39.050 8.288 8.259 1.366 10.940 
060723230438 0.832 25.554 39.057 8.283 8.261 1.382 10.951 
060723231938 0.800 25.546 39.056 8.285 8.261 1.488 10.952 
060723233438 0.812 25.420 39.045 8.312 8.260 1.860 10.952 
060723234938 0.799 25.392 39.043 8.315 8.262 1.442 10.932 
070723000438 0.811 25.368 39.040 8.321 8.262 1.549 10.949 
070723001938 0.800 25.343 39.042 8.325 8.262 1.298 10.951 
070723003438 0.804 25.321 39.046 8.331 8.263 1.427 10.951 
070723004938 0.831 25.303 39.036 8.332 8.263 1.207 10.938 
070723010438 0.830 25.301 39.044 8.334 8.264 1.526 10.949 
070723011938 0.823 25.270 39.049 8.339 8.264 1.465 10.950 
070723013438 0.819 25.257 39.046 8.339 8.264 1.351 10.951 
070723014938 0.818 25.266 39.045 8.334 8.264 1.708 10.937 
070723020438 0.787 25.249 39.039 8.336 8.265 1.268 10.949 
070723021938 0.835 25.215 39.039 8.340 8.266 1.382 10.950 
070723023438 0.856 25.202 39.044 8.339 8.265 1.427 10.950 
070723024938 0.805 25.165 39.045 8.345 8.265 1.086 10.929 
070723030438 0.787 25.124 39.035 8.353 8.266 1.700 10.947 
070723031938 0.842 25.127 39.039 8.349 8.266 1.275 10.949 
070723033438 0.823 25.095 39.042 8.353 8.267 1.404 10.949 
070723034938 0.801 25.078 39.033 8.355 8.267 1.359 10.935 
070723040438 0.783 25.067 39.026 8.360 8.267 1.374 10.947 
070723041938 0.814 25.070 39.044 8.352 8.268 1.268 10.949 
070723043438 0.812 25.043 39.033 8.358 8.269 1.245 10.949 
070723044938 0.829 25.034 39.033 8.359 8.269 1.716 10.934 
070723050438 0.801 25.042 39.031 8.357 8.270 1.298 10.947 
070723051938 0.808 25.011 39.027 8.363 8.268 1.564 10.948 
070723053438 0.821 25.007 39.037 8.363 8.270 1.564 10.949 
070723054938 0.817 25.011 39.031 8.363 8.269 1.518 10.927 
070723060438 0.806 25.005 39.026 8.364 8.270 1.177 10.945 
070723061938 0.803 25.005 39.026 8.364 8.270 1.397 10.947 
070723063438 0.809 25.020 39.026 8.363 8.270 1.055 10.948 
070723064938 0.814 25.036 39.030 8.360 8.270 1.177 10.934 
070723070438 0.801 25.040 39.032 8.359 8.270 1.268 10.946 
070723071938 0.836 25.049 39.032 8.359 8.270 1.078 10.947 
070723073438 0.811 25.051 39.035 8.359 8.270 0.994 10.948 
070723074938 0.815 25.043 39.039 8.361 8.270 0.934 10.933 
070723080438 0.809 25.053 39.037 8.362 8.269 0.843 10.946 
070723081938 0.838 25.070 39.034 8.359 8.270 0.782 10.948 
070723083438 0.800 25.084 39.040 8.356 8.269 0.729 10.948 
070723084938 0.819 25.100 39.038 8.358 8.268 0.805 10.927 
070723090438 0.811 25.125 39.054 8.356 8.269 0.850 10.945 
070723091938 0.820 25.153 39.052 8.353 8.268 0.683 10.947 
070723093438 0.809 25.168 39.051 8.350 8.268 0.243 10.948 
070723094938 0.825 25.367 39.080 8.314 8.270 0.698 10.934 
070723100438 0.814 25.441 39.048 8.302 8.268 0.486 10.946 
070723101938 0.813 25.352 39.062 8.312 8.267 0.774 10.949 
070723103438 0.831 25.536 39.036 8.287 8.267 0.949 10.949 
070723104938 0.831 25.488 39.050 8.297 8.266 0.569 10.936 
070723110438 0.824 25.536 39.060 8.289 8.266 0.911 10.948 
070723111938 0.800 25.606 39.062 8.275 8.267 0.418 10.949 
070723113438 0.806 25.554 39.095 8.283 8.266 0.850 10.950 
070723114938 0.791 25.673 39.058 8.273 8.266 0.729 10.930 
070723120438 0.773 25.652 39.042 8.280 8.265 0.615 10.947 
070723121938 0.816 25.665 39.060 8.278 8.265 0.812 10.949 
070723123438 0.829 25.783 39.035 8.257 8.267 0.630 10.950 
070723124938 0.806 25.858 39.067 8.240 8.265 0.585 10.939 
070723130438 0.813 25.867 39.062 8.240 8.264 0.471 10.949 
070723131938 0.810 25.792 39.066 8.253 8.264 0.364 10.951 
070723133438 0.772 25.980 39.073 8.212 8.265 0.774 10.951 
070723134938 0.808 26.020 39.069 8.205 8.264 0.759 10.939 
070723140438 0.780 26.065 39.056 8.201 8.262 0.600 10.950 
