SAMBAT Sea Ti  C/T/D/Odo/Fluo/pH GPS : 50195 
V:0,Pression (0/50),dba
V:1,Température (-5/35),°C
V:2,Salinité (2/42),g/l
V:3,Oxygène (0/20),mgl
V:4,PH (0/14),pH
V:5,Fluorescence (0/500),ppb
V:6,Tension batterie,V
140723142424 0.774 27.560 39.002 7.849 8.252 1.192 10.847 
140723143936 0.784 27.602 39.021 7.845 8.253 1.336 10.910 
140723145423 0.762 27.647 39.013 7.844 8.254 1.093 10.954 
140723150923 0.842 27.650 39.005 7.841 8.253 1.602 10.961 
140723152423 0.792 27.627 39.031 7.841 8.252 1.124 10.962 
140723153923 0.760 27.721 38.901 7.839 8.250 1.336 10.963 
140723155423 0.750 27.929 38.972 7.828 8.255 1.397 10.959 
140723160923 0.754 27.884 38.983 7.834 8.249 1.458 10.963 
140723162423 0.770 27.960 39.012 7.812 8.254 1.336 10.964 
140723163923 0.744 27.899 39.014 7.827 8.253 1.260 10.964 
140723165423 0.763 27.938 39.007 7.823 8.250 1.526 10.960 
140723170923 0.794 27.923 39.041 7.826 8.251 1.799 10.964 
140723172423 0.781 27.808 39.057 7.832 8.251 1.845 10.964 
140723173923 0.720 27.842 39.004 7.830 8.250 1.951 10.964 
140723175423 0.775 27.803 39.062 7.832 8.253 1.875 10.959 
140723180923 0.810 27.830 38.966 7.833 8.253 1.708 10.963 
140723182423 0.784 27.777 38.954 7.836 8.253 1.981 10.964 
140723183923 0.756 27.703 39.052 7.839 8.252 1.746 10.964 
140723185423 0.787 27.610 38.984 7.843 8.253 1.921 10.960 
140723190923 0.762 27.557 39.012 7.846 8.253 2.194 10.963 
140723192423 0.759 27.512 38.991 7.860 8.253 1.951 10.963 
140723193923 0.813 27.418 39.047 7.878 8.255 1.959 10.963 
140723195423 0.807 27.397 39.012 7.884 8.255 1.776 10.959 
140723200923 0.835 27.353 38.994 7.890 8.254 1.936 10.962 
140723202423 0.780 27.333 38.976 7.895 8.255 2.217 10.963 
140723203923 0.766 27.309 39.033 7.901 8.256 1.981 10.963 
140723205423 0.801 27.266 39.040 7.908 8.255 2.232 10.958 
140723210923 0.859 27.258 38.985 7.914 8.255 2.095 10.961 
140723212423 0.774 27.253 39.016 7.915 8.256 2.110 10.962 
140723213923 0.773 27.212 38.997 7.923 8.257 2.110 10.962 
140723215423 0.782 27.193 39.030 7.933 8.256 2.217 10.955 
140723220923 0.795 27.193 39.036 7.930 8.258 2.536 10.961 
140723222423 0.792 27.173 39.031 7.935 8.258 2.027 10.961 
140723223923 0.801 27.152 38.948 7.944 8.258 2.027 10.962 
140723225423 0.793 27.104 38.960 7.953 8.258 2.270 10.957 
140723230923 0.829 27.121 38.981 7.948 8.258 1.989 10.960 
140723232423 0.724 27.120 39.045 7.948 8.259 2.080 10.961 
140723233923 0.788 27.107 39.036 7.950 8.259 2.338 10.961 
140723235423 0.843 27.100 38.984 7.950 8.259 2.293 10.956 
150723000923 0.786 27.092 38.990 7.951 8.259 2.156 10.960 
150723002423 0.784 27.057 38.987 7.954 8.259 2.186 10.961 
150723003923 0.809 27.021 38.977 7.958 8.258 1.989 10.961 
150723005423 0.795 27.010 38.984 7.959 8.258 1.959 10.956 
150723010923 0.814 26.994 39.008 7.960 8.258 1.883 10.960 
150723012423 0.801 26.987 39.021 7.964 8.259 2.034 10.961 
150723013923 0.788 26.968 38.991 7.964 8.259 1.943 10.961 
150723015423 0.775 26.933 39.008 7.972 8.259 1.898 10.955 
150723020923 0.785 26.936 39.042 7.971 8.259 1.404 10.959 
150723022423 0.788 26.933 39.010 7.970 8.260 1.723 10.960 
150723023923 0.780 26.923 38.943 7.972 8.260 2.179 10.960 
150723025423 0.796 26.893 38.967 7.974 8.260 1.936 10.954 
150723030923 0.772 26.888 38.957 7.977 8.260 2.118 10.959 
150723032423 0.801 26.878 38.945 7.977 8.260 1.693 10.960 
150723033923 0.819 26.870 39.005 7.979 8.260 2.019 10.960 
150723035423 0.769 26.848 38.993 7.982 8.260 1.875 10.955 
150723040923 0.788 26.845 39.005 7.983 8.260 1.526 10.959 
150723042423 0.797 26.835 39.035 7.983 8.260 1.754 10.959 
150723043923 0.800 26.827 38.953 7.986 8.260 1.617 10.959 
150723045423 0.792 26.819 39.028 7.986 8.260 1.837 10.955 
150723050923 0.779 26.819 38.996 7.986 8.262 1.921 10.958 
150723052423 0.769 26.819 38.973 7.986 8.262 1.959 10.959 
150723053923 0.782 26.817 38.991 7.985 8.262 1.761 10.959 
150723055423 0.775 26.819 38.983 7.984 8.262 1.693 10.951 
150723060923 0.758 26.801 38.980 7.987 8.262 2.042 10.958 
150723062423 0.802 26.795 39.015 7.989 8.262 1.549 10.959 
150723063923 0.788 26.806 38.991 7.988 8.262 1.579 10.959 
150723065423 0.757 26.808 38.990 7.989 8.262 1.670 10.954 
150723070923 0.821 26.837 38.994 7.984 8.262 1.412 10.958 
150723072423 0.779 26.851 39.003 7.982 8.262 1.427 10.959 
150723073923 0.781 26.873 39.012 7.975 8.261 1.313 10.959 
150723075423 0.766 26.902 38.995 7.972 8.261 1.222 10.954 
150723080923 0.734 26.910 39.020 7.971 8.261 1.124 10.958 
150723082423 0.774 26.931 39.008 7.969 8.260 1.108 10.959 
150723083923 0.778 26.957 39.053 7.965 8.259 1.420 10.959 
150723085423 0.784 26.978 39.001 7.960 8.260 0.736 10.954 
150723090923 0.790 27.003 39.024 7.958 8.259 1.291 10.959 
150723092423 0.793 27.041 39.072 7.954 8.260 0.957 10.959 
150723093923 0.795 27.068 39.049 7.951 8.259 1.055 10.959 
150723095423 0.803 27.042 39.029 7.957 8.258 0.888 10.955 
150723100923 0.799 27.039 39.033 7.955 8.258 0.873 10.959 
150723102423 0.804 27.139 39.052 7.939 8.261 0.729 10.960 
150723103923 0.758 27.245 39.042 7.912 8.262 1.032 10.960 
150723105423 0.810 27.318 39.061 7.910 8.260 1.116 10.956 
150723110923 0.736 27.341 39.096 7.903 8.258 1.010 10.960 
150723112423 0.758 27.420 39.064 7.890 8.258 0.843 10.960 
150723113923 0.749 27.483 39.096 7.880 8.257 1.116 10.960 
150723115423 0.746 27.507 39.078 7.875 8.256 0.994 10.957 
150723120923 0.759 27.514 39.033 7.878 8.256 1.108 10.961 
150723122423 0.783 27.590 39.021 7.864 8.255 0.767 10.961 
150723123923 0.779 27.608 39.046 7.863 8.254 1.146 10.962 
150723125423 0.797 27.703 39.082 7.861 8.253 0.926 10.957 
150723130923 0.772 27.710 39.051 7.859 8.254 1.139 10.961 
150723132423 0.779 27.743 39.090 7.857 8.253 1.078 10.962 
150723133923 0.781 27.877 39.095 7.855 8.253 1.184 10.962 
150723135423 0.818 27.907 39.085 7.845 8.251 0.964 10.956 
150723140923 0.788 27.965 39.127 7.832 8.250 0.698 10.962 
150723142423 0.766 27.933 39.057 7.830 8.251 0.926 10.963 
