SAMBAT Sea Ti  C/T/D/Odo/Fluo/pH GPS : 50195 
V:0,Pression (0/50),dba
V:1,Température (-5/35),°C
V:2,Salinité (2/42),g/l
V:3,Oxygène (0/20),mgl
V:4,PH (0/14),pH
V:5,Fluorescence (0/500),ppb
V:6,Tension batterie,V
200523120744 0.792 17.663 37.856 9.911 8.275 1.306 10.766 
200523122243 0.736 17.659 37.841 9.915 8.275 1.382 10.854 
200523123743 0.833 17.660 37.874 9.918 8.276 1.769 10.810 
200523125243 0.831 17.649 37.852 9.924 8.276 1.769 10.873 
200523130743 0.809 17.650 37.861 9.926 8.276 1.716 10.888 
200523132243 0.773 17.645 37.840 9.931 8.275 2.050 10.894 
200523133743 0.779 17.642 37.839 9.933 8.276 1.807 10.823 
200523135243 0.818 17.640 37.838 9.935 8.277 2.262 10.879 
200523140743 0.762 17.652 37.851 9.938 8.276 1.981 10.892 
200523142243 0.805 17.668 37.870 9.934 8.277 1.822 10.896 
200523143743 0.819 17.671 37.850 9.938 8.276 1.928 10.823 
200523145243 0.778 17.679 37.822 9.937 8.277 1.943 10.880 
200523150743 0.797 17.719 37.704 9.925 8.280 2.110 10.892 
200523152243 0.794 17.713 37.775 9.929 8.279 2.110 10.896 
200523153743 0.733 17.726 37.776 9.928 8.279 2.201 10.823 
200523155243 0.807 17.711 37.823 9.933 8.279 2.740 10.881 
200523160743 0.766 17.716 37.815 9.934 8.278 2.141 10.893 
200523162243 0.804 17.716 37.821 9.937 8.278 2.399 10.897 
200523163743 0.787 17.655 37.881 9.958 8.276 2.718 10.824 
200523165243 0.717 17.659 37.840 9.959 8.276 2.270 10.881 
200523170743 0.699 17.678 37.879 9.954 8.276 2.703 10.893 
200523172243 0.774 17.681 37.789 9.955 8.276 2.566 10.897 
200523173743 0.809 17.687 37.786 9.953 8.276 3.204 10.823 
200523175243 0.763 17.690 37.789 9.954 8.276 2.832 10.880 
200523180743 0.757 17.689 37.784 9.955 8.276 2.687 10.892 
200523182243 0.791 17.695 37.857 9.954 8.276 2.786 10.897 
200523183743 0.831 17.692 37.872 9.955 8.276 3.287 10.822 
200523185243 0.755 17.698 37.975 9.954 8.276 3.249 10.880 
200523190743 0.849 17.699 37.684 9.953 8.276 3.082 10.892 
200523192243 0.783 17.701 38.034 9.953 8.276 3.560 10.897 
200523193743 0.796 17.696 37.629 9.953 8.276 3.295 10.820 
200523195243 0.744 17.691 37.577 9.955 8.276 2.900 10.879 
200523200743 0.751 17.664 38.042 9.961 8.276 2.938 10.892 
200523202243 0.751 17.640 37.984 9.965 8.277 3.105 10.896 
200523203743 0.729 17.645 37.987 9.965 8.277 2.900 10.820 
200523205243 0.847 17.635 37.978 9.962 8.277 3.143 10.879 
200523210743 0.781 17.644 37.991 9.961 8.277 3.553 10.892 
200523212243 0.810 17.638 38.019 9.959 8.277 3.150 10.896 
200523213743 0.808 17.638 37.979 9.958 8.277 3.416 10.821 
200523215243 0.775 17.628 37.998 9.958 8.277 3.014 10.879 
200523220743 0.754 17.631 38.001 9.955 8.277 3.067 10.892 
200523222243 0.798 17.623 38.002 9.956 8.277 2.361 10.896 
200523223743 0.809 17.625 37.998 9.954 8.277 2.657 10.822 
200523225243 0.784 17.621 38.007 9.954 8.277 2.816 10.879 
200523230743 0.818 17.618 38.000 9.953 8.277 2.611 10.892 
200523232243 0.821 17.617 38.005 9.950 8.277 3.257 10.896 
200523233743 0.820 17.610 37.990 9.950 8.277 3.067 10.807 
200523235243 0.823 17.605 38.007 9.949 8.277 3.014 10.876 
210523000743 0.829 17.608 38.041 9.947 8.277 2.672 10.890 
210523002243 0.808 17.605 37.958 9.946 8.278 3.219 10.895 
210523003743 0.805 17.616 37.975 9.939 8.278 3.128 10.820 
210523005243 0.832 17.598 37.939 9.945 8.278 2.596 10.878 
210523010743 0.817 17.595 37.958 9.945 8.278 2.786 10.891 
210523012243 0.771 17.591 37.948 9.945 8.278 2.771 10.895 
210523013743 0.821 17.557 37.911 9.951 8.279 3.249 10.816 
210523015243 0.826 17.578 37.834 9.946 8.279 2.892 10.877 
210523020743 0.792 17.600 38.035 9.941 8.279 3.241 10.890 
210523022243 0.819 17.580 37.953 9.940 8.279 2.657 10.894 
210523023743 0.790 17.560 37.970 9.945 8.279 3.621 10.819 
210523025243 0.790 17.568 37.948 9.943 8.279 2.968 10.877 
210523030743 0.744 17.582 37.996 9.935 8.279 2.832 10.890 
210523032243 0.759 17.579 37.965 9.935 8.279 3.325 10.894 
210523033743 0.794 17.604 37.995 9.923 8.279 2.968 10.830 
210523035243 0.752 17.607 38.001 9.923 8.279 4.084 10.880 
210523040743 0.773 17.601 37.994 9.923 8.279 2.300 10.891 
210523042243 0.814 17.580 37.984 9.934 8.279 2.961 10.894 
210523043743 0.804 17.563 37.982 9.936 8.279 2.816 10.821 
210523045243 0.795 17.602 38.035 9.928 8.280 2.885 10.878 
210523050743 0.782 17.572 38.013 9.935 8.280 3.014 10.890 
210523052243 0.809 17.538 37.983 9.944 8.280 3.591 10.894 
210523053743 0.783 17.536 37.996 9.946 8.280 2.991 10.819 
210523055243 0.787 17.542 37.984 9.947 8.280 3.074 10.877 
210523060743 0.804 17.535 37.933 9.949 8.280 2.422 10.890 
210523062243 0.791 17.550 37.783 9.948 8.279 2.740 10.894 
210523063743 0.766 17.550 37.784 9.949 8.279 2.452 10.820 
210523065243 0.797 17.568 37.787 9.947 8.279 1.852 10.877 
210523070743 0.787 17.570 37.804 9.948 8.279 2.361 10.889 
210523072243 0.769 17.552 37.932 9.956 8.280 1.898 10.893 
210523073743 0.785 17.561 37.979 9.955 8.280 2.050 10.816 
210523075243 0.810 17.563 37.944 9.959 8.280 2.429 10.876 
210523080743 0.794 17.580 37.971 9.958 8.279 1.905 10.889 
210523082243 0.817 17.589 37.976 9.959 8.279 2.710 10.894 
210523083743 0.788 17.604 37.868 9.953 8.280 1.883 10.714 
210523085243 0.775 17.623 37.914 9.953 8.278 1.579 10.868 
210523090743 0.815 17.636 37.928 9.955 8.278 1.981 10.886 
210523092243 0.768 17.652 37.929 9.957 8.277 1.473 10.892 
210523093743 0.772 17.647 38.005 9.962 8.277 1.473 10.820 
210523095243 0.796 17.655 37.991 9.964 8.277 1.116 10.877 
210523100743 0.770 17.638 38.000 9.971 8.276 1.207 10.890 
210523102243 0.809 17.649 37.978 9.973 8.276 1.374 10.894 
210523103743 0.761 17.618 37.990 9.983 8.276 1.344 10.821 
210523105243 0.838 17.606 37.944 9.989 8.276 1.161 10.878 
210523110743 0.796 17.591 37.874 10.002 8.276 1.260 10.890 
210523112243 0.769 17.608 37.897 9.999 8.276 1.518 10.894 
210523113743 0.779 17.610 37.875 9.996 8.277 0.873 10.705 
210523115243 0.793 17.663 37.944 10.007 8.276 0.994 10.865 
210523120743 0.790 17.585 37.970 10.027 8.275 1.063 10.886 
