SAMBAT Sea Ti  C/T/D/Odo/Fluo/pH GPS : 50195 
V:0,Pression (0/50),dba
V:1,Température (-5/35),°C
V:2,Salinité (2/42),g/l
V:3,Oxygène (0/20),mgl
V:4,PH (0/14),pH
V:5,Fluorescence (0/500),ppb
V:6,Tension batterie,V
251123110552 0.838 16.599 38.427 8.852 8.247 1.549 10.692 
251123112051 0.722 16.591 38.448 8.861 8.247 1.830 10.858 
251123113551 0.831 16.585 38.451 8.862 8.247 1.943 10.911 
251123115051 0.765 16.579 38.441 8.866 8.247 1.268 10.928 
251123120551 0.897 16.563 38.444 8.871 8.247 1.830 10.917 
251123122051 0.931 16.562 38.436 8.874 8.247 1.966 10.894 
251123123551 0.723 16.551 38.443 8.877 8.247 1.936 10.927 
251123125051 0.736 16.567 38.456 8.877 8.246 1.913 10.935 
251123130551 0.581 16.569 38.459 8.879 8.247 1.928 10.919 
251123132051 0.951 16.558 38.455 8.883 8.247 1.602 10.894 
251123133551 0.907 16.572 38.448 8.883 8.247 2.194 10.927 
251123135051 0.821 16.566 38.450 8.886 8.248 2.080 10.934 
251123140551 0.782 16.564 38.414 8.890 8.247 2.452 10.914 
251123142051 0.858 16.562 38.430 8.894 8.247 2.323 10.893 
251123143551 0.763 16.568 38.430 8.899 8.248 2.194 10.927 
251123145051 0.714 16.568 38.436 8.904 8.248 2.794 10.933 
251123150551 0.955 16.568 38.438 8.912 8.248 2.839 10.919 
251123152051 0.984 16.586 38.441 8.913 8.248 2.611 10.893 
251123153551 0.818 16.579 38.445 8.918 8.248 3.644 10.926 
251123155051 0.674 16.603 38.442 8.915 8.247 4.213 10.933 
251123160551 0.900 16.595 38.451 8.924 8.247 4.547 10.917 
251123162051 0.827 16.594 38.444 8.932 8.248 4.684 10.892 
251123163551 0.860 16.572 38.450 8.940 8.248 4.638 10.925 
251123165051 0.821 16.584 38.452 8.940 8.248 4.236 10.932 
251123170551 0.739 16.582 38.451 8.947 8.247 4.486 10.903 
251123172051 0.861 16.575 38.452 8.950 8.248 5.018 10.890 
251123173551 0.870 16.550 38.441 8.957 8.248 4.433 10.924 
251123175051 0.764 16.579 38.454 8.948 8.248 5.595 10.931 
251123180551 0.727 16.580 38.450 8.949 8.248 4.616 10.902 
251123182051 0.852 16.558 38.451 8.956 8.248 5.147 10.890 
251123183551 0.880 16.541 38.450 8.961 8.249 5.572 10.923 
251123185051 0.861 16.568 38.453 8.956 8.249 5.473 10.930 
251123190551 0.799 16.574 38.453 8.954 8.248 5.489 10.917 
251123192051 0.917 16.571 38.456 8.954 8.248 4.858 10.891 
251123193551 0.891 16.572 38.458 8.951 8.248 4.388 10.923 
251123195051 0.801 16.553 38.453 8.957 8.249 4.828 10.930 
251123200551 0.767 16.548 38.455 8.958 8.248 4.934 10.914 
251123202051 0.920 16.581 38.461 8.951 8.250 4.965 10.890 
251123203551 0.888 16.589 38.461 8.949 8.251 5.208 10.923 
251123205051 0.885 16.589 38.461 8.949 8.250 4.980 10.929 
251123210551 0.951 16.587 38.460 8.950 8.250 4.950 10.901 
251123212051 0.887 16.609 38.462 8.942 8.250 5.132 10.888 
251123213551 0.934 16.617 38.461 8.943 8.250 4.077 10.921 
251123215051 0.809 16.588 38.473 8.948 8.250 4.881 10.929 
251123220551 0.870 16.590 38.461 8.957 8.249 4.699 10.913 
251123222051 0.892 16.612 38.461 8.950 8.250 4.843 10.889 
251123223551 0.870 16.563 38.464 8.967 8.250 5.025 10.921 
251123225051 0.874 16.603 38.463 8.956 8.250 4.631 10.928 
251123230551 0.820 16.599 38.461 8.959 8.250 4.942 10.914 
251123232051 0.908 16.568 38.466 8.971 8.249 4.767 10.889 
251123233551 0.867 16.551 38.461 8.977 8.248 4.061 10.921 
251123235051 0.892 16.537 38.466 8.982 8.249 4.866 10.927 
261123000551 0.841 16.559 38.465 8.978 8.250 4.798 10.899 
261123002051 0.936 16.554 38.463 8.979 8.249 5.109 10.887 
261123003551 0.884 16.552 38.464 8.981 8.249 5.701 10.919 
261123005051 0.887 16.547 38.480 8.983 8.249 4.069 10.927 
261123010551 0.878 16.540 38.468 8.987 8.249 3.925 10.912 
261123012051 0.987 16.578 38.474 8.976 8.249 4.054 10.888 
261123013551 0.883 16.551 38.474 8.984 8.248 4.540 10.919 
261123015051 0.885 16.520 38.472 8.990 8.248 4.373 10.926 
261123020551 0.904 16.566 38.473 8.985 8.248 4.456 10.912 
261123022051 0.947 16.559 38.473 8.987 8.248 4.752 10.888 
261123023551 0.821 16.537 38.467 8.993 8.248 4.357 10.919 
261123025051 0.871 16.557 38.476 8.986 8.248 4.244 10.926 
261123030551 0.850 16.548 38.472 8.990 8.248 4.168 10.898 
261123032051 0.837 16.531 38.468 8.995 8.248 4.464 10.886 
261123033551 0.834 16.554 38.468 8.990 8.248 4.471 10.918 
261123035051 0.852 16.549 38.476 8.988 8.248 4.707 10.925 
261123040551 0.912 16.530 38.470 8.993 8.248 4.623 10.908 
261123042051 0.817 16.554 38.480 8.986 8.248 4.282 10.886 
261123043551 0.866 16.556 38.474 8.988 8.248 3.887 10.918 
261123045051 0.874 16.544 38.478 8.991 8.249 4.426 10.925 
261123050551 0.895 16.543 38.472 8.992 8.249 4.578 10.910 
261123052051 0.854 16.538 38.475 8.994 8.248 4.684 10.887 
261123053551 0.907 16.541 38.474 8.992 8.248 4.092 10.918 
261123055051 0.874 16.519 38.482 8.994 8.248 4.107 10.925 
261123060551 0.944 16.538 38.471 8.992 8.248 4.054 10.907 
261123062051 0.892 16.550 38.474 8.990 8.250 4.388 10.886 
261123063551 0.871 16.554 38.457 8.992 8.250 3.743 10.917 
261123065051 0.924 16.550 38.476 8.992 8.249 3.970 10.925 
261123070551 0.873 16.547 38.467 8.996 8.250 3.818 10.909 
261123072051 0.875 16.543 38.484 8.989 8.250 4.798 10.886 
261123073551 0.863 16.563 38.469 8.989 8.250 4.494 10.917 
261123075051 0.886 16.575 38.477 8.986 8.250 3.606 10.924 
261123080551 0.899 16.591 38.475 8.982 8.250 3.727 10.909 
261123082051 0.877 16.614 38.475 8.977 8.252 4.137 10.886 
261123083551 0.874 16.625 38.474 8.977 8.252 2.968 10.917 
261123085051 0.886 16.627 38.481 8.977 8.252 2.255 10.924 
261123090551 0.871 16.621 38.476 8.979 8.251 2.209 10.908 
261123092051 0.869 16.622 38.479 8.979 8.251 1.905 10.885 
261123093551 0.899 16.632 38.480 8.981 8.251 2.536 10.917 
261123095051 0.876 16.638 38.474 8.982 8.251 2.164 10.924 
261123100551 0.869 16.633 38.483 8.983 8.250 1.754 10.908 
261123102051 0.887 16.649 38.484 8.984 8.250 2.004 10.886 
261123103551 0.886 16.651 38.486 8.985 8.251 1.564 10.916 
261123105051 0.857 16.642 38.490 8.988 8.250 1.693 10.924 
261123110551 0.882 16.639 38.487 8.991 8.249 1.662 10.908 
