SAMBAT Sea Ti  C/T/D/Odo/Fluo/pH GPS : 50195 
V:0,Pression (0/50),dba
V:1,Température (-5/35),°C
V:2,Salinité (2/42),g/l
V:3,Oxygène (0/20),mgl
V:4,PH (0/14),pH
V:5,Fluorescence (0/500),ppb
V:6,Tension batterie,V
021223112254 0.853 16.667 38.487 9.168 8.240 1.723 10.750 
021223113753 0.777 16.660 38.484 9.170 8.240 1.435 10.829 
021223115253 0.745 16.662 38.479 9.169 8.240 1.890 10.857 
021223120753 0.938 16.667 38.477 9.168 8.240 1.526 10.854 
021223122253 0.580 16.681 38.485 9.162 8.239 1.359 10.839 
021223123753 0.798 16.677 38.479 9.164 8.240 1.495 10.864 
021223125253 0.694 16.668 38.476 9.165 8.240 1.678 10.873 
021223130753 0.870 16.670 38.477 9.165 8.239 1.556 10.856 
021223132253 0.694 16.668 38.480 9.164 8.239 1.268 10.840 
021223133753 0.672 16.670 38.482 9.162 8.239 1.693 10.865 
021223135253 0.814 16.670 38.480 9.163 8.239 2.042 10.874 
021223140753 0.827 16.688 38.485 9.160 8.240 1.571 10.839 
021223142253 0.560 16.687 38.481 9.160 8.240 1.860 10.837 
021223143753 0.784 16.681 38.481 9.165 8.239 1.647 10.864 
021223145253 0.762 16.681 38.472 9.164 8.239 1.792 10.873 
021223150753 0.834 16.680 38.474 9.167 8.239 1.921 10.855 
021223152253 0.809 16.666 38.478 9.172 8.239 1.997 10.838 
021223153753 0.814 16.673 38.473 9.171 8.239 2.437 10.865 
021223155253 0.989 16.657 38.473 9.171 8.240 2.839 10.871 
021223160753 0.657 16.662 38.478 9.170 8.240 3.576 10.836 
021223162253 0.793 16.670 38.474 9.168 8.240 4.312 10.834 
021223163753 0.721 16.677 38.472 9.166 8.240 3.712 10.860 
021223165253 0.689 16.677 38.472 9.168 8.240 4.160 10.869 
021223170753 0.820 16.675 38.473 9.166 8.240 3.788 10.856 
021223172253 0.932 16.692 38.467 9.163 8.240 3.158 10.837 
021223173753 0.704 16.700 38.467 9.165 8.240 3.674 10.862 
021223175253 0.765 16.703 38.469 9.160 8.240 4.061 10.871 
021223180753 0.942 16.713 38.470 9.158 8.239 3.788 10.839 
021223182253 0.878 16.716 38.462 9.158 8.239 3.576 10.834 
021223183753 0.852 16.711 38.470 9.160 8.239 3.735 10.860 
021223185253 0.706 16.706 38.468 9.160 8.239 3.211 10.870 
021223190753 0.683 16.716 38.469 9.158 8.239 2.915 10.858 
021223192253 0.941 16.724 38.474 9.152 8.239 3.325 10.835 
021223193753 0.942 16.729 38.463 9.155 8.239 3.348 10.857 
021223195253 0.859 16.727 38.468 9.150 8.239 3.302 10.869 
021223200753 0.824 16.745 38.472 9.148 8.239 3.393 10.856 
021223202253 0.832 16.749 38.468 9.150 8.239 3.120 10.837 
021223203753 0.899 16.769 38.470 9.145 8.239 3.393 10.861 
021223205253 0.883 16.768 38.474 9.143 8.239 3.166 10.869 
021223210753 0.817 16.750 38.466 9.146 8.239 3.044 10.835 
021223212253 0.854 16.760 38.470 9.144 8.239 3.135 10.830 
021223213753 0.780 16.763 38.466 9.145 8.239 2.983 10.857 
021223215253 0.653 16.772 38.462 9.144 8.239 3.241 10.867 
021223220753 0.934 16.790 38.468 9.137 8.238 2.923 10.852 
021223222253 0.878 16.765 38.467 9.142 8.239 3.401 10.835 
021223223753 1.030 16.769 38.456 9.144 8.239 3.021 10.859 
021223225253 0.719 16.785 38.467 9.138 8.238 2.892 10.866 
021223230753 0.819 16.772 38.473 9.139 8.239 2.976 10.852 
021223232253 0.675 16.756 38.466 9.142 8.238 2.907 10.832 
021223233753 0.960 16.752 38.474 9.141 8.238 3.279 10.857 
021223235253 0.870 16.761 38.465 9.140 8.238 2.801 10.866 
031223000753 0.797 16.745 38.458 9.142 8.238 3.264 10.854 
031223002253 0.966 16.765 38.466 9.138 8.239 2.809 10.834 
031223003753 0.927 16.759 38.477 9.136 8.238 3.340 10.858 
031223005253 0.855 16.765 38.467 9.136 8.238 4.274 10.866 
031223010753 0.958 16.780 38.467 9.133 8.238 2.801 10.835 
031223012253 0.811 16.769 38.467 9.132 8.238 4.388 10.829 
031223013753 0.781 16.772 38.467 9.132 8.238 2.816 10.856 
031223015253 0.850 16.776 38.466 9.130 8.239 2.885 10.861 
031223020753 0.812 16.767 38.469 9.129 8.238 2.999 10.852 
031223022253 0.955 16.770 38.466 9.130 8.239 3.021 10.833 
031223023753 0.943 16.786 38.468 9.126 8.239 2.930 10.857 
031223025253 0.783 16.768 38.473 9.126 8.239 2.885 10.864 
031223030753 0.803 16.779 38.473 9.125 8.239 3.522 10.832 
031223032253 0.889 16.771 38.474 9.124 8.239 3.105 10.828 
031223033753 0.951 16.769 38.465 9.122 8.239 2.816 10.854 
031223035253 0.888 16.765 38.473 9.123 8.239 2.907 10.864 
031223040753 0.779 16.782 38.470 9.117 8.239 3.105 10.852 
031223042253 0.919 16.761 38.463 9.118 8.239 2.794 10.832 
031223043753 0.952 16.766 38.468 9.115 8.239 2.642 10.855 
031223045253 0.836 16.787 38.467 9.112 8.239 2.900 10.864 
031223050753 0.885 16.771 38.471 9.112 8.239 3.158 10.833 
031223052253 0.894 16.748 38.468 9.116 8.238 3.204 10.827 
031223053753 0.942 16.759 38.470 9.112 8.239 3.082 10.854 
031223055253 0.925 16.762 38.471 9.112 8.239 2.627 10.863 
031223060753 0.914 16.768 38.469 9.111 8.239 2.740 10.851 
031223062253 0.908 16.760 38.469 9.110 8.239 3.279 10.831 
031223063753 0.927 16.761 38.469 9.110 8.239 2.832 10.855 
031223065253 0.939 16.742 38.468 9.114 8.239 2.786 10.863 
031223070753 0.895 16.725 38.471 9.115 8.239 3.052 10.850 
031223072253 1.004 16.715 38.469 9.118 8.240 2.907 10.830 
031223073753 0.909 16.707 38.467 9.118 8.240 3.181 10.854 
031223075253 0.949 16.714 38.474 9.114 8.240 2.771 10.863 
031223080753 0.999 16.735 38.470 9.108 8.240 2.809 10.849 
031223082253 0.920 16.727 38.468 9.110 8.240 2.786 10.830 
031223083753 0.889 16.740 38.474 9.106 8.240 2.255 10.853 
031223085253 0.938 16.734 38.470 9.105 8.239 2.862 10.861 
031223090753 0.865 16.732 38.460 9.107 8.239 2.353 10.829 
031223092253 0.908 16.751 38.470 9.101 8.240 2.558 10.824 
031223093753 0.886 16.738 38.468 9.102 8.239 2.270 10.851 
031223095253 0.988 16.763 38.470 9.096 8.239 1.511 10.859 
031223100753 0.946 16.765 38.471 9.095 8.238 1.564 10.846 
031223102253 0.908 16.769 38.470 9.094 8.238 2.270 10.826 
031223103753 0.960 16.776 38.467 9.096 8.238 1.389 10.852 
031223105253 0.917 16.774 38.469 9.098 8.238 1.328 10.860 
031223110753 1.003 16.787 38.471 9.095 8.237 1.184 10.849 
031223112253 0.947 16.799 38.471 9.093 8.238 1.708 10.828 
