SAMBAT Sea Ti  C/T/D/Odo/Fluo/pH GPS : 50195 
V:0,Pression (0/50),dba
V:1,Température (-5/35),°C
V:2,Salinité (2/42),g/l
V:3,Oxygène (0/20),mgl
V:4,PH (0/14),pH
V:5,Fluorescence (0/500),ppb
V:6,Tension batterie,V
031223112517 0.903 16.798 38.468 9.094 8.238 1.792 10.749 
031223114016 0.982 16.786 38.473 9.096 8.238 2.065 10.829 
031223115516 0.905 16.785 38.470 9.096 8.238 2.080 10.856 
031223121016 0.923 16.787 38.470 9.094 8.238 1.609 10.846 
031223122516 0.955 16.786 38.470 9.095 8.237 1.655 10.840 
031223124016 0.961 16.804 38.471 9.089 8.237 2.057 10.862 
031223125516 1.017 16.818 38.470 9.086 8.238 1.526 10.870 
031223131016 0.933 16.819 38.473 9.088 8.237 1.108 10.862 
031223132516 1.021 16.836 38.473 9.089 8.237 1.723 10.845 
031223134016 0.896 16.825 38.472 9.091 8.237 1.427 10.865 
031223135516 0.937 16.825 38.471 9.093 8.238 1.245 10.873 
031223141016 0.948 16.844 38.475 9.094 8.237 1.374 10.862 
031223142516 0.918 16.847 38.474 9.096 8.237 2.080 10.846 
031223144016 1.023 16.830 38.472 9.100 8.238 2.414 10.866 
031223145516 0.929 16.826 38.473 9.102 8.238 2.270 10.873 
031223151016 0.912 16.815 38.472 9.105 8.238 2.657 10.847 
031223152516 0.936 16.806 38.456 9.113 8.238 1.792 10.842 
031223154016 0.904 16.806 38.471 9.111 8.238 3.264 10.864 
031223155516 0.943 16.792 38.469 9.116 8.238 2.801 10.871 
031223161016 0.927 16.803 38.472 9.116 8.238 2.490 10.862 
031223162516 0.966 16.794 38.473 9.117 8.238 2.854 10.844 
031223164016 0.913 16.778 38.475 9.119 8.238 3.158 10.865 
031223165516 0.923 16.777 38.467 9.123 8.238 4.130 10.872 
031223171016 1.000 16.770 38.469 9.124 8.239 2.968 10.846 
031223172516 1.013 16.762 38.470 9.124 8.239 3.507 10.841 
031223174016 0.974 16.764 38.480 9.123 8.238 3.295 10.862 
031223175516 0.910 16.761 38.471 9.126 8.238 2.976 10.870 
031223181016 0.952 16.733 38.477 9.132 8.238 3.325 10.861 
031223182516 0.983 16.751 38.466 9.132 8.238 3.500 10.844 
031223184016 0.991 16.743 38.469 9.135 8.238 3.834 10.864 
031223185516 0.974 16.744 38.469 9.137 8.238 4.411 10.871 
031223191016 0.945 16.747 38.473 9.137 8.237 3.834 10.860 
031223192516 0.935 16.748 38.468 9.140 8.238 3.393 10.843 
031223194016 0.921 16.741 38.467 9.141 8.237 3.826 10.863 
031223195516 0.957 16.752 38.476 9.141 8.237 3.325 10.870 
031223201016 1.024 16.742 38.475 9.145 8.237 3.682 10.860 
031223202516 0.955 16.737 38.479 9.148 8.237 4.540 10.843 
031223204016 0.923 16.735 38.469 9.149 8.237 3.621 10.863 
031223205516 0.995 16.767 38.477 9.143 8.238 3.894 10.870 
031223211016 0.929 16.792 38.477 9.142 8.239 3.371 10.845 
031223212516 1.003 16.779 38.475 9.147 8.238 3.454 10.839 
031223214016 0.948 16.792 38.476 9.148 8.238 2.892 10.861 
031223215516 0.967 16.779 38.480 9.154 8.238 3.074 10.869 
031223221016 0.972 16.777 38.475 9.158 8.238 3.963 10.860 
031223222516 0.926 16.778 38.473 9.161 8.238 3.173 10.842 
031223224016 1.017 16.794 38.479 9.160 8.238 3.143 10.862 
031223225516 0.978 16.785 38.479 9.165 8.238 3.606 10.870 
031223231016 0.972 16.779 38.477 9.168 8.238 3.386 10.860 
031223232516 0.965 16.760 38.473 9.177 8.238 3.765 10.843 
031223234016 1.025 16.776 38.474 9.176 8.238 3.074 10.863 
031223235516 0.932 16.758 38.476 9.180 8.238 3.295 10.870 
041223001016 0.976 16.771 38.471 9.181 8.238 3.052 10.859 
041223002516 0.996 16.766 38.476 9.184 8.237 3.097 10.842 
041223004016 0.997 16.756 38.474 9.191 8.238 3.234 10.862 
041223005516 0.987 16.764 38.474 9.191 8.238 3.439 10.870 
041223011016 0.986 16.764 38.472 9.193 8.238 3.431 10.844 
041223012516 0.965 16.752 38.481 9.193 8.238 3.522 10.839 
041223014016 0.925 16.738 38.470 9.196 8.238 2.847 10.860 
041223015516 0.970 16.733 38.481 9.197 8.238 4.077 10.868 
041223021016 0.969 16.742 38.474 9.197 8.238 2.938 10.858 
041223022516 0.932 16.745 38.472 9.197 8.238 3.697 10.842 
041223024016 0.980 16.741 38.480 9.197 8.238 3.409 10.862 
041223025516 1.004 16.745 38.480 9.196 8.238 4.304 10.868 
041223031016 0.998 16.738 38.475 9.196 8.238 3.059 10.858 
041223032516 1.004 16.728 38.476 9.195 8.238 3.348 10.841 
041223034016 0.973 16.726 38.474 9.196 8.238 3.211 10.861 
041223035516 0.946 16.731 38.478 9.192 8.238 4.486 10.868 
041223041016 0.949 16.725 38.477 9.194 8.238 3.241 10.849 
041223042516 0.990 16.726 38.469 9.192 8.238 2.915 10.839 
041223044016 0.943 16.721 38.472 9.191 8.238 3.333 10.860 
041223045516 0.947 16.714 38.475 9.192 8.238 3.583 10.868 
041223051016 0.988 16.720 38.476 9.188 8.237 3.545 10.857 
041223052516 0.955 16.727 38.477 9.185 8.238 4.130 10.841 
041223054016 0.997 16.722 38.477 9.186 8.238 3.553 10.860 
041223055516 0.976 16.718 38.476 9.187 8.238 3.659 10.868 
041223061016 0.971 16.715 38.482 9.183 8.238 4.122 10.857 
041223062516 0.958 16.730 38.480 9.180 8.238 2.771 10.840 
041223064016 0.962 16.718 38.484 9.181 8.238 2.543 10.860 
041223065516 0.962 16.725 38.477 9.179 8.239 3.074 10.868 
041223071016 0.960 16.735 38.478 9.176 8.238 3.135 10.842 
041223072516 1.007 16.731 38.476 9.175 8.239 3.052 10.837 
041223074016 0.952 16.729 38.478 9.176 8.239 3.135 10.858 
041223075516 0.972 16.724 38.478 9.179 8.239 3.477 10.866 
041223081016 0.945 16.735 38.478 9.175 8.239 3.120 10.857 
041223082516 0.938 16.728 38.478 9.177 8.239 2.938 10.840 
041223084016 0.995 16.738 38.475 9.174 8.239 3.424 10.859 
041223085516 0.985 16.733 38.480 9.173 8.239 2.778 10.867 
041223091016 0.985 16.716 38.477 9.178 8.239 2.733 10.856 
041223092516 0.935 16.732 38.476 9.173 8.239 2.665 10.840 
041223094016 0.964 16.728 38.478 9.173 8.239 2.391 10.860 
041223095516 0.964 16.725 38.477 9.174 8.239 2.429 10.867 
041223101016 0.968 16.723 38.472 9.176 8.238 1.738 10.855 
041223102516 0.946 16.718 38.478 9.178 8.238 1.898 10.839 
041223104016 0.973 16.711 38.479 9.177 8.238 1.974 10.860 
041223105516 0.927 16.723 38.476 9.174 8.238 1.754 10.867 
041223111016 0.954 16.713 38.480 9.175 8.238 1.647 10.842 
041223112516 0.913 16.709 38.472 9.178 8.238 1.867 10.836 
