SAMBAT Sea Ti  C/T/D/Odo/Fluo/pH GPS : 50195 
V:0,Pression (0/50),dba
V:1,Température (-5/35),°C
V:2,Salinité (2/42),g/l
V:3,Oxygène (0/20),mgl
V:4,PH (0/14),pH
V:5,Fluorescence (0/500),ppb
V:6,Tension batterie,V
180623131859 0.840 24.801 38.324 8.404 8.248 0.759 10.827 
180623133358 0.827 24.819 38.249 8.408 8.247 0.478 10.928 
180623134858 0.832 24.741 38.268 8.424 8.247 0.607 10.927 
180623140358 0.794 24.794 38.254 8.416 8.248 0.721 10.942 
180623141858 0.816 24.948 38.229 8.389 8.247 0.364 10.945 
180623143358 0.799 24.960 38.244 8.388 8.246 0.486 10.946 
180623144858 0.823 24.996 38.263 8.376 8.246 0.380 10.932 
180623150358 0.807 25.053 38.267 8.366 8.244 0.782 10.944 
180623151858 0.833 25.115 38.275 8.349 8.245 0.486 10.946 
180623153358 0.794 25.130 38.283 8.342 8.243 0.752 10.948 
180623154858 0.851 25.142 38.277 8.342 8.243 0.774 10.927 
180623160358 0.767 25.065 38.253 8.364 8.242 0.653 10.945 
180623161858 0.795 25.070 38.334 8.349 8.243 0.721 10.947 
180623163358 0.782 25.109 38.266 8.353 8.243 0.706 10.948 
180623164858 0.810 25.155 38.271 8.338 8.242 0.782 10.928 
180623170358 0.827 25.149 38.278 8.348 8.242 0.615 10.945 
180623171858 0.789 25.183 38.269 8.340 8.242 0.987 10.947 
180623173358 0.807 25.168 38.280 8.341 8.242 0.941 10.948 
180623174858 0.808 25.204 38.250 8.349 8.243 1.511 10.932 
180623180358 0.791 25.196 38.270 8.350 8.243 1.139 10.946 
180623181858 0.790 25.100 38.266 8.375 8.242 1.237 10.948 
180623183358 0.815 25.049 38.264 8.390 8.241 1.139 10.949 
180623184858 0.797 24.944 38.269 8.403 8.243 1.571 10.929 
180623190358 0.793 24.798 38.257 8.453 8.242 1.146 10.945 
180623191858 0.795 24.855 38.279 8.423 8.243 1.693 10.947 
180623193358 0.803 24.825 38.310 8.451 8.244 1.822 10.948 
180623194858 0.792 24.851 38.202 8.452 8.245 1.837 10.928 
180623200358 0.809 24.542 38.239 8.496 8.244 1.511 10.944 
180623201858 0.830 24.770 38.303 8.438 8.246 1.678 10.946 
180623203358 0.801 24.804 38.293 8.441 8.245 1.397 10.947 
180623204858 0.792 24.906 38.283 8.423 8.246 1.564 10.933 
180623210358 0.809 24.801 38.231 8.454 8.243 1.518 10.945 
180623211858 0.804 24.886 38.285 8.425 8.245 1.480 10.946 
180623213358 0.809 24.878 38.285 8.428 8.244 1.602 10.947 
180623214858 0.811 24.868 38.279 8.432 8.244 1.420 10.930 
180623220358 0.814 24.839 38.283 8.438 8.243 1.966 10.945 
180623221858 0.796 24.794 38.282 8.442 8.243 1.412 10.946 
180623223358 0.811 24.778 38.283 8.445 8.245 1.716 10.947 
180623224858 0.816 24.610 38.268 8.487 8.244 1.867 10.926 
180623230358 0.807 24.492 38.261 8.515 8.241 1.784 10.943 
180623231858 0.820 24.394 38.294 8.516 8.243 1.397 10.945 
180623233358 0.813 24.212 38.247 8.517 8.243 1.647 10.945 
180623234858 0.806 24.430 38.278 8.487 8.248 1.511 10.927 
190623000358 0.813 24.395 38.262 8.498 8.248 1.708 10.942 
190623001858 0.813 24.479 38.281 8.479 8.250 1.640 10.944 
190623003358 0.812 24.428 38.276 8.492 8.247 1.807 10.945 
190623004858 0.809 24.366 38.272 8.490 8.248 1.814 10.930 
190623010358 0.803 24.353 38.275 8.489 8.245 1.640 10.942 
190623011858 0.808 24.333 38.273 8.487 8.247 1.359 10.944 
190623013358 0.801 24.305 38.274 8.485 8.246 1.693 10.945 
190623014858 0.810 24.267 38.273 8.482 8.246 1.283 10.923 
190623020358 0.815 24.240 38.273 8.478 8.248 1.655 10.941 
190623021858 0.802 24.216 38.269 8.475 8.250 1.769 10.943 
190623023358 0.809 24.199 38.270 8.475 8.249 1.860 10.944 
190623024858 0.800 24.189 38.270 8.471 8.249 1.533 10.928 
190623030358 0.811 24.192 38.273 8.469 8.248 1.579 10.941 
190623031858 0.812 24.200 38.269 8.465 8.245 1.814 10.943 
190623033358 0.812 24.193 38.270 8.461 8.246 1.640 10.943 
190623034858 0.807 24.191 38.274 8.458 8.249 1.321 10.928 
190623040358 0.809 24.185 38.271 8.455 8.248 1.875 10.940 
190623041858 0.809 24.179 38.271 8.452 8.248 2.019 10.943 
190623043358 0.815 24.167 38.272 8.450 8.247 2.042 10.943 
190623044858 0.794 24.157 38.271 8.450 8.251 1.625 10.922 
190623050358 0.808 24.146 38.272 8.450 8.249 1.389 10.940 
190623051858 0.816 24.133 38.273 8.451 8.251 1.602 10.942 
190623053358 0.815 24.130 38.271 8.450 8.252 1.761 10.940 
190623054858 0.818 24.122 38.272 8.448 8.251 1.298 10.926 
190623060358 0.809 24.111 38.272 8.449 8.253 1.321 10.940 
190623061858 0.793 24.091 38.271 8.449 8.253 1.442 10.942 
190623063358 0.796 24.102 38.272 8.449 8.253 1.169 10.940 
190623064858 0.796 24.102 38.271 8.449 8.254 0.957 10.928 
190623070358 0.796 24.108 38.271 8.451 8.254 1.192 10.940 
190623071858 0.798 24.130 38.273 8.451 8.255 0.698 10.942 
190623073358 0.817 24.160 38.276 8.452 8.255 1.032 10.942 
190623074858 0.817 24.167 38.271 8.454 8.254 0.706 10.920 
190623080358 0.803 24.248 38.273 8.455 8.255 0.736 10.939 
190623081858 0.813 24.299 38.266 8.455 8.256 0.820 10.942 
190623083358 0.799 24.316 38.267 8.458 8.255 0.926 10.942 
190623084858 0.816 24.351 38.284 8.458 8.255 0.911 10.928 
190623090358 0.803 24.369 38.272 8.461 8.254 0.873 10.940 
190623091858 0.814 24.401 38.258 8.464 8.254 0.554 10.942 
190623093358 0.810 24.445 38.274 8.463 8.255 0.554 10.943 
190623094858 0.811 24.614 38.276 8.426 8.254 0.357 10.928 
190623100358 0.801 24.544 38.268 8.444 8.253 0.911 10.941 
190623101858 0.815 24.477 38.254 8.462 8.253 0.524 10.943 
190623103358 0.782 24.574 38.261 8.444 8.253 0.607 10.944 
190623104858 0.800 24.464 38.259 8.472 8.252 0.964 10.923 
190623110358 0.792 24.686 38.271 8.420 8.254 0.934 10.941 
190623111858 0.794 24.647 38.295 8.433 8.253 0.691 10.944 
190623113358 0.808 24.772 38.276 8.403 8.253 0.615 10.945 
190623114858 0.807 24.791 38.238 8.407 8.252 0.600 10.931 
190623120358 0.790 24.870 38.262 8.397 8.250 0.524 10.943 
190623121858 0.807 24.964 38.264 8.372 8.250 0.493 10.945 
190623123358 0.785 24.923 38.258 8.378 8.248 0.501 10.945 
190623124858 0.801 25.291 38.289 8.308 8.247 0.698 10.932 
190623130358 0.789 25.480 38.284 8.268 8.247 0.395 10.944 
190623131858 0.791 25.325 38.283 8.298 8.244 0.691 10.947 
