SAMBAT Sea Ti  C/T/D/Odo/Fluo/pH GPS : 50195 
V:0,Pression (0/50),dba
V:1,Température (-5/35),°C
V:2,Salinité (2/42),g/l
V:3,Oxygène (0/20),mgl
V:4,PH (0/14),pH
V:5,Fluorescence (0/500),ppb
V:6,Tension batterie,V
301123111806 0.797 16.720 38.510 9.120 8.247 1.708 10.770 
301123113305 0.803 16.727 38.511 9.118 8.247 2.027 10.847 
301123114805 0.790 16.738 38.506 9.119 8.247 1.845 10.876 
301123120305 0.732 16.752 38.510 9.119 8.247 1.822 10.836 
301123121805 0.745 16.743 38.508 9.122 8.246 1.670 10.825 
301123123305 0.767 16.770 38.511 9.117 8.246 1.253 10.875 
301123124805 0.790 16.777 38.510 9.118 8.246 1.754 10.888 
301123130305 0.769 16.777 38.507 9.120 8.247 1.997 10.868 
301123131805 0.736 16.772 38.508 9.123 8.247 1.997 10.831 
301123133305 0.703 16.786 38.510 9.121 8.247 2.232 10.879 
301123134805 0.684 16.785 38.511 9.122 8.246 2.072 10.890 
301123140305 0.712 16.785 38.513 9.126 8.246 1.769 10.870 
301123141805 0.782 16.810 38.513 9.119 8.246 1.609 10.831 
301123143305 0.809 16.814 38.512 9.120 8.246 1.716 10.879 
301123144805 0.736 16.812 38.508 9.123 8.246 2.027 10.890 
301123150305 0.718 16.806 38.509 9.128 8.246 2.019 10.840 
301123151805 0.759 16.806 38.515 9.128 8.246 2.088 10.827 
301123153305 0.724 16.815 38.513 9.127 8.246 2.604 10.877 
301123154805 0.860 16.822 38.513 9.128 8.246 3.173 10.889 
301123160305 0.756 16.813 38.510 9.129 8.246 4.471 10.868 
301123161805 0.868 16.809 38.512 9.131 8.246 3.841 10.831 
301123163305 0.834 16.794 38.505 9.141 8.246 4.054 10.878 
301123164805 0.791 16.787 38.510 9.143 8.247 4.228 10.889 
301123170305 0.810 16.781 38.509 9.145 8.246 4.433 10.839 
301123171805 0.818 16.773 38.507 9.147 8.246 3.636 10.826 
301123173305 0.827 16.768 38.516 9.152 8.246 4.160 10.875 
301123174805 0.775 16.762 38.508 9.153 8.246 3.659 10.888 
301123180305 0.748 16.769 38.504 9.153 8.246 4.023 10.868 
301123181805 0.787 16.763 38.508 9.153 8.246 3.446 10.829 
301123183305 0.774 16.764 38.511 9.155 8.246 3.454 10.877 
301123184805 0.749 16.741 38.504 9.160 8.246 4.411 10.888 
301123190305 0.740 16.745 38.503 9.163 8.246 3.431 10.866 
301123191805 0.775 16.738 38.496 9.167 8.246 3.386 10.828 
301123193305 0.817 16.741 38.499 9.168 8.246 3.287 10.876 
301123194805 0.708 16.729 38.499 9.172 8.246 4.198 10.887 
301123200305 0.727 16.728 38.509 9.173 8.246 4.130 10.866 
301123201805 0.779 16.719 38.517 9.175 8.246 4.114 10.828 
301123203305 0.781 16.693 38.508 9.187 8.246 4.236 10.875 
301123204805 0.757 16.706 38.517 9.181 8.246 4.023 10.887 
301123210305 0.854 16.719 38.509 9.182 8.245 3.910 10.836 
301123211805 0.717 16.729 38.510 9.182 8.245 3.727 10.822 
301123213305 0.701 16.720 38.509 9.188 8.245 3.492 10.872 
301123214805 0.760 16.716 38.510 9.191 8.245 3.325 10.885 
301123220305 0.797 16.713 38.509 9.192 8.245 3.500 10.865 
301123221805 0.896 16.736 38.515 9.189 8.245 4.160 10.825 
301123223305 0.768 16.736 38.509 9.192 8.245 3.409 10.873 
301123224805 0.659 16.725 38.515 9.195 8.245 3.492 10.885 
301123230305 0.832 16.719 38.510 9.199 8.245 12.343 10.865 
301123231805 0.808 16.730 38.505 9.200 8.244 3.993 10.825 
301123233305 0.740 16.739 38.506 9.199 8.245 4.099 10.873 
301123234805 0.752 16.732 38.504 9.199 8.245 4.775 10.885 
011223000305 0.799 16.752 38.504 9.199 8.245 3.484 10.835 
011223001805 0.786 16.754 38.507 9.200 8.245 4.418 10.820 
011223003305 0.899 16.758 38.504 9.201 8.245 3.591 10.870 
011223004805 0.809 16.758 38.504 9.201 8.245 3.910 10.883 
011223010305 0.793 16.761 38.501 9.203 8.245 3.780 10.864 
011223011805 0.715 16.755 38.501 9.205 8.245 3.272 10.825 
011223013305 0.719 16.747 38.506 9.204 8.245 4.836 10.872 
011223014805 0.725 16.753 38.504 9.204 8.245 4.198 10.883 
011223020305 0.755 16.752 38.495 9.204 8.245 4.221 10.864 
011223021805 0.727 16.738 38.503 9.206 8.245 3.606 10.826 
011223023305 0.810 16.734 38.509 9.206 8.245 4.092 10.872 
011223024805 0.788 16.736 38.505 9.207 8.245 3.705 10.883 
011223030305 0.776 16.742 38.498 9.206 8.245 4.373 10.835 
011223031805 0.780 16.724 38.501 9.208 8.245 4.464 10.820 
011223033305 0.797 16.744 38.501 9.205 8.245 3.788 10.869 
011223034805 0.707 16.744 38.499 9.205 8.245 4.039 10.881 
011223040305 0.750 16.731 38.503 9.206 8.245 3.940 10.863 
011223041805 0.721 16.731 38.501 9.205 8.245 3.796 10.825 
011223043305 0.769 16.727 38.501 9.209 8.245 4.547 10.871 
011223044805 0.721 16.739 38.504 9.206 8.245 3.636 10.882 
011223050305 0.702 16.735 38.505 9.205 8.245 3.621 10.855 
011223051805 0.675 16.727 38.505 9.207 8.245 3.462 10.823 
011223053305 0.710 16.728 38.508 9.207 8.245 4.130 10.869 
011223054805 0.769 16.718 38.502 9.211 8.245 3.834 10.881 
011223060305 0.679 16.726 38.503 9.210 8.245 3.621 10.852 
011223061805 0.731 16.726 38.503 9.209 8.245 3.887 10.821 
011223063305 0.747 16.726 38.505 9.209 8.246 3.598 10.869 
011223064805 0.740 16.736 38.503 9.206 8.245 3.553 10.881 
011223070305 0.727 16.736 38.503 9.206 8.246 4.069 10.832 
011223071805 0.808 16.735 38.502 9.205 8.246 5.367 10.818 
011223073305 0.697 16.722 38.499 9.207 8.246 7.652 10.867 
011223074805 0.809 16.725 38.503 9.206 8.246 3.120 10.880 
011223080305 0.749 16.730 38.503 9.202 8.246 3.644 10.859 
011223081805 0.788 16.719 38.506 9.204 8.245 3.264 10.822 
011223083305 0.765 16.731 38.503 9.201 8.246 3.689 10.869 
011223084805 0.778 16.730 38.503 9.201 8.245 3.188 10.880 
011223090305 0.737 16.728 38.505 9.200 8.245 3.052 10.856 
011223091805 0.813 16.728 38.503 9.200 8.245 2.870 10.822 
011223093305 0.768 16.730 38.506 9.198 8.245 3.613 10.868 
011223094805 0.754 16.727 38.503 9.199 8.246 3.128 10.880 
011223100305 0.722 16.723 38.505 9.200 8.245 2.657 10.831 
011223101805 0.687 16.723 38.503 9.200 8.245 2.095 10.817 
011223103305 0.743 16.730 38.505 9.195 8.245 2.042 10.866 
011223104805 0.767 16.746 38.504 9.193 8.244 1.541 10.878 
011223110305 0.742 16.750 38.505 9.194 8.244 2.217 10.859 
011223111805 0.850 16.765 38.507 9.190 8.244 1.761 10.821 
