SAMBAT Sea Ti  C/T/D/Odo/Fluo/pH GPS : 50195 
V:0,Pression (0/50),dba
V:1,Température (-5/35),°C
V:2,Salinité (2/42),g/l
V:3,Oxygène (0/20),mgl
V:4,PH (0/14),pH
V:5,Fluorescence (0/500),ppb
V:6,Tension batterie,V
101223114309 0.963 16.258 38.484 9.168 8.243 1.693 10.725 
101223115808 0.845 16.275 38.481 9.164 8.243 1.389 10.811 
101223121308 0.957 16.280 38.486 9.154 8.243 1.184 10.835 
101223122808 0.987 16.287 38.484 9.157 8.243 1.412 10.836 
101223124308 0.920 16.295 38.485 9.161 8.244 1.989 10.851 
101223125808 0.896 16.303 38.480 9.164 8.244 1.086 10.862 
101223131308 0.930 16.311 38.480 9.165 8.244 1.518 10.845 
101223132808 0.919 16.326 38.480 9.167 8.245 1.412 10.841 
101223134308 0.975 16.321 38.482 9.171 8.245 1.222 10.859 
101223135808 0.840 16.329 38.479 9.175 8.245 1.784 10.866 
101223141308 0.951 16.330 38.479 9.178 8.245 1.503 10.858 
101223142808 0.917 16.333 38.479 9.181 8.245 1.503 10.844 
101223144308 0.951 16.335 38.476 9.184 8.246 1.807 10.861 
101223145808 0.993 16.340 38.476 9.186 8.246 1.571 10.868 
101223151308 0.965 16.341 38.477 9.194 8.246 2.232 10.855 
101223152808 0.876 16.337 38.476 9.196 8.246 2.619 10.845 
101223154308 0.840 16.341 38.471 9.197 8.246 3.295 10.861 
101223155808 0.894 16.327 38.475 9.201 8.246 3.545 10.868 
101223161308 1.002 16.335 38.475 9.200 8.247 3.727 10.848 
101223162808 0.983 16.339 38.482 9.200 8.246 3.803 10.843 
101223164308 0.865 16.338 38.476 9.201 8.247 4.069 10.860 
101223165808 0.952 16.353 38.473 9.200 8.246 3.682 10.868 
101223171308 0.852 16.348 38.474 9.203 8.246 3.978 10.859 
101223172808 0.976 16.340 38.474 9.207 8.246 3.758 10.845 
101223174308 0.948 16.331 38.474 9.209 8.245 3.522 10.862 
101223175808 0.955 16.342 38.477 9.206 8.245 3.097 10.868 
101223181308 0.973 16.345 38.473 9.206 8.245 3.788 10.860 
101223182808 0.915 16.350 38.474 9.205 8.246 3.500 10.845 
101223184308 0.861 16.341 38.479 9.206 8.245 3.864 10.862 
101223185808 0.996 16.347 38.478 9.205 8.246 3.598 10.868 
101223191308 0.929 16.367 38.473 9.200 8.246 4.130 10.848 
101223192808 0.925 16.359 38.471 9.204 8.246 3.613 10.842 
101223194308 0.903 16.362 38.474 9.203 8.246 3.507 10.861 
101223195808 0.978 16.375 38.470 9.200 8.246 3.295 10.867 
101223201308 1.004 16.369 38.469 9.204 8.245 2.824 10.860 
101223202808 0.936 16.373 38.470 9.202 8.246 3.158 10.846 
101223204308 0.988 16.388 38.468 9.194 8.246 3.553 10.862 
101223205808 0.895 16.372 38.469 9.202 8.246 2.991 10.868 
101223211308 0.928 16.380 38.470 9.196 8.246 3.302 10.860 
101223212808 0.893 16.372 38.471 9.200 8.246 3.560 10.846 
101223214308 0.949 16.370 38.470 9.199 8.245 4.016 10.862 
101223215808 0.993 16.381 38.469 9.198 8.245 3.158 10.868 
101223221308 0.982 16.379 38.463 9.200 8.246 3.120 10.848 
101223222808 0.990 16.373 38.476 9.200 8.245 3.196 10.842 
101223224308 0.974 16.367 38.470 9.205 8.246 3.484 10.860 
101223225808 1.013 16.378 38.474 9.200 8.246 3.241 10.867 
101223231308 1.003 16.374 38.473 9.199 8.246 3.393 10.859 
101223232808 1.016 16.374 38.470 9.200 8.246 3.188 10.845 
101223234308 1.063 16.391 38.470 9.191 8.246 2.824 10.862 
101223235808 0.933 16.389 38.464 9.193 8.246 2.999 10.868 
111223001308 0.938 16.383 38.466 9.194 8.246 3.090 10.847 
111223002808 0.947 16.396 38.464 9.193 8.246 3.128 10.843 
111223004308 0.963 16.398 38.466 9.193 8.246 3.219 10.860 
111223005808 0.882 16.382 38.464 9.197 8.246 2.816 10.867 
111223011308 1.034 16.379 38.466 9.205 8.245 3.112 10.855 
111223012808 0.874 16.376 38.467 9.205 8.246 3.272 10.844 
111223014308 1.033 16.389 38.465 9.200 8.245 2.870 10.861 
111223015808 1.009 16.388 38.466 9.198 8.246 3.204 10.867 
111223021308 0.896 16.386 38.467 9.200 8.246 3.401 10.855 
111223022808 0.892 16.392 38.465 9.199 8.246 2.930 10.845 
111223024308 0.909 16.389 38.467 9.200 8.246 3.978 10.861 
111223025808 1.048 16.378 38.466 9.207 8.246 3.037 10.868 
111223031308 0.826 16.379 38.464 9.210 8.246 3.082 10.843 
111223032808 0.952 16.372 38.463 9.210 8.246 2.809 10.842 
111223034308 0.908 16.353 38.471 9.215 8.245 2.733 10.860 
111223035808 0.860 16.363 38.473 9.214 8.246 2.832 10.866 
111223041308 0.931 16.373 38.474 9.211 8.246 3.651 10.858 
111223042808 0.951 16.367 38.466 9.212 8.246 3.469 10.844 
111223044308 0.950 16.364 38.472 9.210 8.246 2.877 10.861 
111223045808 0.919 16.355 38.467 9.214 8.246 3.560 10.867 
111223051308 1.015 16.369 38.469 9.210 8.246 3.553 10.858 
111223052808 0.892 16.367 38.469 9.211 8.246 2.634 10.844 
111223054308 0.866 16.364 38.470 9.211 8.246 3.363 10.861 
111223055808 0.826 16.367 38.466 9.210 8.246 3.226 10.867 
111223061308 0.843 16.366 38.468 9.208 8.246 3.598 10.856 
111223062808 1.005 16.362 38.471 9.207 8.246 2.923 10.844 
111223064308 0.927 16.408 38.466 9.192 8.248 3.272 10.861 
111223065808 0.828 16.407 38.462 9.194 8.247 3.150 10.867 
111223071308 1.078 16.430 38.462 9.190 8.248 3.325 10.847 
111223072808 0.908 16.418 38.462 9.192 8.247 2.877 10.842 
111223074308 0.903 16.432 38.462 9.189 8.247 3.188 10.860 
111223075808 0.972 16.424 38.463 9.190 8.247 3.735 10.866 
111223081308 0.982 16.431 38.462 9.191 8.247 2.938 10.854 
111223082808 0.880 16.423 38.465 9.192 8.247 4.198 10.844 
111223084308 0.860 16.427 38.462 9.193 8.247 2.945 10.860 
111223085808 0.905 16.427 38.463 9.194 8.247 2.991 10.867 
111223091308 0.917 16.430 38.464 9.193 8.247 2.209 10.858 
111223092808 0.811 16.435 38.463 9.194 8.247 1.746 10.845 
111223094308 0.973 16.447 38.460 9.190 8.246 1.230 10.861 
111223095808 1.018 16.451 38.465 9.190 8.246 1.579 10.867 
111223101308 0.912 16.457 38.464 9.190 8.246 1.655 10.857 
111223102808 0.849 16.482 38.461 9.188 8.246 1.306 10.844 
111223104308 0.955 16.493 38.460 9.185 8.246 1.268 10.861 
111223105808 0.990 16.495 38.458 9.185 8.247 1.093 10.867 
111223111308 0.888 16.483 38.464 9.193 8.246 1.177 10.847 
111223112808 0.852 16.504 38.459 9.188 8.246 1.746 10.842 
111223114308 0.881 16.559 38.460 9.179 8.246 0.987 10.860 
