SAMBAT Sea Ti  C/T/D/Odo/Fluo/pH GPS : 50195 
V:0,Pression (0/50),dba
V:1,Température (-5/35),°C
V:2,Salinité (2/42),g/l
V:3,Oxygène (0/20),mgl
V:4,PH (0/14),pH
V:5,Fluorescence (0/500),ppb
V:6,Tension batterie,V
020523112355 0.778 15.896 37.862 10.350 8.269 1.685 10.741 
020523113854 0.673 15.925 37.868 10.342 8.269 1.131 10.794 
020523115354 0.764 15.929 37.866 10.337 8.269 0.994 10.842 
020523120854 0.820 15.962 37.870 10.326 8.267 0.865 10.860 
020523122354 0.866 16.139 37.900 10.285 8.269 0.858 10.869 
020523123854 0.802 16.048 37.867 10.315 8.269 1.313 10.817 
020523125354 0.814 16.046 37.868 10.321 8.269 1.275 10.856 
020523130854 0.710 16.104 37.880 10.305 8.269 1.184 10.868 
020523132354 0.865 16.064 37.867 10.326 8.267 1.184 10.874 
020523133854 0.816 16.083 37.860 10.322 8.267 0.987 10.809 
020523135354 0.751 16.059 37.864 10.338 8.266 0.934 10.854 
020523140854 0.757 16.037 37.867 10.351 8.265 0.812 10.868 
020523142354 0.797 16.094 37.866 10.332 8.264 0.972 10.874 
020523143854 0.890 16.126 37.872 10.326 8.264 1.321 10.819 
020523145354 0.767 16.136 37.853 10.329 8.264 0.691 10.858 
020523150854 0.745 16.165 37.877 10.323 8.263 0.865 10.870 
020523152354 0.824 16.177 37.868 10.322 8.264 1.602 10.875 
020523153854 0.788 16.213 37.850 10.327 8.263 1.366 10.820 
020523155354 0.801 16.204 37.872 10.316 8.263 1.366 10.859 
020523160854 0.735 16.327 37.881 10.291 8.262 1.207 10.871 
020523162354 0.788 16.476 37.874 10.253 8.262 1.738 10.876 
020523163854 0.853 16.451 37.867 10.265 8.262 1.936 10.821 
020523165354 0.737 16.464 37.881 10.264 8.261 2.376 10.860 
020523170854 0.808 16.527 37.880 10.248 8.261 1.640 10.873 
020523172354 0.818 16.531 37.877 10.251 8.260 1.769 10.877 
020523173854 0.727 16.536 37.872 10.255 8.261 2.194 10.823 
020523175354 0.882 16.347 37.860 10.320 8.270 2.391 10.862 
020523180854 0.747 16.763 37.847 10.205 8.272 4.077 10.873 
020523182354 0.778 16.610 37.839 10.253 8.272 4.616 10.878 
020523183854 0.786 16.557 37.624 10.279 8.271 4.919 10.812 
020523185354 0.822 16.508 37.243 10.294 8.270 5.162 10.858 
020523190854 0.819 16.588 37.847 10.280 8.268 5.162 10.872 
020523192354 0.824 16.582 37.862 10.287 8.268 5.314 10.877 
020523193854 0.816 16.569 37.855 10.295 8.269 4.707 10.822 
020523195354 0.802 16.498 37.848 10.315 8.270 11.767 10.861 
020523200854 0.773 16.498 37.854 10.324 8.270 5.101 10.873 
020523202354 0.785 16.474 37.858 10.337 8.269 5.413 10.877 
020523203854 0.801 16.467 37.845 10.342 8.269 5.549 10.821 
020523205354 0.771 16.473 37.842 10.347 8.270 5.815 10.861 
020523210854 0.808 16.530 37.851 10.331 8.269 6.050 10.873 
020523212354 0.827 16.562 37.827 10.328 8.268 7.113 10.877 
020523213854 0.823 16.582 37.534 10.329 8.268 6.544 10.822 
020523215354 0.829 16.560 37.621 10.335 8.267 7.485 10.861 
020523220854 0.776 16.536 37.542 10.346 8.267 5.610 10.873 
020523222354 0.812 16.524 37.663 10.349 8.266 5.656 10.877 
020523223854 0.776 16.499 37.711 10.360 8.266 6.992 10.823 
020523225354 0.852 16.487 37.643 10.369 8.266 6.984 10.861 
020523230854 0.845 16.482 37.780 10.370 8.265 6.240 10.873 
020523232354 0.790 16.480 37.795 10.373 8.266 5.838 10.877 
020523233854 0.827 16.486 37.803 10.372 8.266 6.043 10.821 
020523235354 0.831 16.493 37.814 10.370 8.266 6.270 10.861 
030523000854 0.784 16.486 37.818 10.368 8.267 5.663 10.873 
030523002354 0.784 16.479 37.817 10.368 8.266 6.574 10.877 
030523003854 0.809 16.467 37.824 10.364 8.267 5.139 10.821 
030523005354 0.830 16.462 37.818 10.361 8.265 5.284 10.860 
030523010854 0.818 16.450 37.820 10.361 8.266 5.762 10.872 
030523012354 0.820 16.448 37.829 10.356 8.267 5.261 10.877 
030523013854 0.761 16.449 37.694 10.351 8.267 6.901 10.821 
030523015354 0.872 16.443 37.817 10.350 8.267 5.284 10.860 
030523020854 0.867 16.442 37.794 10.347 8.267 5.458 10.872 
030523022354 0.849 16.435 37.808 10.343 8.267 6.331 10.876 
030523023854 0.823 16.439 37.826 10.338 8.268 6.202 10.820 
030523025354 0.848 16.439 37.801 10.338 8.268 5.238 10.860 
030523030854 0.839 16.447 37.795 10.333 8.269 5.177 10.872 
030523032354 0.831 16.453 37.801 10.327 8.270 4.585 10.875 
030523033854 0.804 16.455 37.806 10.325 8.269 5.580 10.820 
030523035354 0.831 16.460 37.804 10.321 8.270 4.783 10.860 
030523040854 0.824 16.457 37.753 10.320 8.270 4.357 10.871 
030523042354 0.856 16.456 37.789 10.318 8.270 4.555 10.875 
030523043854 0.774 16.462 37.782 10.317 8.270 5.564 10.820 
030523045354 0.849 16.467 37.785 10.315 8.271 4.972 10.860 
030523050854 0.808 16.479 37.172 10.312 8.272 5.139 10.871 
030523052354 0.853 16.471 37.662 10.315 8.272 5.929 10.876 
030523053854 0.859 16.479 37.549 10.314 8.271 4.767 10.820 
030523055354 0.778 16.474 37.721 10.316 8.273 6.840 10.860 
030523060854 0.869 16.457 37.361 10.317 8.273 5.018 10.871 
030523062354 0.822 16.458 37.438 10.319 8.274 5.352 10.875 
030523063854 0.862 16.449 37.658 10.322 8.274 5.246 10.821 
030523065354 0.887 16.446 37.780 10.322 8.274 4.578 10.860 
030523070854 0.834 16.435 37.787 10.324 8.275 4.297 10.871 
030523072354 0.883 16.388 37.785 10.342 8.275 4.099 10.876 
030523073854 0.812 16.394 37.785 10.338 8.275 3.636 10.820 
030523075354 0.831 16.397 37.780 10.340 8.273 1.404 10.860 
030523080854 0.831 16.401 37.772 10.342 8.273 2.862 10.871 
030523082354 0.819 16.393 37.738 10.344 8.271 2.095 10.875 
030523083854 0.864 16.417 37.781 10.344 8.274 1.647 10.820 
030523085354 0.848 16.442 37.783 10.342 8.272 1.807 10.859 
030523090854 0.844 16.445 37.776 10.342 8.274 1.587 10.870 
030523092354 0.860 16.451 37.778 10.346 8.274 2.133 10.876 
030523093854 0.841 16.472 37.773 10.344 8.274 1.625 10.820 
030523095354 0.822 16.547 37.791 10.319 8.273 1.032 10.860 
030523100854 0.826 16.774 37.802 10.259 8.265 0.979 10.871 
030523102354 0.877 16.892 37.799 10.240 8.261 1.025 10.876 
030523103854 0.872 16.852 37.769 10.239 8.259 1.161 10.822 
030523105354 0.840 16.759 37.805 10.265 8.261 0.949 10.862 
030523110854 0.816 16.951 37.796 10.242 8.259 0.448 10.873 
030523112354 0.814 16.854 37.798 10.245 8.260 0.949 10.878 
