SAMBAT Sea Ti  C/T/D/Odo/Fluo/pH GPS : 50195 
V:0,Pression (0/50),dba
V:1,Température (-5/35),°C
V:2,Salinité (2/42),g/l
V:3,Oxygène (0/20),mgl
V:4,PH (0/14),pH
V:5,Fluorescence (0/500),ppb
V:6,Tension batterie,V
250323095205 0.792 14.671 38.124 10.691 8.218 0.911 10.718 
250323100704 0.654 14.683 38.125 10.684 8.218 0.843 10.795 
250323102204 0.842 14.697 38.127 10.678 8.217 1.146 10.823 
250323103704 0.934 14.702 38.124 10.674 8.217 0.000 10.785 
250323105204 0.871 14.699 38.125 10.670 8.217 0.994 10.823 
250323110704 0.925 14.687 38.127 10.672 8.217 1.002 10.836 
250323112204 0.901 14.717 38.134 10.669 8.215 1.199 10.843 
250323113704 0.880 14.804 38.139 10.642 8.212 0.516 10.778 
250323115204 0.890 14.808 38.137 10.643 8.212 1.374 10.822 
250323120704 0.858 14.826 38.135 10.640 8.212 0.607 10.838 
250323122204 0.905 14.815 38.137 10.647 8.212 2.414 10.844 
250323123704 0.897 14.843 38.137 10.643 8.212 1.184 10.792 
250323125204 0.747 14.851 38.131 10.645 8.212 3.386 10.829 
250323130704 0.805 14.876 38.133 10.634 8.212 3.059 10.842 
250323132204 0.641 14.881 38.136 10.636 8.212 2.186 10.847 
250323133704 0.728 14.887 38.136 10.640 8.212 0.729 10.794 
250323135204 0.803 14.877 38.136 10.645 8.212 0.827 10.831 
250323140704 0.760 14.878 38.136 10.649 8.212 0.926 10.842 
250323142204 0.852 14.857 38.136 10.661 8.213 1.617 10.848 
250323143704 0.647 14.860 38.137 10.668 8.212 1.366 10.786 
250323145204 0.865 14.852 38.133 10.672 8.212 1.769 10.827 
250323150704 0.650 14.869 38.134 10.667 8.211 1.230 10.841 
250323152204 0.904 14.888 38.140 10.661 8.211 0.797 10.847 
250323153704 0.756 14.816 38.114 10.697 8.221 2.361 10.793 
250323155204 0.763 14.824 38.098 10.705 8.229 1.579 10.830 
250323160704 0.699 14.853 38.095 10.710 8.229 1.473 10.842 
250323162204 0.715 14.888 38.097 10.706 8.227 1.761 10.847 
250323163704 0.815 14.862 38.095 10.729 8.228 2.604 10.780 
250323165204 0.832 14.884 38.096 10.729 8.228 3.234 10.825 
250323170704 0.966 14.872 38.095 10.745 8.231 3.219 10.840 
250323172204 0.915 14.853 38.100 10.765 8.229 3.348 10.846 
250323173704 0.843 14.826 38.104 10.782 8.228 2.475 10.793 
250323175204 0.889 14.816 38.109 10.796 8.226 3.234 10.830 
250323180704 0.961 14.837 38.100 10.799 8.227 3.378 10.842 
250323182204 0.893 14.838 38.102 10.809 8.234 3.439 10.847 
250323183704 0.789 14.844 38.102 10.826 8.236 3.750 10.795 
250323185204 0.776 14.832 38.110 10.842 8.235 3.849 10.831 
250323190704 0.923 14.835 38.103 10.856 8.234 3.636 10.843 
250323192204 0.791 14.835 38.115 10.869 8.234 2.999 10.848 
250323193704 0.701 14.833 38.118 10.882 8.231 3.887 10.780 
250323195204 0.743 14.826 38.122 10.889 8.229 3.386 10.825 
250323200704 0.767 14.811 38.135 10.906 8.228 3.143 10.839 
250323202204 0.880 14.814 38.133 10.912 8.228 3.788 10.846 
250323203704 0.747 14.813 38.134 10.926 8.227 3.279 10.792 
250323205204 0.745 14.799 38.137 10.930 8.227 3.849 10.829 
250323210704 0.959 14.792 38.132 10.938 8.226 3.181 10.842 
250323212204 0.745 14.786 38.137 10.945 8.225 3.651 10.847 
250323213704 0.790 14.779 38.133 10.954 8.225 3.651 10.786 
250323215204 0.910 14.774 38.132 10.953 8.226 3.477 10.827 
250323220704 0.899 14.763 38.135 10.946 8.222 4.312 10.840 
250323222204 0.871 14.759 38.143 10.938 8.222 3.765 10.846 
250323223704 0.894 14.764 38.137 10.931 8.223 3.439 10.792 
250323225204 0.881 14.748 38.139 10.934 8.223 4.160 10.829 
250323230704 0.855 14.751 38.132 10.927 8.223 4.145 10.841 
250323232204 0.803 14.741 38.137 10.919 8.222 4.023 10.846 
250323233704 0.673 14.742 38.139 10.907 8.222 4.160 10.792 
250323235204 0.717 14.739 38.140 10.899 8.222 3.917 10.829 
260323000704 0.904 14.746 38.135 10.895 8.222 3.887 10.841 
260323002204 0.809 14.748 38.133 10.886 8.222 3.864 10.846 
260323003704 0.934 14.742 38.130 10.876 8.222 3.576 10.778 
260323005204 0.835 14.741 38.136 10.862 8.222 3.841 10.823 
260323010704 0.765 14.725 38.132 10.848 8.222 3.788 10.838 
260323012204 0.915 14.740 38.131 10.834 8.224 3.682 10.844 
260323013704 0.916 14.735 38.130 10.823 8.226 3.325 10.791 
260323015204 0.932 14.734 38.129 10.813 8.222 3.925 10.828 
260323020704 0.858 14.739 38.132 10.802 8.226 3.477 10.840 
260323022204 0.829 14.730 38.132 10.794 8.225 3.591 10.846 
260323023704 0.851 14.732 38.125 10.787 8.223 3.522 10.791 
260323025204 0.732 14.737 38.129 10.773 8.224 4.069 10.828 
260323030704 0.682 14.733 38.132 10.766 8.226 3.689 10.840 
260323032204 0.859 14.734 38.131 10.762 8.224 3.674 10.846 
260323033704 0.789 14.731 38.130 10.753 8.223 3.454 10.766 
260323035204 0.770 14.711 38.134 10.750 8.223 3.545 10.818 
260323040704 0.846 14.720 38.127 10.745 8.226 3.818 10.835 
260323042204 0.813 14.721 38.128 10.742 8.224 4.001 10.843 
260323043704 0.771 14.715 38.136 10.734 8.226 3.629 10.791 
260323045204 0.771 14.707 38.131 10.734 8.224 3.856 10.827 
260323050704 0.893 14.699 38.132 10.731 8.223 4.213 10.840 
260323052204 0.808 14.673 38.137 10.730 8.222 3.591 10.845 
260323053704 0.813 14.678 38.136 10.722 8.222 3.560 10.791 
260323055204 0.739 14.678 38.137 10.717 8.221 4.828 10.828 
260323060704 0.734 14.685 38.141 10.707 8.222 4.729 10.840 
260323062204 0.821 14.678 38.137 10.705 8.222 4.745 10.845 
260323063704 0.685 14.670 38.138 10.698 8.222 3.773 10.791 
260323065204 0.753 14.651 38.145 10.697 8.222 4.221 10.828 
260323070704 0.697 14.648 38.141 10.701 8.222 3.811 10.840 
260323072204 0.810 14.651 38.138 10.687 8.223 3.910 10.845 
260323073704 0.895 14.671 38.137 10.678 8.224 2.262 10.778 
260323075204 0.764 14.690 38.139 10.668 8.224 2.467 10.823 
260323080704 0.787 14.722 38.138 10.661 8.227 1.731 10.837 
260323082204 0.808 14.707 38.137 10.663 8.226 1.655 10.844 
260323083704 0.783 14.743 38.140 10.651 8.228 1.382 10.790 
260323085204 0.774 14.767 38.140 10.642 8.227 0.903 10.827 
260323090704 0.837 14.767 38.114 10.654 8.226 1.070 10.840 
260323092204 0.881 14.778 38.134 10.645 8.227 1.617 10.845 
260323093704 0.770 14.787 38.140 10.643 8.228 1.761 10.791 
260323095204 0.809 14.844 38.136 10.636 8.227 1.063 10.828 
