SAMBAT Sea Ti  C/T/D/Odo/Fluo/pH GPS : 50195 
V:0,Pression (0/50),dba
V:1,Température (-5/35),°C
V:2,Salinité (2/42),g/l
V:3,Oxygène (0/20),mgl
V:4,PH (0/14),pH
V:5,Fluorescence (0/500),ppb
V:6,Tension batterie,V
171223121837 1.012 15.927 38.480 9.230 8.248 1.344 10.741 
171223123336 1.143 15.926 38.479 9.233 8.248 1.336 10.820 
171223124836 1.076 15.922 38.481 9.236 8.248 1.002 10.847 
171223130336 1.120 15.929 38.483 9.235 8.248 1.283 10.859 
171223131836 1.110 15.930 38.479 9.238 8.248 1.245 10.798 
171223133336 1.122 15.929 38.482 9.240 8.248 1.640 10.848 
171223134836 1.134 15.920 38.482 9.242 8.248 1.549 10.860 
171223140336 1.143 15.926 38.480 9.242 8.248 1.435 10.866 
171223141836 1.107 15.929 38.483 9.242 8.248 1.738 10.794 
171223143336 1.117 15.931 38.479 9.244 8.248 2.262 10.846 
171223144836 1.117 15.922 38.479 9.248 8.248 1.913 10.860 
171223150336 1.125 15.925 38.483 9.248 8.247 2.042 10.866 
171223151836 1.116 15.926 38.481 9.249 8.247 2.581 10.801 
171223153336 1.114 15.910 38.482 9.253 8.247 2.376 10.850 
171223154836 1.150 15.906 38.484 9.254 8.247 2.847 10.862 
171223160336 1.122 15.896 38.485 9.257 8.248 3.553 10.866 
171223161836 1.122 15.903 38.485 9.254 8.248 3.955 10.795 
171223163336 1.120 15.885 38.478 9.258 8.248 4.441 10.847 
171223164836 1.134 15.890 38.484 9.257 8.248 4.023 10.861 
171223170336 1.101 15.879 38.485 9.258 8.248 4.373 10.866 
171223171836 1.149 15.887 38.487 9.255 8.248 4.099 10.801 
171223173336 1.125 15.867 38.482 9.258 8.248 3.856 10.850 
171223174836 1.121 15.858 38.481 9.260 8.250 3.682 10.862 
171223180336 1.156 15.863 38.491 9.254 8.249 3.925 10.867 
171223181836 1.130 15.862 38.486 9.255 8.248 3.492 10.801 
171223183336 1.130 15.864 38.479 9.255 8.248 4.114 10.850 
171223184836 1.136 15.865 38.484 9.251 8.248 3.469 10.861 
171223190336 1.136 15.863 38.484 9.251 8.248 3.720 10.867 
171223191836 1.123 15.852 38.484 9.253 8.248 4.061 10.795 
171223193336 1.095 15.847 38.484 9.251 8.248 3.940 10.846 
171223194836 1.135 15.825 38.491 9.250 8.247 3.864 10.860 
171223200336 1.132 15.840 38.487 9.249 8.248 3.492 10.866 
171223201836 1.124 15.841 38.486 9.245 8.248 3.940 10.801 
171223203336 1.148 15.843 38.481 9.244 8.248 4.319 10.849 
171223204836 1.132 15.837 38.487 9.248 8.248 3.689 10.861 
171223210336 1.120 15.816 38.487 9.247 8.248 3.469 10.866 
171223211836 1.128 15.825 38.488 9.244 8.248 4.213 10.800 
171223213336 1.120 15.818 38.490 9.244 8.248 3.910 10.849 
171223214836 1.128 15.807 38.492 9.245 8.248 4.008 10.861 
171223220336 1.116 15.816 38.487 9.243 8.247 4.228 10.866 
171223221836 1.127 15.808 38.486 9.243 8.248 4.745 10.794 
171223223336 1.129 15.811 38.481 9.242 8.247 3.333 10.846 
171223224836 1.112 15.807 38.491 9.241 8.247 3.378 10.860 
171223230336 1.141 15.803 38.485 9.242 8.247 4.061 10.865 
171223231836 1.138 15.788 38.482 9.246 8.247 3.689 10.801 
171223233336 1.134 15.803 38.487 9.238 8.247 4.039 10.849 
171223234836 1.144 15.792 38.484 9.240 8.246 3.074 10.861 
181223000336 1.127 15.780 38.491 9.238 8.246 3.750 10.866 
181223001836 1.158 15.776 38.487 9.237 8.246 3.606 10.799 
181223003336 1.172 15.767 38.482 9.239 8.248 4.593 10.849 
181223004836 1.129 15.746 38.510 9.235 8.245 4.373 10.861 
181223010336 1.112 15.771 38.487 9.232 8.248 3.727 10.866 
181223011836 1.117 15.790 38.488 9.227 8.247 3.720 10.794 
181223013336 1.154 15.763 38.483 9.228 8.247 4.114 10.846 
181223014836 1.141 15.787 38.485 9.222 8.246 4.061 10.859 
181223020336 1.128 15.784 38.489 9.222 8.247 4.312 10.865 
181223021836 1.131 15.782 38.486 9.221 8.247 3.917 10.800 
181223023336 1.132 15.782 38.483 9.221 8.247 3.613 10.849 
181223024836 1.132 15.779 38.488 9.219 8.247 4.099 10.860 
181223030336 1.143 15.771 38.483 9.219 8.247 4.092 10.866 
181223031836 1.153 15.773 38.486 9.217 8.248 4.061 10.799 
181223033336 1.141 15.768 38.483 9.216 8.247 4.426 10.848 
181223034836 1.134 15.770 38.488 9.213 8.248 3.750 10.860 
181223040336 1.115 15.767 38.492 9.213 8.248 6.430 10.865 
181223041836 1.110 15.771 38.490 9.213 8.247 3.894 10.794 
181223043336 1.114 15.755 38.491 9.216 8.247 4.562 10.846 
181223044836 1.134 15.764 38.488 9.214 8.248 3.849 10.859 
181223050336 1.138 15.772 38.487 9.214 8.247 3.689 10.864 
181223051836 1.098 15.760 38.491 9.216 8.247 3.393 10.800 
181223053336 1.102 15.747 38.488 9.221 8.248 4.221 10.848 
181223054836 1.093 15.741 38.488 9.224 8.247 4.145 10.860 
181223060336 1.095 15.754 38.490 9.223 8.248 3.970 10.865 
181223061836 1.135 15.764 38.487 9.222 8.248 3.963 10.799 
181223063336 1.103 15.744 38.492 9.228 8.248 3.697 10.848 
181223064836 1.133 15.751 38.488 9.227 8.247 3.621 10.860 
181223070336 1.120 15.754 38.486 9.227 8.248 3.674 10.865 
181223071836 1.106 15.736 38.492 9.232 8.247 3.887 10.793 
181223073336 1.092 15.737 38.486 9.233 8.248 5.299 10.845 
181223074836 1.092 15.736 38.482 9.234 8.250 4.653 10.858 
181223080336 1.104 15.740 38.483 9.236 8.250 4.456 10.864 
181223081836 1.110 15.742 38.483 9.236 8.251 3.317 10.799 
181223083336 1.109 15.751 38.485 9.234 8.251 4.502 10.847 
181223084836 1.110 15.766 38.483 9.230 8.251 3.758 10.860 
181223090336 1.097 15.778 38.485 9.230 8.251 2.581 10.864 
181223091836 1.116 15.782 38.481 9.232 8.251 2.110 10.799 
181223093336 1.117 15.787 38.483 9.234 8.250 1.898 10.848 
181223094836 1.094 15.796 38.487 9.234 8.251 1.731 10.860 
181223100336 1.127 15.798 38.491 9.236 8.250 1.693 10.865 
181223101836 1.104 15.809 38.485 9.234 8.250 1.632 10.796 
181223103336 1.105 15.815 38.486 9.236 8.250 1.594 10.847 
181223104836 1.117 15.819 38.486 9.236 8.249 1.587 10.859 
181223110336 1.097 15.823 38.484 9.237 8.248 1.397 10.864 
181223111836 1.107 15.827 38.487 9.237 8.249 1.344 10.799 
181223113336 1.092 15.833 38.483 9.238 8.248 1.040 10.848 
181223114836 1.109 15.845 38.484 9.232 8.249 1.579 10.860 
181223120336 1.092 15.856 38.483 9.233 8.248 0.653 10.865 
181223121836 1.098 15.878 38.487 9.229 8.249 1.192 10.799 
