SAMBAT Sea Ti  C/T/D/Odo/Fluo/pH GPS : 50195 
V:0,Pression (0/50),dba
V:1,Température (-5/35),°C
V:2,Salinité (2/42),g/l
V:3,Oxygène (0/20),mgl
V:4,PH (0/14),pH
V:5,Fluorescence (0/500),ppb
V:6,Tension batterie,V
230323094652 0.888 14.746 38.085 10.657 8.220 0.941 10.717 
230323100151 0.874 14.753 38.078 10.651 8.223 0.843 10.794 
230323101651 0.867 14.741 38.072 10.659 8.222 1.207 10.822 
230323103151 0.900 14.800 38.056 10.636 8.224 1.564 10.835 
230323104651 0.887 14.805 38.046 10.637 8.224 1.070 10.808 
230323110151 0.897 14.802 38.055 10.639 8.225 1.427 10.830 
230323111651 0.863 14.799 38.068 10.640 8.224 1.799 10.839 
230323113151 0.892 14.887 38.075 10.611 8.222 1.670 10.844 
230323114651 0.869 14.894 38.075 10.613 8.221 1.655 10.820 
230323120151 0.888 14.931 38.074 10.606 8.220 1.792 10.837 
230323121651 0.908 14.924 38.076 10.616 8.219 1.738 10.844 
230323123151 0.874 14.911 38.090 10.611 8.218 0.881 10.848 
230323124651 0.875 14.950 38.085 10.612 8.218 1.336 10.822 
230323130151 0.903 15.003 38.082 10.594 8.216 0.934 10.839 
230323131651 0.866 15.081 38.087 10.573 8.215 1.237 10.846 
230323133151 0.859 15.081 38.075 10.585 8.216 1.344 10.849 
230323134651 0.854 15.036 38.043 10.601 8.219 0.478 10.816 
230323140151 0.877 15.131 38.075 10.576 8.217 0.926 10.836 
230323141651 0.871 15.071 38.081 10.598 8.222 1.032 10.845 
230323143151 0.876 15.168 38.071 10.586 8.220 0.865 10.849 
230323144651 0.858 15.118 38.062 10.598 8.223 1.002 10.824 
230323150151 0.892 15.273 38.049 10.564 8.224 1.875 10.841 
230323151651 0.886 15.402 38.083 10.536 8.222 2.179 10.847 
230323153151 0.863 15.426 38.064 10.529 8.222 3.014 10.851 
230323154651 0.876 15.280 38.091 10.587 8.227 3.257 10.826 
230323160151 0.849 15.346 38.059 10.577 8.226 3.424 10.842 
230323161651 0.867 15.181 38.084 10.632 8.233 3.985 10.849 
230323163151 0.854 15.145 38.051 10.671 8.234 4.494 10.852 
230323164651 0.839 15.294 38.042 10.642 8.229 3.606 10.817 
230323170151 0.836 15.365 38.077 10.624 8.224 3.887 10.838 
230323171651 0.861 15.409 38.076 10.619 8.223 4.752 10.846 
230323173151 0.873 15.404 38.069 10.632 8.224 4.904 10.851 
230323174651 0.869 15.399 38.067 10.644 8.224 4.304 10.825 
230323180151 0.874 15.561 38.081 10.597 8.222 5.982 10.842 
230323181651 0.881 15.592 38.098 10.589 8.222 6.065 10.849 
230323183151 0.877 15.802 38.066 10.546 8.219 5.656 10.853 
230323184651 0.878 15.616 38.040 10.620 8.222 4.593 10.827 
230323190151 0.828 15.573 38.053 10.636 8.222 5.155 10.844 
230323191651 0.876 15.472 38.053 10.678 8.223 4.282 10.850 
230323193151 0.888 15.416 38.047 10.707 8.224 4.213 10.853 
230323194651 0.853 15.333 38.040 10.738 8.224 4.524 10.819 
230323200151 0.910 15.258 38.046 10.775 8.226 4.107 10.839 
230323201651 0.862 15.220 38.045 10.793 8.227 4.130 10.847 
230323203151 0.904 15.173 38.043 10.820 8.229 3.970 10.851 
230323204651 0.871 15.115 38.043 10.842 8.230 9.406 10.825 
230323210151 0.885 15.070 38.042 10.862 8.231 5.139 10.841 
230323211651 0.901 15.065 38.041 10.876 8.234 4.942 10.848 
230323213151 0.882 15.004 38.043 10.902 8.235 4.312 10.851 
230323214651 0.870 14.996 38.042 10.917 8.236 4.403 10.824 
230323220151 0.849 14.968 38.042 10.938 8.237 4.023 10.840 
230323221651 0.854 14.950 38.043 10.950 8.238 4.168 10.847 
230323223151 0.855 14.917 38.041 10.958 8.240 4.373 10.849 
230323224651 0.893 14.909 38.046 10.962 8.243 4.327 10.815 
230323230151 0.874 14.896 38.044 10.972 8.244 4.244 10.836 
230323231651 0.874 14.700 37.947 11.049 8.249 4.411 10.844 
230323233151 0.888 14.693 37.951 11.060 8.248 4.228 10.847 
230323234651 0.894 14.698 37.950 11.068 8.249 4.547 10.821 
240323000151 0.888 14.715 37.983 11.073 8.250 3.894 10.838 
240323001651 0.911 14.727 38.004 11.081 8.250 4.244 10.844 
240323003151 0.866 14.703 38.013 11.100 8.251 4.289 10.847 
240323004651 0.848 14.701 38.020 11.119 8.252 4.282 10.821 
240323010151 0.870 14.701 38.017 11.134 8.252 4.433 10.837 
240323011651 0.857 14.693 38.007 11.149 8.250 4.228 10.844 
240323013151 0.897 14.709 38.011 11.159 8.250 4.805 10.847 
240323014651 0.893 14.684 38.017 11.174 8.251 5.033 10.812 
240323020151 0.890 14.717 38.031 11.178 8.249 3.765 10.833 
240323021651 0.914 14.669 38.020 11.202 8.251 4.502 10.841 
240323023151 0.873 14.676 38.016 11.213 8.251 4.578 10.845 
240323024651 0.863 14.671 38.003 11.228 8.254 4.502 10.819 
240323030151 0.846 14.616 37.983 11.259 8.255 4.342 10.836 
240323031651 0.883 14.600 37.994 11.272 8.255 4.175 10.843 
240323033151 0.867 14.624 38.001 11.273 8.254 4.137 10.846 
240323034651 0.872 14.638 38.012 11.277 8.253 3.887 10.819 
240323040151 0.877 14.619 38.007 11.289 8.253 4.608 10.836 
240323041651 0.846 14.550 37.981 11.311 8.253 5.405 10.842 
240323043151 0.846 14.548 37.978 11.313 8.252 4.646 10.845 
240323044651 0.867 14.576 37.986 11.310 8.251 4.729 10.811 
240323050151 0.896 14.602 38.003 11.306 8.251 4.464 10.831 
240323051651 0.873 14.576 37.996 11.310 8.252 3.955 10.840 
240323053151 0.849 14.553 38.000 11.314 8.252 4.039 10.844 
240323054651 0.905 14.533 37.995 11.326 8.253 4.904 10.818 
240323060151 0.880 14.557 37.999 11.313 8.253 4.327 10.835 
240323061651 0.867 14.576 38.010 11.303 8.251 5.929 10.842 
240323063151 0.871 14.576 38.011 11.301 8.252 5.830 10.845 
240323064651 0.844 14.550 38.015 11.302 8.251 4.046 10.818 
240323070151 0.845 14.481 37.978 11.324 8.252 4.289 10.835 
240323071651 0.878 14.511 37.984 11.308 8.252 3.894 10.842 
240323073151 0.883 14.514 37.992 11.304 8.251 3.720 10.845 
240323074651 0.892 14.541 37.999 11.291 8.250 2.680 10.811 
240323080151 0.827 14.525 37.997 11.293 8.250 1.662 10.831 
240323081651 0.891 14.523 37.998 11.289 8.250 2.012 10.840 
240323083151 0.870 14.497 37.985 11.291 8.249 0.850 10.844 
240323084651 0.860 14.504 37.967 11.284 8.248 0.896 10.818 
240323090151 0.860 14.465 37.888 11.286 8.250 2.695 10.835 
240323091651 0.888 14.464 37.879 11.278 8.250 1.989 10.842 
240323093151 0.879 14.488 37.871 11.264 8.249 1.146 10.845 
240323094651 0.899 14.525 37.926 11.245 8.248 0.926 10.818 
