SAMBAT Sea Ti  C/T/D/Odo/Fluo/pH GPS : 50195 
V:0,Pression (0/50),dba
V:1,Température (-5/35),°C
V:2,Salinité (2/42),g/l
V:3,Oxygène (0/20),mgl
V:4,PH (0/14),pH
V:5,Fluorescence (0/500),ppb
V:6,Tension batterie,V
151223121312 1.020 16.314 38.477 9.263 8.246 1.556 10.741 
151223122811 1.033 16.328 38.481 9.261 8.247 1.086 10.815 
151223124311 1.002 16.317 38.480 9.265 8.246 1.328 10.847 
151223125811 1.070 16.310 38.482 9.268 8.247 1.215 10.860 
151223131311 1.019 16.307 38.481 9.270 8.247 1.260 10.850 
151223132811 1.021 16.318 38.478 9.271 8.248 1.298 10.842 
151223134311 1.060 16.315 38.476 9.273 8.247 1.359 10.860 
151223135811 1.007 16.310 38.481 9.274 8.247 1.731 10.867 
151223141311 1.027 16.313 38.481 9.276 8.247 1.192 10.853 
151223142811 1.010 16.312 38.480 9.277 8.248 1.533 10.844 
151223144311 1.057 16.315 38.480 9.279 8.248 1.495 10.862 
151223145811 1.023 16.314 38.485 9.281 8.248 1.549 10.868 
151223151311 1.017 16.308 38.479 9.284 8.248 2.110 10.835 
151223152811 0.967 16.303 38.481 9.288 8.248 2.452 10.840 
151223154311 1.048 16.304 38.475 9.289 8.248 2.422 10.860 
151223155811 0.986 16.300 38.482 9.289 8.248 3.135 10.867 
151223161311 1.050 16.297 38.483 9.292 8.248 3.006 10.849 
151223162811 1.008 16.286 38.487 9.294 8.249 4.426 10.844 
151223164311 1.036 16.279 38.480 9.299 8.249 3.317 10.862 
151223165811 1.027 16.283 38.481 9.299 8.249 4.289 10.868 
151223171311 1.019 16.256 38.486 9.310 8.249 3.492 10.836 
151223172811 1.049 16.272 38.482 9.304 8.249 3.864 10.840 
151223174311 1.030 16.254 38.486 9.307 8.249 3.416 10.860 
151223175811 1.036 16.262 38.473 9.307 8.248 3.978 10.867 
151223181311 1.038 16.262 38.486 9.307 8.249 3.302 10.853 
151223182811 1.064 16.258 38.490 9.306 8.250 3.583 10.844 
151223184311 1.070 16.254 38.487 9.307 8.249 3.507 10.862 
151223185811 1.066 16.258 38.468 9.310 8.249 3.219 10.868 
151223191311 1.064 16.260 38.478 9.305 8.248 3.758 10.852 
151223192811 1.055 16.247 38.478 9.309 8.248 3.758 10.844 
151223194311 1.036 16.260 38.487 9.302 8.248 3.538 10.862 
151223195811 1.032 16.237 38.479 9.304 8.248 3.682 10.868 
151223201311 1.082 16.242 38.482 9.301 8.248 3.910 10.836 
151223202811 1.051 16.243 38.479 9.300 8.248 4.206 10.840 
151223204311 1.040 16.253 38.484 9.296 8.247 3.249 10.860 
151223205811 1.104 16.247 38.481 9.297 8.248 5.359 10.867 
151223211311 1.068 16.248 38.485 9.295 8.247 3.424 10.853 
151223212811 1.030 16.252 38.488 9.292 8.248 4.046 10.844 
151223214311 1.044 16.218 38.486 9.297 8.246 3.340 10.862 
151223215811 1.089 16.228 38.485 9.293 8.248 4.031 10.868 
151223221311 1.108 16.223 38.485 9.292 8.247 3.659 10.853 
151223222811 1.045 16.237 38.484 9.286 8.248 3.879 10.844 
151223224311 1.047 16.237 38.483 9.285 8.248 4.152 10.861 
151223225811 1.064 16.231 38.486 9.283 8.248 3.689 10.868 
151223231311 1.073 16.206 38.488 9.285 8.247 3.735 10.836 
151223232811 1.052 16.208 38.477 9.285 8.248 3.500 10.840 
151223234311 1.004 16.198 38.486 9.286 8.249 3.720 10.859 
151223235811 1.130 16.199 38.486 9.282 8.248 3.014 10.866 
161223001311 1.084 16.197 38.473 9.285 8.248 3.538 10.853 
161223002811 1.101 16.194 38.480 9.282 8.248 3.454 10.843 
161223004311 1.025 16.198 38.487 9.276 8.248 3.401 10.861 
161223005811 1.052 16.193 38.488 9.275 8.247 3.887 10.867 
161223011311 1.105 16.180 38.471 9.285 8.248 4.767 10.852 
161223012811 1.092 16.179 38.484 9.276 8.248 3.279 10.843 
161223014311 1.121 16.185 38.492 9.270 8.246 3.257 10.860 
161223015811 1.090 16.171 38.491 9.271 8.247 3.295 10.867 
161223021311 1.123 16.180 38.488 9.269 8.247 4.008 10.835 
161223022811 1.082 16.179 38.484 9.267 8.248 4.456 10.839 
161223024311 1.073 16.158 38.485 9.274 8.247 3.621 10.858 
161223025811 1.090 16.172 38.482 9.269 8.247 3.454 10.865 
161223031311 1.078 16.171 38.490 9.261 8.248 6.324 10.854 
161223032811 1.074 16.165 38.492 9.259 8.248 3.947 10.843 
161223034311 1.104 16.171 38.488 9.255 8.247 4.259 10.860 
161223035811 1.076 16.165 38.487 9.257 8.247 3.705 10.867 
161223041311 1.103 16.152 38.473 9.265 8.246 3.720 10.852 
161223042811 1.084 16.154 38.483 9.257 8.247 10.005 10.842 
161223044311 1.096 16.159 38.474 9.257 8.248 3.849 10.860 
161223045811 1.105 16.148 38.491 9.255 8.247 3.925 10.866 
161223051311 1.092 16.139 38.484 9.257 8.246 3.902 10.836 
161223052811 1.059 16.151 38.483 9.253 8.247 3.780 10.839 
161223054311 1.093 16.140 38.479 9.253 8.247 4.395 10.858 
161223055811 1.073 16.143 38.489 9.249 8.247 4.319 10.865 
161223061311 1.103 16.140 38.498 9.248 8.247 4.145 10.851 
161223062811 1.093 16.111 38.492 9.251 8.248 3.780 10.842 
161223064311 1.093 16.141 38.482 9.244 8.248 4.365 10.859 
161223065811 1.120 16.141 38.488 9.243 8.248 3.712 10.866 
161223071311 1.102 16.119 38.477 9.247 8.248 3.538 10.843 
161223072811 1.107 16.113 38.481 9.245 8.248 3.947 10.840 
161223074311 1.093 16.109 38.486 9.243 8.248 3.636 10.858 
161223075811 1.111 16.130 38.479 9.238 8.247 3.773 10.866 
161223081311 1.111 16.125 38.485 9.235 8.247 3.651 10.851 
161223082811 1.106 16.121 38.486 9.236 8.248 6.210 10.842 
161223084311 1.122 16.126 38.482 9.233 8.248 2.900 10.859 
161223085811 1.112 16.121 38.477 9.233 8.248 2.824 10.866 
161223091311 1.098 16.121 38.487 9.233 8.247 2.414 10.852 
161223092811 1.098 16.100 38.483 9.234 8.247 2.012 10.842 
161223094311 1.129 16.118 38.481 9.232 8.247 1.845 10.859 
161223095811 1.119 16.113 38.492 9.230 8.247 1.427 10.866 
161223101311 1.112 16.119 38.486 9.228 8.246 1.480 10.851 
161223102811 1.090 16.117 38.482 9.227 8.246 1.761 10.842 
161223104311 1.088 16.120 38.482 9.224 8.246 1.450 10.859 
161223105811 1.119 16.112 38.482 9.226 8.247 1.974 10.866 
161223111311 1.110 16.119 38.486 9.225 8.246 1.609 10.834 
161223112811 1.125 16.106 38.488 9.225 8.247 2.156 10.838 
161223114311 1.109 16.119 38.490 9.222 8.247 2.255 10.857 
161223115811 1.131 16.118 38.493 9.223 8.247 1.541 10.864 
161223121311 1.127 16.114 38.503 9.223 8.246 1.754 10.852 
