SAMBAT Sea Ti  C/T/D/Odo/Fluo/pH GPS : 50195 
V:0,Pression (0/50),dba
V:1,Température (-5/35),°C
V:2,Salinité (2/42),g/l
V:3,Oxygène (0/20),mgl
V:4,PH (0/14),pH
V:5,Fluorescence (0/500),ppb
V:6,Tension batterie,V
110423103305 0.852 15.032 38.175 10.748 8.269 0.698 10.726 
110423104804 0.890 15.028 38.188 10.760 8.264 0.478 10.799 
110423110304 0.877 15.293 38.192 10.678 8.261 0.440 10.832 
110423111804 0.841 15.162 38.203 10.723 8.259 0.622 10.846 
110423113304 0.820 15.080 38.194 10.753 8.258 0.638 10.853 
110423114804 0.894 15.163 38.198 10.729 8.250 0.425 10.831 
110423120304 0.797 15.113 38.195 10.738 8.248 0.812 10.847 
110423121804 0.758 15.154 38.199 10.725 8.244 0.941 10.855 
110423123304 0.806 15.166 38.194 10.722 8.243 1.040 10.858 
110423124804 0.832 15.160 38.180 10.723 8.240 0.531 10.824 
110423130304 0.857 15.156 38.188 10.721 8.240 0.789 10.846 
110423131804 0.783 15.219 38.185 10.695 8.238 0.418 10.854 
110423133304 0.878 15.195 38.178 10.698 8.239 0.622 10.858 
110423134804 0.881 15.145 38.187 10.700 8.241 0.812 10.834 
110423140304 0.817 15.203 38.151 10.684 8.240 0.569 10.850 
110423141804 0.848 15.267 38.184 10.650 8.238 0.752 10.856 
110423143304 0.796 15.315 38.178 10.630 8.236 0.486 10.860 
110423144804 0.775 15.347 38.176 10.619 8.235 0.501 10.835 
110423150304 0.820 15.352 38.172 10.616 8.234 0.676 10.851 
110423151804 0.781 15.357 38.161 10.613 8.234 1.010 10.857 
110423153304 0.812 15.349 38.175 10.613 8.234 0.691 10.860 
110423154804 0.766 15.352 38.187 10.609 8.234 0.774 10.826 
110423160304 0.839 15.369 38.175 10.601 8.234 0.850 10.848 
110423161804 0.864 15.368 38.199 10.591 8.234 0.820 10.856 
110423163304 0.856 15.425 38.192 10.566 8.235 1.275 10.860 
110423164804 0.797 15.400 38.178 10.569 8.236 1.587 10.835 
110423170304 0.818 15.375 38.185 10.574 8.237 1.905 10.852 
110423171804 0.824 15.311 38.167 10.581 8.238 2.505 10.858 
110423173304 0.785 15.332 38.184 10.574 8.238 2.627 10.861 
110423174804 0.867 15.316 38.185 10.576 8.238 2.854 10.836 
110423180304 0.757 15.308 38.182 10.586 8.238 2.885 10.852 
110423181804 0.899 15.336 38.183 10.576 8.238 3.014 10.858 
110423183304 0.787 15.315 38.197 10.584 8.239 2.999 10.861 
110423184804 0.679 15.303 38.179 10.600 8.242 3.090 10.835 
110423190304 0.811 15.302 38.187 10.603 8.241 2.763 10.851 
110423191804 0.701 15.280 38.194 10.616 8.243 2.999 10.857 
110423193304 0.749 15.219 38.189 10.638 8.245 3.143 10.860 
110423194804 0.724 15.189 38.188 10.660 8.246 2.953 10.826 
110423200304 0.812 15.157 38.190 10.675 8.247 2.839 10.846 
110423201804 0.729 15.129 38.186 10.687 8.248 2.740 10.855 
110423203304 0.756 15.122 38.195 10.691 8.247 3.128 10.858 
110423204804 0.763 15.112 38.196 10.696 8.248 2.892 10.833 
110423210304 0.813 15.089 38.186 10.705 8.249 2.999 10.849 
110423211804 0.818 15.032 38.185 10.732 8.249 2.551 10.856 
110423213304 0.807 14.989 38.191 10.747 8.250 3.029 10.859 
110423214804 0.791 14.980 38.185 10.759 8.250 2.718 10.823 
110423220304 0.783 14.976 38.184 10.764 8.251 2.870 10.845 
110423221804 0.742 14.955 38.183 10.774 8.249 2.991 10.853 
110423223304 0.830 14.957 38.184 10.778 8.250 2.718 10.856 
110423224804 0.874 14.954 38.185 10.780 8.250 2.718 10.831 
110423230304 0.880 14.957 38.183 10.781 8.249 3.120 10.848 
110423231804 0.908 14.947 38.185 10.783 8.248 2.794 10.854 
110423233304 0.849 14.956 38.186 10.782 8.248 2.566 10.857 
110423234804 0.649 14.943 38.185 10.786 8.250 2.809 10.831 
120423000304 0.874 14.919 38.182 10.795 8.251 2.611 10.847 
120423001804 0.808 14.888 38.186 10.802 8.250 2.801 10.854 
120423003304 0.480 14.884 38.182 10.802 8.247 2.452 10.857 
120423004804 0.815 14.881 38.182 10.802 8.247 2.824 10.822 
120423010304 0.729 14.862 38.179 10.809 8.248 2.657 10.843 
120423011804 0.896 14.850 38.178 10.808 8.246 2.778 10.851 
120423013304 0.861 14.855 38.175 10.800 8.244 2.627 10.855 
120423014804 0.702 14.853 38.182 10.793 8.245 2.566 10.831 
120423020304 0.855 14.843 38.181 10.790 8.246 2.315 10.846 
120423021804 0.732 14.827 38.178 10.789 8.246 2.475 10.853 
120423023304 0.831 14.829 38.185 10.780 8.246 2.399 10.856 
120423024804 0.758 14.821 38.182 10.774 8.246 2.368 10.831 
120423030304 0.739 14.820 38.188 10.770 8.250 2.505 10.847 
120423031804 0.630 14.829 38.188 10.763 8.252 2.315 10.853 
120423033304 0.858 14.846 38.182 10.756 8.255 2.832 10.856 
120423034804 0.795 14.873 38.193 10.741 8.260 2.528 10.821 
120423040304 0.654 14.920 38.195 10.732 8.260 2.513 10.842 
120423041804 0.768 14.932 38.200 10.727 8.260 2.657 10.851 
120423043304 0.786 14.937 38.197 10.725 8.260 2.589 10.855 
120423044804 0.744 14.953 38.199 10.720 8.260 2.353 10.830 
120423050304 0.775 14.948 38.195 10.725 8.262 2.687 10.846 
120423051804 0.766 14.952 38.200 10.728 8.263 2.444 10.853 
120423053304 0.837 14.946 38.197 10.735 8.265 2.353 10.856 
120423054804 0.788 14.953 38.195 10.738 8.269 2.915 10.832 
120423060304 0.770 14.935 38.194 10.747 8.272 2.953 10.848 
120423061804 0.703 14.905 38.175 10.765 8.278 2.543 10.854 
120423063304 0.690 14.869 38.177 10.794 8.287 2.520 10.857 
120423064804 0.787 14.903 38.182 10.793 8.278 2.687 10.822 
120423070304 0.757 14.911 38.167 10.802 8.274 1.291 10.843 
120423071804 0.704 14.937 38.189 10.824 8.304 1.010 10.851 
120423073304 0.777 15.012 38.195 10.824 8.301 0.865 10.855 
120423074804 0.760 15.032 38.189 10.851 8.306 0.729 10.831 
120423080304 0.786 15.055 38.189 10.880 8.311 0.782 10.847 
120423081804 0.702 15.062 38.190 10.912 8.310 0.774 10.854 
120423083304 0.753 15.095 38.190 10.922 8.293 2.315 10.857 
120423084804 0.785 15.134 38.208 10.930 8.279 0.789 10.830 
120423090304 0.691 15.198 38.194 10.937 8.290 1.124 10.847 
120423091804 0.771 15.232 38.206 10.946 8.293 0.721 10.854 
120423093304 0.772 15.271 38.191 10.962 8.294 0.865 10.857 
120423094804 0.761 15.282 38.200 10.981 8.296 0.752 10.824 
120423100304 0.740 15.307 38.183 10.997 8.296 0.486 10.845 
120423101804 0.924 15.329 38.201 11.010 8.297 0.660 10.853 
120423103304 0.764 15.322 38.179 11.035 8.298 0.653 10.857 
