SAMBAT Sea Ti  C/T/D/Odo/Fluo/pH GPS : 50195 
V:0,Pression (0/50),m
V:1,Température (-5/35),°C
V:2,Salinité (2/42),g/l
V:3,Oxygène (0/20),mgl
V:4,PH (0/14),pH
V:5,Fluorescence (0/50),µgl
V:6,Tension batterie,V
010205190744 0.093 11.005 0.006 11.041 8.125 0.058 10.666 
010205192243 0.937 14.459 37.655 10.001 8.272 0.325 10.810 
010205193743 0.918 14.488 37.452 9.944 8.264 0.255 10.845 
010205195243 0.920 14.482 37.510 9.892 8.264 0.242 10.864 
010205200755 0.939 14.496 37.576 9.846 8.262 0.265 10.777 
010205202243 0.962 14.505 37.613 9.806 7.970 0.215 10.611 
010205203743 0.897 14.505 37.615 9.772 8.263 0.206 10.805 
010205205243 0.927 14.514 37.621 9.737 8.263 0.193 10.849 
010205210752 0.980 14.540 37.629 9.697 8.262 0.212 10.787 
010205212243 0.949 14.544 37.634 9.661 8.260 0.214 10.862 
010205213743 0.883 14.551 37.639 9.650 8.258 0.170 10.881 
010205215243 0.921 14.586 37.649 9.673 8.255 0.190 10.890 
010205220752 0.955 14.582 37.652 9.700 8.254 0.148 10.806 
010205222243 0.935 14.588 37.649 9.720 8.254 0.188 10.874 
010205223743 0.832 14.606 37.657 9.739 8.252 0.165 10.890 
010205225243 0.864 14.618 37.669 9.748 8.251 0.170 10.897 
010205230752 0.948 14.667 37.675 9.742 8.250 0.163 10.811 
010205232243 0.881 14.691 37.679 9.750 8.250 0.191 10.875 
010205233743 0.908 14.717 37.682 9.760 8.249 0.209 10.893 
010205235243 0.924 14.694 37.686 9.774 8.249 0.168 10.900 
020205000752 0.871 14.698 37.687 9.779 8.247 0.189 10.814 
020205002243 0.944 14.666 37.684 9.794 8.247 0.222 10.880 
020205003743 0.932 14.674 37.690 9.801 8.246 0.205 10.895 
020205005243 0.935 14.682 37.689 9.808 8.246 0.346 10.901 
020205010752 0.898 14.680 37.692 9.815 8.245 0.391 10.816 
020205012243 0.836 14.668 37.698 9.824 8.245 0.496 10.881 
020205013743 0.883 14.642 37.699 9.845 8.245 0.468 10.897 
020205015243 0.859 14.643 37.703 9.845 8.245 0.671 10.902 
020205020752 0.894 14.637 37.704 9.848 8.245 0.646 10.816 
020205022243 0.853 14.630 37.711 9.857 8.245 0.599 10.882 
020205023743 0.914 14.620 37.713 9.866 8.245 0.712 10.897 
020205025243 0.921 14.611 37.713 9.873 8.245 0.657 10.903 
020205030752 0.901 14.577 37.721 9.879 8.245 0.729 10.816 
020205032243 0.912 14.568 37.720 9.891 8.246 0.634 10.873 
020205033743 0.849 14.555 37.720 9.904 8.246 0.646 10.893 
020205035243 0.835 14.543 37.723 9.913 8.246 0.589 10.901 
020205040752 0.886 14.541 37.729 9.913 8.246 0.636 10.815 
020205042243 0.875 14.557 37.728 9.915 8.246 0.621 10.881 
020205043743 0.919 14.542 37.726 9.928 8.246 0.562 10.896 
020205045243 0.900 14.539 37.731 9.931 8.246 0.653 10.902 
020205050752 0.936 14.545 37.736 9.929 8.247 0.684 10.816 
020205052243 0.863 14.543 37.746 9.930 8.248 0.577 10.881 
020205053743 0.898 14.541 37.738 9.935 8.248 0.603 10.896 
020205055243 0.929 14.529 37.740 9.941 8.249 0.619 10.902 
020205060752 0.861 14.524 37.744 9.941 8.249 0.828 10.816 
020205062243 0.834 14.521 37.748 9.940 8.250 0.713 10.881 
020205063743 0.908 14.538 37.752 9.934 8.250 0.670 10.896 
020205065243 0.857 14.533 37.751 9.933 8.251 0.589 10.902 
020205070752 0.850 14.549 37.757 9.927 8.252 0.642 10.818 
020205072243 0.824 14.553 37.755 9.927 8.252 0.662 10.879 
020205073743 0.937 14.547 37.759 9.928 8.253 0.716 10.896 
020205075243 0.835 14.541 37.758 9.932 8.253 0.597 10.902 
020205080752 0.896 14.553 37.759 9.930 8.254 0.655 10.817 
020205082243 0.831 14.540 37.762 9.935 8.254 0.570 10.881 
020205083743 0.822 14.555 37.765 9.922 8.255 0.619 10.896 
020205085243 0.849 14.552 37.770 9.927 8.255 0.643 10.902 
020205090752 0.875 14.550 37.768 9.931 8.256 0.830 10.817 
020205092243 0.863 14.544 37.769 9.933 8.256 0.574 10.881 
020205093743 0.844 14.534 37.766 9.940 8.257 0.717 10.896 
020205095243 0.884 14.540 37.775 9.939 8.258 0.718 10.902 
020205100752 0.878 14.537 37.777 9.943 8.258 0.679 10.817 
020205102243 0.861 14.533 37.779 9.945 8.260 0.703 10.881 
020205103743 0.861 14.541 37.779 9.942 8.259 0.570 10.897 
020205105243 0.839 14.534 37.780 9.947 8.260 0.598 10.902 
020205110752 0.841 14.543 37.783 9.949 8.260 0.687 10.818 
020205112243 0.860 14.533 37.781 9.950 8.261 0.604 10.882 
020205113743 0.830 14.529 37.782 9.951 8.261 0.602 10.896 
020205115243 0.841 14.458 37.768 9.969 8.262 0.634 10.902 
020205120751 0.883 14.463 37.774 9.963 8.262 0.640 10.818 
020205122243 0.876 14.418 37.753 9.977 8.263 0.574 10.878 
020205123743 0.844 14.511 37.804 9.946 8.264 0.692 10.895 
020205125243 0.816 14.524 37.787 9.947 8.264 0.534 10.901 
020205130752 0.854 14.514 37.787 9.951 8.265 0.717 10.818 
020205132243 0.797 14.512 37.793 9.949 8.265 0.728 10.881 
020205133743 0.831 14.491 37.792 9.953 8.265 0.641 10.896 
020205135243 0.793 14.508 37.789 9.952 8.265 0.615 10.902 
020205140751 0.834 14.476 37.788 9.961 8.266 0.786 10.818 
020205142243 0.898 14.501 37.789 9.960 8.265 0.601 10.881 
020205143743 0.820 14.494 37.797 9.964 8.267 0.586 10.896 
020205145243 0.815 14.499 37.795 9.966 8.267 0.615 10.901 
020205150751 0.798 14.505 37.792 9.966 8.267 0.799 10.820 
020205152243 0.822 14.516 37.807 9.957 8.270 0.578 10.878 
020205153743 0.780 14.533 37.807 9.958 8.270 0.612 10.895 
020205155243 0.836 14.544 37.809 9.959 8.270 0.589 10.901 
020205160751 0.822 14.546 37.808 9.963 8.270 0.646 10.819 
020205162243 0.861 14.541 37.796 9.972 8.271 0.666 10.881 
020205163743 0.846 14.537 37.811 9.966 8.271 0.685 10.896 
020205165243 0.813 14.533 37.805 9.974 8.271 0.712 10.901 
020205170751 0.851 14.530 37.808 9.984 8.271 0.750 10.819 
020205172243 0.773 14.534 37.816 9.982 8.272 0.637 10.881 
020205173743 0.791 14.534 37.813 9.983 8.272 0.591 10.896 
020205175243 0.834 14.525 37.813 9.988 8.272 0.667 10.901 
020205180751 0.790 14.549 37.815 9.979 8.273 0.668 10.819 
020205182243 0.765 14.543 37.818 9.983 8.273 0.685 10.877 
020205183743 0.812 14.542 37.823 9.979 8.273 0.568 10.894 
020205185243 0.765 14.528 37.822 9.989 8.274 0.720 10.901 
020205190751 0.766 14.543 37.820 9.989 8.274 0.568 10.819 
