SAMBAT Sea Ti  C/T/D/Odo/Fluo/pH GPS : 50195 
V:0,Pression (0/50),dba
V:1,Température (-5/35),°C
V:2,Salinité (2/42),g/l
V:3,Oxygène (0/20),mgl
V:4,PH (0/14),pH
V:5,Fluorescence (0/500),ppb
V:6,Tension batterie,V
160224150221 0.956 14.872 35.664 9.910 8.260 2.778 10.737 
160224151720 0.954 14.912 35.597 9.907 8.262 3.409 10.809 
160224153220 0.949 14.958 35.670 9.904 8.261 3.492 10.823 
160224154720 0.943 14.984 35.641 9.896 8.261 4.851 10.845 
160224160220 0.958 14.942 35.703 9.911 8.258 5.739 10.854 
160224161720 0.948 14.967 35.623 9.908 8.256 6.202 10.842 
160224163220 0.951 14.918 35.650 9.923 8.255 6.885 10.831 
160224164720 0.952 14.865 35.652 9.941 8.255 6.468 10.848 
160224170220 0.959 14.813 35.700 9.957 8.255 7.477 10.855 
160224171720 0.949 14.802 35.600 9.961 8.254 8.457 10.842 
160224173220 0.964 14.799 35.572 9.958 8.252 8.434 10.831 
160224174720 0.963 14.781 35.810 9.956 8.251 8.540 10.848 
160224180220 0.957 14.758 35.981 9.958 8.250 9.064 10.855 
160224181720 0.964 14.688 35.681 9.974 8.250 8.996 10.842 
160224183220 0.963 14.648 35.678 9.981 8.249 9.459 10.831 
160224184720 0.977 14.669 35.679 9.969 8.248 8.047 10.848 
160224190220 0.984 14.646 35.724 9.967 8.247 8.662 10.854 
160224191720 0.968 14.637 35.681 9.966 8.247 8.631 10.841 
160224193220 0.964 14.637 35.630 9.960 8.246 9.671 10.829 
160224194720 0.963 14.631 35.651 9.954 8.245 9.064 10.846 
160224200220 0.974 14.635 35.618 9.947 8.244 9.383 10.853 
160224201720 0.981 14.610 35.585 9.949 8.243 8.586 10.841 
160224203220 0.976 14.580 35.525 9.949 8.244 8.639 10.829 
160224204720 0.976 14.583 35.521 9.945 8.243 12.951 10.846 
160224210220 0.991 14.553 35.519 9.946 8.243 10.013 10.853 
160224211720 0.957 14.537 35.534 9.949 8.243 9.125 10.833 
160224213220 0.988 14.519 35.534 9.951 8.245 9.322 10.828 
160224214720 0.991 14.512 35.497 9.949 8.245 9.254 10.845 
160224220220 0.976 14.491 35.568 9.952 8.245 10.096 10.852 
160224221720 0.983 14.476 35.398 9.954 8.244 9.018 10.840 
160224223220 0.989 14.453 35.400 9.956 8.244 9.603 10.828 
160224224720 0.981 14.441 35.489 9.957 8.244 10.689 10.845 
160224230220 0.986 14.421 35.814 9.963 8.242 10.969 10.852 
160224231720 0.989 14.411 35.569 9.963 8.242 8.624 10.839 
160224233220 0.994 14.402 35.479 9.960 8.242 9.876 10.827 
160224234720 0.969 14.387 35.436 9.959 8.244 8.882 10.844 
170224000220 0.982 14.378 35.404 9.959 8.243 10.856 10.851 
170224001720 0.991 14.358 35.419 9.958 8.243 10.339 10.838 
170224003220 0.980 14.360 35.435 9.954 8.241 9.687 10.827 
170224004720 0.983 14.355 35.443 9.949 8.241 9.504 10.844 
170224010220 0.993 14.359 35.508 9.944 8.241 11.645 10.851 
170224011720 0.990 14.351 35.475 9.941 8.239 10.590 10.839 
170224013220 0.981 14.347 35.494 9.937 8.240 10.408 10.827 
170224014720 0.981 14.345 35.543 9.933 8.238 11.212 10.844 
170224020220 0.996 14.337 36.108 9.931 8.240 9.497 10.851 
170224021720 0.993 14.347 35.529 9.921 8.239 10.203 10.838 
170224023220 0.982 14.347 35.605 9.917 8.240 10.522 10.827 
170224024720 0.994 14.348 35.508 9.912 8.239 9.261 10.843 
170224030220 0.981 14.347 35.530 9.905 8.240 10.635 10.851 
170224031720 0.998 14.344 35.629 9.902 8.239 10.036 10.829 
170224033220 0.997 14.341 35.635 9.896 8.239 10.529 10.825 
170224034720 1.003 14.341 35.538 9.892 8.241 10.537 10.842 
170224040220 0.984 14.339 35.609 9.888 8.241 9.899 10.850 
170224041720 0.980 14.333 36.111 9.885 8.241 10.544 10.838 
170224043220 0.971 14.325 35.442 9.882 8.242 9.983 10.827 
170224044720 0.991 14.315 36.065 9.889 8.244 9.649 10.843 
170224050220 0.986 14.299 36.056 9.893 8.245 8.358 10.850 
170224051720 0.985 14.269 36.035 9.899 8.245 10.059 10.837 
170224053220 1.007 14.220 36.070 9.910 8.247 7.895 10.826 
170224054720 0.994 14.278 35.527 9.895 8.241 9.869 10.843 
170224060220 0.995 14.287 35.473 9.891 8.241 8.388 10.850 
170224061720 0.993 14.296 35.444 9.885 8.240 8.586 10.838 
170224063220 1.001 14.294 35.461 9.885 8.241 8.168 10.826 
170224064720 0.998 14.285 35.489 9.884 8.242 9.489 10.843 
170224070220 0.992 14.293 35.527 9.882 8.243 10.339 10.850 
170224071720 1.015 14.293 35.510 9.883 8.242 8.555 10.838 
170224073220 1.000 14.290 35.537 9.882 8.244 8.555 10.826 
170224074720 1.006 14.285 35.540 9.884 8.244 7.720 10.842 
170224080220 1.023 14.271 35.449 9.887 8.244 7.045 10.850 
170224081720 0.994 14.282 35.513 9.886 8.245 7.538 10.838 
170224083220 1.018 14.271 35.495 9.891 8.245 7.204 10.826 
170224084720 1.008 14.272 35.525 9.892 8.246 7.417 10.842 
170224090220 1.034 14.275 35.490 9.893 8.247 5.853 10.850 
170224091720 1.030 14.275 35.474 9.900 8.247 4.593 10.838 
170224093220 1.013 14.276 35.479 9.905 8.248 3.720 10.826 
170224094720 1.018 14.280 35.420 9.910 8.249 3.553 10.843 
170224100220 1.023 14.280 35.467 9.916 8.249 3.333 10.850 
170224101720 1.013 14.287 35.480 9.923 8.250 3.371 10.838 
170224103220 1.023 14.293 35.375 9.929 8.250 2.642 10.826 
170224104720 1.023 14.300 35.351 9.936 8.249 2.573 10.842 
170224110220 1.020 14.318 35.377 9.933 8.250 2.536 10.849 
170224111720 1.031 14.319 35.369 9.945 8.251 1.731 10.835 
170224113220 1.040 14.352 35.419 9.940 8.251 1.875 10.826 
170224114720 1.026 14.356 35.438 9.952 8.253 1.913 10.843 
170224120220 1.018 14.375 35.389 9.961 8.254 1.670 10.850 
170224121720 1.043 14.381 35.364 9.971 8.255 1.731 10.837 
170224123220 1.024 14.523 35.391 9.944 8.260 1.959 10.827 
170224124720 1.042 14.600 35.395 9.933 8.260 2.057 10.845 
170224130220 1.033 14.553 35.519 9.958 8.260 2.042 10.852 
170224131720 1.032 14.604 35.471 9.952 8.260 1.928 10.831 
170224133220 1.022 14.753 35.468 9.924 8.260 1.412 10.827 
170224134720 1.003 14.727 35.416 9.951 8.262 1.359 10.844 
170224140220 1.015 14.770 35.471 9.936 8.259 1.533 10.852 
170224141720 0.999 14.801 35.694 9.940 8.262 1.655 10.840 
170224143220 1.037 14.815 35.220 9.947 8.260 1.435 10.829 
170224144720 1.033 14.808 35.413 9.956 8.261 1.526 10.846 
170224150220 1.023 14.791 35.367 9.967 8.256 1.420 10.853 
