SAMBAT Sea Ti  C/T/D/Odo/Fluo/pH GPS : 50195 
V:0,Pression (0/50),dba
V:1,Température (-5/35),°C
V:2,Salinité (2/42),g/l
V:3,Oxygène (0/20),mgl
V:4,PH (0/14),pH
V:5,Fluorescence (0/500),ppb
V:6,Tension batterie,V
100124133351 0.941 14.785 39.252 9.506 8.247 3.052 10.739 
100124134850 0.992 14.789 39.259 9.504 8.246 3.674 10.820 
100124140350 1.032 14.824 39.282 9.496 8.250 3.378 10.846 
100124141850 0.970 14.857 39.309 9.486 8.253 3.743 10.838 
100124143350 0.999 14.850 39.308 9.489 8.251 2.938 10.840 
100124144850 1.003 14.874 39.317 9.479 8.253 2.665 10.855 
100124150350 0.941 14.894 39.331 9.475 8.253 3.181 10.862 
100124151850 0.964 14.911 39.337 9.472 8.254 3.112 10.854 
100124153350 0.932 14.927 39.340 9.470 8.254 3.674 10.845 
100124154850 0.981 14.914 39.347 9.473 8.251 3.818 10.859 
100124160350 0.972 14.920 39.353 9.471 8.251 3.887 10.865 
100124161850 1.016 14.919 39.356 9.474 8.254 4.039 10.856 
100124163350 1.014 14.915 39.354 9.476 8.251 4.145 10.847 
100124164850 0.986 14.903 39.356 9.477 8.249 4.031 10.860 
100124170350 1.015 14.913 39.358 9.477 8.251 4.054 10.866 
100124171850 1.011 14.912 39.356 9.477 8.250 4.616 10.845 
100124173350 0.983 14.900 39.361 9.479 8.249 4.016 10.844 
100124174850 0.989 14.901 39.357 9.480 8.249 4.236 10.859 
100124180350 0.952 14.918 39.355 9.478 8.249 4.646 10.865 
100124181850 0.981 14.891 39.353 9.481 8.248 3.887 10.854 
100124183350 1.028 14.895 39.357 9.479 8.248 3.834 10.846 
100124184850 0.988 14.900 39.360 9.478 8.249 3.606 10.860 
100124190350 0.999 14.913 39.356 9.479 8.250 4.585 10.866 
100124191850 1.000 14.907 39.353 9.481 8.249 4.046 10.844 
100124193350 0.960 14.909 39.361 9.482 8.249 4.282 10.844 
100124194850 0.996 14.905 39.352 9.485 8.247 3.841 10.859 
100124200350 0.982 14.911 39.356 9.485 8.247 4.517 10.865 
100124201850 1.004 14.903 39.344 9.488 8.248 4.433 10.856 
100124203350 0.976 14.895 39.358 9.490 8.247 4.608 10.847 
100124204850 1.024 14.905 39.359 9.488 8.248 4.008 10.860 
100124210350 0.973 14.908 39.370 9.488 8.249 4.942 10.866 
100124211850 1.020 14.903 39.356 9.490 8.247 4.228 10.845 
100124213350 0.993 14.895 39.362 9.492 8.247 4.471 10.844 
100124214850 0.997 14.895 39.361 9.491 8.247 4.327 10.859 
100124220350 0.992 14.879 39.360 9.497 8.246 5.056 10.865 
100124221850 0.954 14.817 39.309 9.516 8.246 4.578 10.857 
100124223350 0.993 14.769 39.282 9.526 8.246 3.780 10.847 
100124224850 0.998 14.787 39.292 9.521 8.246 4.023 10.860 
100124230350 0.946 14.803 39.298 9.520 8.245 3.484 10.865 
100124231850 0.967 14.806 39.318 9.518 8.247 4.221 10.856 
100124233350 1.033 14.800 39.315 9.521 8.248 4.039 10.846 
100124234850 0.993 14.832 39.354 9.513 8.251 3.872 10.860 
110124000350 0.970 14.840 39.358 9.511 8.253 5.739 10.865 
110124001850 0.941 14.870 39.361 9.499 8.252 3.887 10.844 
110124003350 0.947 14.850 39.352 9.511 8.251 5.375 10.844 
110124004850 0.968 14.873 39.352 9.503 8.250 4.555 10.859 
110124010350 0.956 14.886 39.349 9.503 8.252 4.077 10.865 
110124011850 1.008 14.867 39.346 9.511 8.250 3.583 10.856 
110124013350 0.962 14.880 39.349 9.507 8.251 5.079 10.847 
110124014850 0.908 14.880 39.352 9.509 8.250 4.282 10.860 
110124020350 0.961 14.859 39.349 9.519 8.248 3.538 10.866 
110124021850 0.993 14.827 39.331 9.531 8.248 4.388 10.849 
110124023350 0.975 14.802 39.321 9.536 8.248 4.023 10.845 
110124024850 0.977 14.817 39.319 9.532 8.246 4.190 10.859 
110124030350 0.976 14.828 39.326 9.536 8.246 4.350 10.865 
110124031850 0.990 14.806 39.317 9.535 8.247 4.319 10.855 
110124033350 0.941 14.790 39.311 9.536 8.246 3.894 10.847 
110124034850 0.971 14.789 39.304 9.536 8.246 3.803 10.860 
110124040350 0.973 14.754 39.297 9.545 8.245 4.304 10.865 
110124041850 0.934 14.793 39.310 9.534 8.247 3.758 10.856 
110124043350 1.006 14.805 39.319 9.532 8.250 3.811 10.846 
110124044850 0.965 14.829 39.324 9.526 8.253 3.500 10.860 
110124050350 0.972 14.806 39.331 9.531 8.251 4.016 10.865 
110124051850 0.988 14.770 39.295 9.539 8.249 4.061 10.844 
110124053350 0.973 14.777 39.298 9.536 8.246 3.651 10.843 
110124054850 0.979 14.779 39.341 9.532 8.245 3.826 10.858 
110124060350 0.937 14.777 39.338 9.533 8.247 3.333 10.864 
110124061850 0.941 14.787 39.362 9.527 8.250 4.904 10.855 
110124063350 0.897 14.783 39.360 9.526 8.248 4.168 10.846 
110124064850 0.910 14.799 39.359 9.521 8.250 3.788 10.859 
110124070350 0.952 14.812 39.367 9.518 8.249 3.849 10.865 
110124071850 1.004 14.780 39.382 9.521 8.248 4.555 10.844 
110124073350 1.011 14.795 39.354 9.517 8.248 3.522 10.843 
110124074850 0.949 14.821 39.375 9.509 8.251 4.585 10.858 
110124080350 0.990 14.813 39.369 9.508 8.249 4.585 10.864 
110124081850 0.995 14.824 39.361 9.505 8.249 4.661 10.855 
110124083350 1.042 14.821 39.371 9.504 8.250 4.244 10.846 
110124084850 1.002 14.828 39.376 9.503 8.251 4.206 10.860 
110124090350 0.931 14.834 39.387 9.503 8.248 4.046 10.865 
110124091850 0.941 14.833 39.369 9.503 8.248 3.940 10.857 
110124093350 0.987 14.851 39.368 9.500 8.251 3.348 10.847 
110124094850 0.962 14.835 39.308 9.507 8.250 3.378 10.860 
110124100350 0.937 14.841 39.310 9.508 8.248 3.788 10.865 
110124101850 1.003 14.850 39.311 9.506 8.249 3.689 10.854 
110124103350 0.997 14.851 39.312 9.507 8.250 3.902 10.846 
110124104850 0.909 14.843 39.304 9.513 8.249 3.705 10.860 
110124110350 0.967 14.835 39.305 9.516 8.247 6.415 10.865 
110124111850 0.929 14.846 39.311 9.515 8.248 3.887 10.845 
110124113350 0.997 14.828 39.297 9.522 8.247 3.454 10.843 
110124114850 1.002 14.855 39.314 9.517 8.250 2.801 10.858 
110124120350 0.998 14.871 39.314 9.510 8.251 3.598 10.865 
110124121850 0.922 14.868 39.315 9.511 8.250 3.310 10.857 
110124123350 0.998 14.865 39.316 9.514 8.249 3.522 10.847 
110124124850 0.938 14.873 39.316 9.516 8.248 3.006 10.860 
110124130350 0.979 14.872 39.323 9.519 8.250 2.718 10.866 
110124131850 0.941 14.887 39.324 9.519 8.248 2.262 10.856 
110124133350 0.958 14.885 39.341 9.520 8.247 2.824 10.846 
