SAMBAT Sea Ti  C/T/D/Odo/Fluo/pH GPS : 50195 
V:0,Pression (0/50),dba
V:1,Température (-5/35),°C
V:2,Salinité (2/42),g/l
V:3,Oxygène (0/20),mgl
V:4,PH (0/14),pH
V:5,Fluorescence (0/500),ppb
V:6,Tension batterie,V
150224150004 1.004 14.730 35.605 9.871 8.250 1.814 10.738 
150224151503 0.988 14.735 35.659 9.874 8.253 2.217 10.814 
150224153003 0.999 14.659 35.601 9.908 8.249 2.414 10.823 
150224154503 0.997 14.706 35.652 9.901 8.248 2.816 10.850 
150224160003 1.012 14.765 35.791 9.881 8.246 2.991 10.861 
150224161503 0.979 14.717 35.805 9.901 8.249 4.578 10.841 
150224163003 1.009 14.727 35.846 9.894 8.250 4.813 10.835 
150224164503 0.985 14.705 35.984 9.895 8.247 5.526 10.855 
150224170003 0.982 14.700 35.753 9.893 8.246 5.618 10.864 
150224171503 0.977 14.828 35.877 9.853 8.244 6.620 10.849 
150224173003 0.997 14.843 35.874 9.844 8.250 8.016 10.837 
150224174503 0.971 14.849 35.845 9.841 8.253 8.047 10.857 
150224180003 0.989 14.887 35.757 9.824 8.254 7.637 10.865 
150224181503 0.992 14.808 35.829 9.849 8.251 7.971 10.838 
150224183003 0.985 14.724 35.680 9.876 8.250 7.736 10.834 
150224184503 0.986 14.765 35.764 9.853 8.249 7.181 10.855 
150224190003 0.988 14.704 35.494 9.865 8.248 8.115 10.863 
150224191503 0.995 14.780 35.606 9.841 8.243 6.999 10.848 
150224193003 0.985 14.741 35.674 9.855 8.242 7.918 10.834 
150224194503 0.996 14.733 35.490 9.852 8.241 7.584 10.855 
150224200003 0.979 14.731 35.594 9.848 8.240 7.553 10.862 
150224201503 0.989 14.724 35.581 9.845 8.238 7.174 10.843 
150224203003 0.979 14.705 35.578 9.847 8.238 7.948 10.833 
150224204503 0.993 14.677 35.598 9.850 8.238 7.971 10.853 
150224210003 0.982 14.644 35.565 9.859 8.238 7.250 10.863 
150224211503 0.986 14.582 35.576 9.867 8.241 8.259 10.849 
150224213003 1.000 14.565 35.494 9.865 8.241 8.032 10.836 
150224214503 0.982 14.537 35.551 9.873 8.242 7.994 10.855 
150224220003 0.963 14.522 35.537 9.872 8.241 7.326 10.839 
150224221503 0.973 14.521 35.567 9.863 8.241 7.766 10.833 
150224223003 0.989 14.498 35.532 9.868 8.241 8.024 10.818 
150224224503 0.982 14.475 35.575 9.868 8.241 7.865 10.837 
150224230003 0.978 14.465 35.576 9.866 8.240 7.925 10.843 
150224231503 0.979 14.452 35.931 9.864 8.239 8.783 10.824 
150224233003 0.977 14.440 35.547 9.863 8.239 8.100 10.813 
150224234503 0.981 14.444 35.697 9.857 8.238 7.143 10.836 
160224000003 0.974 14.438 35.788 9.854 8.238 7.508 10.857 
160224001503 0.976 14.442 35.941 9.848 8.238 7.599 10.843 
160224003003 0.972 14.435 35.980 9.845 8.237 7.477 10.830 
160224004503 0.984 14.422 35.969 9.848 8.237 7.204 10.850 
160224010003 0.964 14.406 35.981 9.851 8.237 6.741 10.857 
160224011503 0.980 14.372 35.500 9.853 8.238 8.138 10.832 
160224013003 0.975 14.359 35.756 9.852 8.239 8.366 10.818 
160224014503 0.976 14.352 35.551 9.849 8.239 7.819 10.838 
160224020003 0.983 14.335 35.523 9.850 8.240 8.358 10.843 
160224021503 0.969 14.324 35.559 9.848 8.239 7.736 10.826 
160224023003 0.978 14.302 35.539 9.857 8.240 11.319 10.812 
160224024503 0.976 14.296 35.575 9.855 8.241 8.563 10.828 
160224030003 0.974 14.280 35.646 9.855 8.241 9.565 10.837 
160224031503 0.974 14.265 35.528 9.856 8.242 9.117 10.822 
160224033003 0.966 14.271 35.484 9.851 8.240 9.542 10.810 
160224034503 0.969 14.273 35.634 9.847 8.240 9.201 10.829 
160224040003 0.966 14.276 35.545 9.843 8.239 9.436 10.841 
160224041503 0.968 14.281 35.950 9.839 8.237 8.851 10.823 
160224043003 0.970 14.276 35.641 9.835 8.237 9.588 10.807 
160224044503 0.963 14.273 35.577 9.831 8.237 8.616 10.829 
160224050003 0.957 14.269 35.567 9.830 8.238 8.654 10.841 
160224051503 0.955 14.271 35.609 9.825 8.238 8.920 10.823 
160224053003 0.970 14.280 35.653 9.821 8.238 10.172 10.812 
160224054503 0.950 14.284 36.053 9.819 8.238 9.793 10.829 
160224060003 0.959 14.281 35.579 9.818 8.237 9.064 10.838 
160224061503 0.964 14.289 36.029 9.813 8.238 8.487 10.825 
160224063003 0.956 14.293 36.033 9.813 8.238 8.836 10.816 
160224064503 0.958 14.297 35.587 9.811 8.238 9.375 10.835 
160224070003 0.962 14.298 35.634 9.811 8.240 9.459 10.844 
160224071503 0.949 14.295 36.010 9.810 8.240 9.444 10.829 
160224073003 0.960 14.292 35.582 9.808 8.241 10.689 10.817 
160224074503 0.962 14.294 35.488 9.810 8.241 8.404 10.841 
160224080003 0.963 14.295 35.472 9.808 8.242 8.130 10.851 
160224081503 0.954 14.291 35.462 9.811 8.243 10.393 10.837 
160224083003 0.945 14.294 35.423 9.817 8.243 8.138 10.820 
160224084503 0.966 14.292 35.436 9.819 8.244 6.415 10.845 
160224090003 0.959 14.295 35.550 9.821 8.244 7.781 10.853 
160224091503 0.952 14.293 35.449 9.827 8.244 6.771 10.838 
160224093003 0.978 14.292 35.485 9.833 8.244 5.823 10.825 
160224094503 0.953 14.295 36.008 9.838 8.246 5.367 10.845 
160224100003 0.967 14.298 36.022 9.843 8.246 4.737 10.853 
160224101503 0.947 14.308 36.020 9.847 8.246 3.788 10.834 
160224103003 0.969 14.313 36.049 9.851 8.246 3.560 10.822 
160224104503 0.961 14.330 35.552 9.848 8.246 3.659 10.841 
160224110003 0.957 14.332 35.547 9.856 8.247 3.226 10.849 
160224111503 0.961 14.360 36.008 9.856 8.248 3.219 10.825 
160224113003 0.983 14.378 35.480 9.859 8.248 2.642 10.816 
160224114503 0.968 14.381 35.470 9.865 8.250 2.194 10.834 
160224120003 0.967 14.390 35.540 9.872 8.250 2.816 10.841 
160224121503 0.962 14.401 36.048 9.882 8.249 1.814 10.824 
160224123003 0.940 14.417 35.522 9.890 8.249 1.860 10.812 
160224124503 0.963 14.468 35.587 9.885 8.250 1.761 10.832 
160224130003 0.943 14.513 35.550 9.887 8.251 2.293 10.841 
160224131503 0.949 14.539 35.596 9.886 8.254 2.399 10.828 
160224133003 0.956 14.567 35.588 9.906 8.254 1.905 10.813 
160224134503 0.948 14.637 35.584 9.904 8.255 2.201 10.840 
160224140003 0.956 14.592 35.594 9.929 8.256 2.467 10.843 
160224141503 0.959 14.701 35.571 9.921 8.254 1.997 10.825 
160224143003 0.941 14.594 35.579 9.958 8.253 2.300 10.816 
160224144503 0.945 14.755 35.639 9.926 8.255 2.551 10.835 
160224150003 0.945 14.867 35.610 9.893 8.260 2.505 10.849 
