SAMBAT Sea Ti  C/T/D/Odo/Fluo/pH GPS : 50195 
V:0,Pression (0/50),dba
V:1,Température (-5/35),°C
V:2,Salinité (2/42),g/l
V:3,Oxygène (0/20),mgl
V:4,PH (0/14),pH
V:5,Fluorescence (0/500),ppb
V:6,Tension batterie,V
290224153357 0.823 14.371 32.628 10.013 8.250 4.798 10.737 
290224154856 0.868 14.359 32.778 10.010 8.250 5.967 10.818 
290224160356 0.841 14.356 32.601 10.007 8.250 5.208 10.845 
290224161856 0.808 14.349 32.550 10.008 8.250 5.314 10.845 
290224163356 0.857 14.349 32.585 10.007 8.249 5.382 10.836 
290224164856 0.861 14.353 32.572 10.003 8.249 5.967 10.854 
290224170356 0.803 14.350 33.277 10.001 8.250 5.542 10.862 
290224171856 0.792 14.342 32.550 10.001 8.249 5.845 10.839 
290224173356 0.810 14.347 32.554 10.000 8.250 5.375 10.835 
290224174856 0.793 14.347 32.554 9.999 8.250 5.086 10.854 
290224180356 0.822 14.325 32.517 10.003 8.247 5.618 10.862 
290224181856 0.858 14.348 32.635 9.998 8.247 4.790 10.853 
290224183356 0.872 14.331 32.410 9.999 8.249 5.230 10.838 
290224184856 0.807 14.336 32.337 9.994 8.249 5.322 10.856 
290224190356 0.821 14.321 32.366 10.001 8.249 4.858 10.863 
290224191856 0.833 14.329 32.401 9.994 8.248 4.426 10.853 
290224193356 0.855 14.327 32.412 9.994 8.249 4.661 10.839 
290224194856 0.843 14.329 32.487 9.992 8.249 5.117 10.857 
290224200356 0.828 14.329 32.543 9.991 8.249 5.375 10.864 
290224201856 0.818 14.325 32.482 9.991 8.249 5.329 10.840 
290224203356 0.793 14.313 32.475 9.998 8.248 4.927 10.836 
290224204856 0.804 14.316 32.501 9.995 8.248 4.631 10.855 
290224210356 0.854 14.293 32.418 10.000 8.248 5.382 10.863 
290224211856 0.897 14.287 32.397 10.000 8.248 5.276 10.852 
290224213356 0.870 14.296 32.410 9.998 8.247 5.177 10.839 
290224214856 0.846 14.302 32.421 9.992 8.247 4.570 10.856 
290224220356 0.761 14.287 32.459 9.996 8.246 5.261 10.864 
290224221856 0.852 14.299 32.410 9.992 8.246 5.838 10.852 
290224223356 0.881 14.293 32.451 9.994 8.247 5.268 10.838 
290224224856 0.839 14.283 32.481 9.991 8.247 5.936 10.856 
290224230356 0.796 14.275 32.397 9.992 8.246 6.149 10.864 
290224231856 0.852 14.257 32.431 9.994 8.246 5.914 10.840 
290224233356 0.805 14.214 32.523 9.999 8.246 6.043 10.835 
290224234856 0.796 14.198 32.512 10.004 8.246 6.544 10.854 
010324000356 0.813 14.226 33.343 9.988 8.245 5.580 10.862 
010324001856 0.893 14.216 32.359 9.986 8.245 5.815 10.852 
010324003356 0.765 14.226 32.533 9.980 8.244 5.557 10.838 
010324004856 0.774 14.239 32.504 9.972 8.245 5.253 10.855 
010324010356 0.835 14.234 32.424 9.972 8.245 5.071 10.862 
010324011856 0.800 14.237 32.769 9.966 8.246 6.734 10.849 
010324013356 0.906 14.257 32.507 9.958 8.247 7.857 10.837 
010324014856 0.793 14.242 32.522 9.958 8.249 5.944 10.855 
010324020356 0.830 14.244 32.486 9.953 8.249 6.665 10.863 
010324021856 0.781 14.233 32.449 9.953 8.250 5.936 10.839 
010324023356 0.817 14.189 32.959 9.955 8.251 6.073 10.835 
010324024856 0.832 14.208 32.344 9.950 8.251 5.602 10.854 
010324030356 0.851 14.193 32.392 9.956 8.250 5.413 10.862 
010324031856 0.818 14.168 32.384 9.964 8.249 4.866 10.851 
010324033356 0.798 14.135 32.234 9.973 8.251 4.441 10.837 
010324034856 0.789 14.170 32.290 9.958 8.247 6.103 10.855 
010324040356 0.836 14.154 32.132 9.961 8.250 5.344 10.862 
010324041856 0.808 14.130 32.095 9.966 8.247 4.889 10.851 
010324043356 0.766 14.126 32.197 9.965 8.247 6.081 10.837 
010324044856 0.828 14.087 32.187 9.966 8.247 5.314 10.854 
010324050356 0.837 14.090 32.425 9.953 8.246 5.504 10.862 
010324051856 0.807 14.055 32.094 9.973 8.246 6.141 10.839 
010324053356 0.805 14.011 32.115 9.978 8.247 6.787 10.833 
010324054856 0.794 14.046 31.977 9.967 8.249 6.415 10.853 
010324060356 0.777 14.013 32.159 9.966 8.248 6.551 10.860 
010324061856 0.851 14.089 32.296 9.936 8.246 5.557 10.851 
010324063356 0.902 14.146 32.201 9.927 8.248 5.701 10.836 
010324064856 0.845 14.107 32.316 9.929 8.249 6.787 10.854 
010324070356 0.905 14.175 32.297 9.910 8.250 6.149 10.861 
010324071856 0.843 14.177 32.322 9.906 8.253 7.083 10.850 
010324073356 0.785 14.202 32.428 9.893 8.255 5.595 10.837 
010324074856 0.772 14.226 32.446 9.888 8.257 5.701 10.855 
010324080356 0.753 14.232 32.435 9.885 8.258 5.382 10.862 
010324081856 0.786 14.222 32.276 9.886 8.258 5.906 10.849 
010324083356 0.804 14.205 32.183 9.888 8.258 6.111 10.837 
010324084856 0.795 14.228 32.272 9.883 8.257 6.331 10.855 
010324090356 0.883 14.225 32.295 9.883 8.256 6.771 10.862 
010324091856 0.789 14.227 32.319 9.881 8.256 5.618 10.839 
010324093356 0.859 14.242 32.701 9.877 8.256 5.268 10.835 
010324094856 0.784 14.251 32.307 9.875 8.256 6.012 10.854 
010324100356 0.883 14.235 32.360 9.875 8.257 6.506 10.862 
010324101856 0.734 14.231 32.376 9.876 8.257 6.787 10.851 
010324103356 0.839 14.225 32.393 9.878 8.255 5.671 10.838 
010324104856 0.801 14.214 32.253 9.883 8.255 5.830 10.855 
010324110356 0.924 14.213 32.124 9.888 8.254 5.633 10.862 
010324111856 0.736 14.214 32.614 9.892 8.253 5.481 10.847 
010324113356 0.833 14.211 32.394 9.897 8.253 6.840 10.836 
010324114856 0.874 14.209 32.322 9.903 8.253 7.014 10.854 
010324120356 0.839 14.198 32.391 9.910 8.253 7.667 10.862 
010324121856 0.791 14.193 32.334 9.924 8.253 3.401 10.852 
010324123356 0.850 14.192 32.183 9.933 8.253 4.008 10.838 
010324124856 0.820 14.202 32.336 9.930 8.253 3.894 10.855 
010324130356 0.865 14.199 32.903 9.937 8.253 4.388 10.862 
010324131856 0.872 14.198 32.448 9.944 8.254 5.921 10.851 
010324133356 0.821 14.215 32.167 9.945 8.253 4.190 10.837 
010324134856 0.788 14.220 32.263 9.951 8.254 4.282 10.855 
010324140356 0.794 14.223 32.374 9.957 8.255 4.616 10.862 
010324141856 0.762 14.231 32.398 9.959 8.255 5.595 10.839 
010324143356 0.882 14.230 32.425 9.966 8.256 4.517 10.835 
010324144856 0.791 14.218 32.150 9.970 8.255 7.272 10.853 
010324150356 0.779 14.226 32.113 9.973 8.255 6.111 10.862 
010324151856 0.850 14.231 32.240 9.974 8.255 6.726 10.851 
010324153356 0.756 14.211 32.186 9.980 8.255 6.984 10.838 
