SAMBAT Sea Ti  C/T/D/Odo/Fluo/pH GPS : 50195 
V:0,Pression (0/50),dba
V:1,Température (-5/35),°C
V:2,Salinité (2/42),g/l
V:3,Oxygène (0/20),mgl
V:4,PH (0/14),pH
V:5,Fluorescence (0/500),ppb
V:6,Tension batterie,V
140224145737 0.995 14.524 35.980 9.882 8.244 2.034 10.740 
140224151236 1.003 14.524 35.928 9.890 8.244 2.368 10.804 
140224152736 1.025 14.527 36.087 9.894 8.243 2.604 10.820 
140224154236 1.018 14.559 36.014 9.884 8.243 2.171 10.848 
140224155736 1.044 14.570 36.009 9.879 8.246 2.103 10.860 
140224161236 1.071 14.556 36.080 9.884 8.246 2.778 10.844 
140224162736 0.997 14.528 36.086 9.895 8.246 3.780 10.831 
140224164236 0.982 14.522 36.036 9.895 8.245 4.684 10.855 
140224165736 1.026 14.508 36.043 9.896 8.243 5.519 10.864 
140224171236 1.064 14.503 36.040 9.894 8.242 5.473 10.844 
140224172736 1.053 14.494 36.016 9.890 8.241 6.559 10.831 
140224174236 1.025 14.465 36.023 9.891 8.241 12.260 10.855 
140224175736 1.070 14.453 36.047 9.887 8.241 6.999 10.864 
140224181236 1.020 14.443 35.960 9.882 8.240 6.771 10.846 
140224182736 1.048 14.446 35.937 9.872 8.239 6.491 10.832 
140224184236 1.013 14.443 35.948 9.867 8.239 7.037 10.855 
140224185736 1.037 14.440 35.868 9.863 8.238 6.559 10.864 
140224191236 1.030 14.426 35.927 9.866 8.238 6.620 10.845 
140224192736 1.034 14.425 35.906 9.863 8.238 7.098 10.831 
140224194236 1.026 14.428 35.905 9.855 8.238 7.280 10.855 
140224195736 1.055 14.421 36.047 9.852 8.238 7.105 10.864 
140224201236 1.037 14.415 35.973 9.847 8.238 8.867 10.830 
140224202736 1.026 14.424 35.713 9.839 8.238 6.589 10.828 
140224204236 1.001 14.415 35.962 9.836 8.238 6.096 10.853 
140224205736 1.019 14.402 35.941 9.834 8.238 6.802 10.863 
140224211236 1.019 14.398 35.990 9.829 8.239 6.506 10.846 
140224212736 1.045 14.391 36.004 9.824 8.239 7.090 10.831 
140224214236 1.001 14.385 36.058 9.823 8.239 6.718 10.855 
140224215736 1.027 14.388 36.060 9.820 8.240 7.402 10.864 
140224221236 1.028 14.384 36.026 9.818 8.240 6.771 10.845 
140224222736 1.044 14.367 36.000 9.823 8.240 7.569 10.831 
140224224236 1.044 14.366 36.003 9.822 8.240 6.718 10.854 
140224225736 1.052 14.375 35.931 9.818 8.240 6.992 10.864 
140224231236 1.072 14.354 35.987 9.820 8.240 6.703 10.830 
140224232736 1.026 14.361 36.033 9.819 8.240 7.903 10.827 
140224234236 1.040 14.355 36.055 9.819 8.240 7.857 10.853 
140224235736 1.038 14.341 35.981 9.821 8.240 6.779 10.863 
150224001236 1.025 14.320 36.037 9.828 8.239 8.077 10.846 
150224002736 1.054 14.326 36.042 9.823 8.239 7.887 10.831 
150224004236 1.042 14.323 36.002 9.821 8.239 7.341 10.854 
150224005736 1.021 14.319 35.931 9.821 8.239 7.151 10.864 
150224011236 1.040 14.302 35.958 9.829 8.240 7.903 10.845 
150224012736 1.065 14.304 36.015 9.830 8.239 7.143 10.830 
150224014236 1.016 14.315 36.035 9.824 8.239 6.931 10.854 
150224015736 0.997 14.295 36.031 9.830 8.239 8.024 10.863 
150224021236 1.031 14.300 36.017 9.824 8.239 6.377 10.830 
150224022736 0.996 14.293 35.962 9.824 8.240 6.635 10.827 
150224024236 1.044 14.296 36.054 9.821 8.240 6.885 10.852 
150224025736 1.052 14.293 36.042 9.819 8.240 7.105 10.862 
150224031236 1.017 14.282 36.049 9.818 8.240 7.386 10.845 
150224032736 1.005 14.288 35.983 9.818 8.241 6.855 10.830 
150224034236 1.016 14.293 36.057 9.810 8.241 6.969 10.853 
150224035736 1.049 14.292 36.051 9.807 8.242 5.868 10.863 
150224041236 1.049 14.294 36.064 9.803 8.242 7.310 10.846 
150224042736 1.037 14.271 36.052 9.805 8.242 7.105 10.829 
150224044236 1.052 14.283 35.907 9.798 8.242 7.713 10.854 
150224045736 1.020 14.280 35.857 9.794 8.242 8.183 10.863 
150224051236 1.049 14.284 35.855 9.789 8.242 7.660 10.829 
150224052736 1.029 14.278 35.852 9.787 8.242 7.903 10.836 
150224054236 1.036 14.272 35.850 9.781 8.242 7.242 10.856 
150224055736 1.040 14.284 35.866 9.775 8.243 6.916 10.864 
150224061236 1.006 14.267 36.000 9.777 8.243 8.517 10.846 
150224062736 1.039 14.269 35.956 9.769 8.242 7.348 10.834 
150224064236 1.033 14.277 35.763 9.764 8.242 8.768 10.856 
150224065736 1.014 14.282 35.975 9.760 8.242 6.399 10.864 
150224071236 1.019 14.276 35.928 9.759 8.242 7.546 10.844 
150224072736 1.048 14.274 36.034 9.756 8.243 6.703 10.836 
150224074236 0.991 14.270 36.014 9.753 8.243 6.179 10.856 
150224075736 1.020 14.283 36.104 9.747 8.244 6.217 10.864 
150224081236 1.037 14.287 36.007 9.745 8.244 5.230 10.845 
150224082736 1.050 14.277 35.906 9.744 8.244 5.359 10.827 
150224084236 1.030 14.280 35.823 9.744 8.244 4.206 10.852 
150224085736 1.026 14.287 35.867 9.744 8.245 3.462 10.862 
150224091236 1.020 14.280 35.833 9.746 8.244 3.272 10.846 
150224092736 1.024 14.286 35.851 9.749 8.243 2.824 10.838 
150224094236 1.018 14.294 35.948 9.752 8.243 2.627 10.857 
150224095736 1.005 14.299 35.854 9.757 8.243 3.310 10.865 
150224101236 1.016 14.305 35.841 9.760 8.243 2.217 10.836 
150224102736 1.022 14.322 35.845 9.761 8.244 2.513 10.834 
150224104236 1.002 14.339 35.850 9.765 8.246 2.331 10.856 
150224105736 1.019 14.354 35.801 9.769 8.246 2.422 10.864 
150224111236 1.002 14.359 35.553 9.782 8.247 2.596 10.833 
150224112736 1.007 14.365 35.759 9.791 8.246 1.693 10.829 
150224114236 1.010 14.384 35.847 9.800 8.245 1.921 10.853 
150224115736 1.004 14.465 35.859 9.788 8.246 1.845 10.863 
150224121236 1.013 14.529 35.813 9.785 8.250 1.511 10.845 
150224122736 1.007 14.545 35.736 9.787 8.253 1.237 10.838 
150224124236 0.991 14.489 35.934 9.818 8.251 1.503 10.858 
150224125736 1.041 14.547 35.584 9.809 8.250 2.004 10.866 
150224131236 0.999 14.507 35.786 9.836 8.248 1.746 10.847 
150224132736 1.007 14.601 35.763 9.820 8.252 1.640 10.838 
150224134236 1.008 14.565 35.657 9.837 8.252 1.799 10.859 
150224135736 0.993 14.623 35.884 9.836 8.251 1.898 10.867 
150224141236 0.999 14.661 35.546 9.832 8.253 2.027 10.846 
150224142736 1.005 14.692 35.698 9.840 8.253 2.270 10.829 
150224144236 0.990 14.692 35.594 9.852 8.252 3.196 10.855 
150224145736 1.006 14.702 35.576 9.861 8.251 2.680 10.866 
