SAMBAT Sea Ti  C/T/D/Odo/Fluo/pH GPS : 50195 
V:0,Pression (0/50),dba
V:1,Température (-5/35),°C
V:2,Salinité (2/42),g/l
V:3,Oxygène (0/20),mgl
V:4,PH (0/14),pH
V:5,Fluorescence (0/500),ppb
V:6,Tension batterie,V
020224142822 1.029 14.728 35.672 9.651 8.253 1.830 10.741 
020224144321 1.058 14.735 35.685 9.653 8.251 1.830 10.823 
020224145821 1.050 14.705 35.671 9.662 8.249 2.209 10.850 
020224151321 1.044 14.765 35.693 9.643 8.248 1.936 10.831 
020224152821 1.043 14.754 35.637 9.660 8.248 1.731 10.832 
020224154321 1.071 14.763 35.664 9.655 8.247 2.019 10.855 
020224155821 1.031 14.788 35.796 9.652 8.247 2.247 10.866 
020224161321 1.092 14.862 35.933 9.632 8.252 2.725 10.849 
020224162821 1.030 14.914 35.817 9.622 8.258 3.340 10.838 
020224164321 1.064 14.973 35.782 9.617 8.258 3.750 10.860 
020224165821 1.063 14.765 35.807 9.667 8.258 4.137 10.868 
020224171321 1.056 14.685 35.792 9.696 8.255 5.018 10.851 
020224172821 1.069 14.714 35.823 9.694 8.257 4.107 10.838 
020224174321 1.031 14.700 35.754 9.701 8.255 3.963 10.860 
020224175821 1.058 14.606 35.943 9.731 8.254 5.526 10.868 
020224181321 1.085 14.570 35.817 9.740 8.252 5.147 10.850 
020224182821 1.032 14.547 35.813 9.747 8.251 5.656 10.837 
020224184321 1.058 14.544 35.804 9.746 8.250 5.868 10.858 
020224185821 1.055 14.528 35.807 9.755 8.249 5.959 10.867 
020224191321 1.051 14.516 35.825 9.758 8.249 5.807 10.835 
020224192821 1.095 14.500 35.796 9.761 8.248 7.121 10.833 
020224194321 1.047 14.501 35.763 9.758 8.248 6.240 10.856 
020224195821 1.058 14.506 35.907 9.753 8.247 5.580 10.865 
020224201321 1.082 14.494 35.851 9.753 8.246 6.445 10.849 
020224202821 1.080 14.498 35.823 9.751 8.245 6.050 10.836 
020224204321 1.099 14.488 35.817 9.753 8.244 6.468 10.857 
020224205821 1.067 14.497 35.837 9.749 8.244 5.405 10.866 
020224211321 1.075 14.539 35.819 9.737 8.240 4.638 10.848 
020224212821 1.096 14.524 35.837 9.737 8.239 5.610 10.836 
020224214321 1.069 14.518 35.814 9.738 8.239 5.777 10.857 
020224215821 1.106 14.518 36.061 9.733 8.239 5.914 10.866 
020224221321 1.089 14.555 36.036 9.721 8.239 5.701 10.849 
020224222821 1.083 14.547 36.006 9.723 8.239 5.693 10.836 
020224224321 1.090 14.545 35.856 9.722 8.239 5.253 10.857 
020224225821 1.102 14.538 36.031 9.720 8.239 6.065 10.865 
020224231321 1.095 14.531 35.947 9.727 8.239 4.517 10.849 
020224232821 1.080 14.529 36.003 9.728 8.239 6.157 10.836 
020224234321 1.073 14.527 36.023 9.724 8.238 5.549 10.857 
020224235821 1.077 14.501 35.989 9.729 8.238 8.654 10.866 
030224001321 1.089 14.482 35.824 9.734 8.238 5.094 10.848 
030224002821 1.053 14.489 35.970 9.732 8.238 5.063 10.835 
030224004321 1.075 14.495 35.970 9.726 8.238 4.874 10.857 
030224005821 1.085 14.499 36.016 9.725 8.237 5.314 10.866 
030224011321 1.112 14.494 35.802 9.724 8.238 4.927 10.849 
030224012821 1.065 14.484 35.804 9.726 8.237 4.836 10.836 
030224014321 1.070 14.487 36.024 9.724 8.237 5.451 10.857 
030224015821 1.067 14.484 35.802 9.724 8.237 5.109 10.865 
030224021321 1.069 14.489 35.773 9.721 8.236 5.526 10.839 
030224022821 1.051 14.488 35.861 9.721 8.237 5.344 10.833 
030224024321 1.090 14.482 36.006 9.723 8.237 5.944 10.856 
030224025821 1.081 14.492 35.791 9.721 8.237 4.616 10.865 
030224031321 1.102 14.481 35.797 9.721 8.237 5.504 10.849 
030224032821 1.099 14.468 35.728 9.721 8.237 5.830 10.835 
030224034321 1.069 14.472 35.757 9.720 8.237 5.648 10.857 
030224035821 1.078 14.467 35.773 9.718 8.237 4.623 10.865 
030224041321 1.090 14.472 35.793 9.719 8.237 5.253 10.848 
030224042821 1.031 14.470 35.771 9.718 8.238 4.767 10.835 
030224044321 1.076 14.467 35.799 9.714 8.238 4.684 10.857 
030224045821 1.075 14.466 35.775 9.713 8.239 5.246 10.865 
030224051321 1.069 14.472 35.780 9.710 8.240 4.889 10.849 
030224052821 1.045 14.469 35.783 9.708 8.242 5.041 10.835 
030224054321 1.055 14.464 35.817 9.707 8.242 4.646 10.857 
030224055821 1.068 14.471 35.790 9.706 8.241 5.610 10.865 
030224061321 1.041 14.457 35.781 9.707 8.241 5.132 10.849 
030224062821 1.076 14.458 35.798 9.705 8.241 6.187 10.835 
030224064321 1.037 14.455 35.782 9.707 8.241 4.950 10.857 
030224065821 1.090 14.451 35.804 9.705 8.240 6.119 10.865 
030224071321 1.061 14.446 35.813 9.705 8.239 5.230 10.835 
030224072821 1.078 14.442 35.798 9.707 8.239 6.088 10.833 
030224074321 1.068 14.444 35.830 9.707 8.239 5.693 10.855 
030224075821 1.088 14.454 35.802 9.703 8.239 5.428 10.864 
030224081321 1.071 14.462 35.811 9.701 8.239 4.456 10.850 
030224082821 1.058 14.467 35.811 9.702 8.239 7.295 10.835 
030224084321 1.088 14.472 35.813 9.701 8.242 4.259 10.856 
030224085821 1.075 14.470 35.831 9.701 8.246 3.538 10.865 
030224091321 1.108 14.467 35.839 9.702 8.248 2.642 10.849 
030224092821 1.031 14.474 35.818 9.703 8.248 1.974 10.835 
030224094321 1.087 14.478 35.812 9.705 8.248 1.951 10.857 
030224095821 1.108 14.486 35.827 9.704 8.248 1.647 10.865 
030224101321 1.075 14.495 35.802 9.704 8.248 1.647 10.848 
030224102821 1.098 14.500 35.790 9.703 8.248 1.723 10.836 
030224104321 1.054 14.509 35.795 9.703 8.249 1.473 10.857 
030224105821 1.063 14.537 35.806 9.697 8.249 1.055 10.866 
030224111321 1.042 14.529 35.806 9.703 8.249 1.427 10.848 
030224112821 1.084 14.554 35.807 9.696 8.249 1.025 10.836 
030224114321 1.111 14.560 35.817 9.697 8.249 0.919 10.857 
030224115821 1.032 14.583 35.833 9.694 8.250 1.473 10.866 
030224121321 1.078 14.603 35.848 9.693 8.250 1.275 10.849 
030224122821 1.030 14.612 35.769 9.694 8.250 1.693 10.836 
030224124321 1.035 14.729 35.743 9.665 8.252 1.116 10.858 
030224125821 1.088 14.707 35.782 9.675 8.255 1.048 10.867 
030224131321 1.161 14.696 35.779 9.681 8.253 1.374 10.850 
030224132821 1.092 14.690 35.782 9.686 8.252 1.533 10.837 
030224134321 1.065 14.702 35.801 9.688 8.250 1.731 10.858 
030224135821 1.104 14.701 35.835 9.693 8.250 1.359 10.867 
030224141321 1.042 14.693 35.844 9.699 8.249 1.442 10.850 
030224142821 1.115 14.715 35.828 9.697 8.248 1.761 10.837 
