SAMBAT Sea Ti  C/T/D/Odo/Fluo/pH GPS : 50195 
V:0,Pression (0/50),dba
V:1,Température (-5/35),°C
V:2,Salinité (2/42),g/l
V:3,Oxygène (0/20),mgl
V:4,PH (0/14),pH
V:5,Fluorescence (0/500),ppb
V:6,Tension batterie,V
250124140900 1.029 14.568 37.877 9.547 8.250 1.458 10.651 
250124142359 1.043 14.531 37.903 9.560 8.249 2.543 10.797 
250124143859 0.989 14.486 37.932 9.576 8.243 2.391 10.836 
250124145359 1.035 14.529 37.917 9.555 8.247 2.786 10.853 
250124150859 1.022 14.566 37.985 9.560 8.248 2.763 10.828 
250124152359 1.053 14.526 37.981 9.573 8.244 3.439 10.820 
250124153859 1.035 14.485 37.980 9.597 8.241 3.166 10.849 
250124155359 1.023 14.446 37.959 9.611 8.239 4.775 10.860 
250124160859 1.054 14.390 37.951 9.634 8.239 5.352 10.828 
250124162359 0.919 14.392 37.937 9.637 8.237 4.866 10.821 
250124163859 1.008 14.414 37.873 9.631 8.240 4.965 10.851 
250124165359 0.982 14.432 37.827 9.632 8.245 6.103 10.861 
250124170859 1.049 14.417 38.059 9.640 8.241 5.618 10.718 
250124172359 1.070 14.432 38.073 9.635 8.238 6.210 10.814 
250124173859 1.063 14.468 37.936 9.631 8.242 4.896 10.847 
250124175359 1.078 14.450 37.934 9.638 8.243 5.906 10.859 
250124180859 1.004 14.438 37.937 9.641 8.239 5.747 10.830 
250124182359 0.991 14.447 37.915 9.645 8.237 6.187 10.821 
250124183859 1.096 14.439 37.933 9.649 8.236 6.384 10.850 
250124185359 1.042 14.409 37.936 9.665 8.234 6.012 10.861 
250124190859 1.035 14.393 37.942 9.669 8.233 7.895 10.831 
250124192359 0.996 14.379 37.925 9.674 8.231 9.390 10.821 
250124193859 1.056 14.365 37.950 9.679 8.231 5.769 10.850 
250124195359 1.038 14.365 37.929 9.678 8.230 6.331 10.861 
250124200859 1.016 14.359 37.918 9.678 8.230 6.217 10.710 
250124202359 1.031 14.363 37.927 9.677 8.232 5.132 10.814 
250124203859 1.057 14.362 37.941 9.678 8.233 5.936 10.846 
250124205359 1.045 14.350 37.938 9.678 8.231 5.534 10.859 
250124210859 1.040 14.345 37.919 9.677 8.231 8.032 10.830 
250124212359 1.054 14.335 37.908 9.679 8.231 6.650 10.821 
250124213859 1.033 14.352 37.911 9.675 8.234 5.747 10.850 
250124215359 1.031 14.342 37.914 9.678 8.234 6.749 10.861 
250124220859 1.050 14.329 37.908 9.682 8.232 5.967 10.829 
250124222359 1.056 14.333 37.915 9.680 8.231 5.435 10.821 
250124223859 1.041 14.329 37.923 9.680 8.232 6.248 10.850 
250124225359 1.044 14.341 37.891 9.677 8.235 5.337 10.860 
250124230859 1.043 14.342 37.899 9.677 8.236 6.081 10.721 
250124232359 1.023 14.337 37.896 9.679 8.235 6.399 10.814 
250124233859 1.049 14.323 37.902 9.681 8.233 5.549 10.846 
250124235359 0.983 14.317 37.892 9.690 8.232 6.248 10.858 
260124000859 1.021 14.316 37.882 9.690 8.231 5.754 10.831 
260124002359 1.005 14.316 37.880 9.692 8.233 6.043 10.820 
260124003859 1.047 14.312 37.896 9.691 8.236 6.635 10.850 
260124005359 1.022 14.315 38.061 9.689 8.238 6.308 10.860 
260124010859 1.027 14.311 37.871 9.702 8.241 5.898 10.830 
260124012359 1.028 14.301 37.844 9.713 8.240 5.838 10.821 
260124013859 1.019 14.301 37.868 9.720 8.237 5.299 10.850 
260124015359 1.039 14.293 37.831 9.730 8.238 6.149 10.860 
260124020859 1.004 14.275 37.825 9.741 8.236 5.997 10.830 
260124022359 1.063 14.281 37.826 9.744 8.236 6.119 10.820 
260124023859 1.022 14.288 37.834 9.748 8.237 5.762 10.850 
260124025359 1.033 14.271 37.861 9.758 8.238 5.625 10.860 
260124030859 1.057 14.254 37.835 9.767 8.237 6.050 10.719 
260124032359 1.025 14.265 37.869 9.769 8.237 5.633 10.813 
260124033859 1.022 14.261 37.808 9.772 8.237 6.453 10.846 
260124035359 0.994 14.257 37.823 9.774 8.236 6.187 10.858 
260124040859 1.051 14.257 37.859 9.776 8.236 6.103 10.828 
260124042359 1.060 14.249 37.857 9.779 8.236 5.823 10.820 
260124043859 1.047 14.239 37.829 9.782 8.234 6.263 10.849 
260124045359 1.008 14.246 37.787 9.782 8.234 6.703 10.860 
260124050859 0.998 14.223 37.778 9.787 8.234 5.268 10.721 
260124052359 1.004 14.233 37.767 9.785 8.234 5.929 10.813 
260124053859 1.031 14.232 37.779 9.783 8.235 6.460 10.846 
260124055359 1.066 14.231 37.776 9.780 8.235 6.392 10.857 
260124060859 1.069 14.230 37.769 9.778 8.234 7.804 10.830 
260124062359 1.044 14.213 37.767 9.780 8.234 5.208 10.820 
260124063859 0.998 14.210 37.822 9.777 8.234 5.656 10.849 
260124065359 1.072 14.220 37.728 9.773 8.236 5.572 10.860 
260124070859 1.042 14.213 37.710 9.770 8.234 6.369 10.829 
260124072359 1.029 14.210 37.733 9.760 8.234 5.299 10.820 
260124073859 1.022 14.193 37.744 9.758 8.235 5.990 10.849 
260124075359 1.037 14.187 37.716 9.751 8.231 5.200 10.860 
260124080859 1.036 14.167 37.713 9.748 8.229 5.048 10.717 
260124082359 0.999 14.181 37.718 9.731 8.227 4.509 10.813 
260124083859 1.040 14.179 37.689 9.723 8.229 4.403 10.845 
260124085359 1.038 14.171 37.684 9.714 8.234 3.431 10.857 
260124090859 1.010 14.170 37.690 9.706 8.232 3.014 10.832 
260124092359 1.038 14.169 37.675 9.700 8.234 3.006 10.820 
260124093859 1.062 14.172 37.677 9.691 8.234 2.558 10.849 
260124095359 1.038 14.172 37.679 9.686 8.234 2.513 10.859 
260124100859 1.071 14.180 37.656 9.678 8.236 2.209 10.829 
260124102359 1.042 14.194 37.695 9.669 8.238 2.490 10.820 
260124103859 1.046 14.204 37.690 9.659 8.239 2.384 10.849 
260124105359 1.083 14.222 37.738 9.655 8.241 2.406 10.860 
260124110859 1.037 14.231 37.639 9.653 8.240 1.784 10.706 
260124112359 1.044 14.243 37.629 9.653 8.239 2.437 10.813 
260124113859 1.065 14.261 37.685 9.651 8.241 2.376 10.845 
260124115359 1.056 14.243 37.634 9.655 8.239 3.431 10.858 
260124120859 1.026 14.284 37.825 9.651 8.241 2.232 10.828 
260124122359 1.035 14.278 37.636 9.654 8.241 2.232 10.819 
260124123859 1.045 14.278 37.682 9.657 8.239 2.513 10.849 
260124125359 1.030 14.315 37.691 9.651 8.241 2.528 10.860 
260124130859 1.066 14.385 37.665 9.636 8.248 2.513 10.823 
260124132359 1.008 14.378 37.668 9.640 8.246 3.257 10.820 
260124133859 1.024 14.382 37.633 9.643 8.242 3.135 10.850 
260124135359 1.013 14.381 37.734 9.649 8.241 3.059 10.860 
260124140859 1.031 14.389 37.562 9.653 8.244 2.999 10.722 
