SAMBAT Sea Ti  C/T/D/Odo/Fluo/pH GPS : 50195 
V:0,Pression (0/50),dba
V:1,Température (-5/35),°C
V:2,Salinité (2/42),g/l
V:3,Oxygène (0/20),mgl
V:4,PH (0/14),pH
V:5,Fluorescence (0/500),ppb
V:6,Tension batterie,V
050224143531 1.063 14.903 36.237 9.745 8.252 1.526 10.742 
050224145030 1.037 14.868 36.382 9.758 8.251 1.913 10.824 
050224150530 1.025 14.826 36.399 9.781 8.247 1.587 10.851 
050224152030 0.995 14.791 36.388 9.791 8.246 1.503 10.852 
050224153530 1.055 14.798 36.257 9.795 8.246 1.609 10.847 
050224155030 1.023 14.784 36.262 9.801 8.244 2.665 10.862 
050224160530 1.080 14.792 36.271 9.802 8.243 2.566 10.868 
050224162030 1.026 14.770 36.276 9.810 8.242 2.718 10.858 
050224163530 1.047 14.753 36.244 9.821 8.241 3.363 10.853 
050224165030 1.024 14.742 36.277 9.826 8.241 3.659 10.865 
050224170530 1.044 14.745 36.364 9.823 8.241 4.183 10.870 
050224172030 1.048 14.735 36.356 9.826 8.239 4.107 10.860 
050224173530 1.069 14.702 36.410 9.833 8.238 4.471 10.850 
050224175030 1.042 14.660 36.451 9.841 8.241 4.061 10.864 
050224180530 0.974 14.635 36.376 9.849 8.243 3.803 10.869 
050224182030 1.039 14.618 36.381 9.851 8.243 3.864 10.860 
050224183530 1.054 14.610 36.358 9.850 8.242 4.828 10.850 
050224185030 1.047 14.605 36.384 9.848 8.242 4.152 10.863 
050224190530 1.034 14.588 36.656 9.850 8.242 4.593 10.869 
050224192030 1.040 14.576 36.260 9.847 8.242 3.879 10.860 
050224193530 1.034 14.598 36.322 9.840 8.241 4.707 10.849 
050224195030 1.050 14.595 36.391 9.837 8.240 4.638 10.863 
050224200530 1.005 14.582 36.343 9.838 8.241 4.707 10.868 
050224202030 1.038 14.548 36.307 9.845 8.242 4.061 10.859 
050224203530 1.043 14.556 36.246 9.842 8.241 4.160 10.853 
050224205030 1.066 14.548 36.329 9.840 8.239 4.122 10.865 
050224210530 1.029 14.537 36.292 9.848 8.239 5.982 10.869 
050224212030 1.013 14.519 36.358 9.851 8.238 5.079 10.852 
050224213530 1.090 14.504 36.477 9.852 8.239 5.504 10.851 
050224215030 1.016 14.492 36.398 9.853 8.238 5.526 10.863 
050224220530 1.023 14.491 36.342 9.849 8.238 5.056 10.868 
050224222030 0.944 14.484 36.297 9.849 8.238 5.124 10.726 
050224223530 1.044 14.484 36.346 9.845 8.237 5.109 10.837 
050224225030 1.022 14.482 36.364 9.844 8.236 4.752 10.857 
050224230530 1.057 14.478 36.306 9.842 8.236 5.739 10.865 
050224232030 0.960 14.477 36.333 9.842 8.236 5.223 10.857 
050224233530 1.049 14.477 36.439 9.840 8.235 5.314 10.848 
050224235030 0.997 14.477 36.452 9.838 8.235 5.838 10.861 
060224000530 1.035 14.477 36.368 9.837 8.234 4.760 10.867 
060224002030 1.063 14.474 36.376 9.837 8.234 6.088 10.857 
060224003530 1.076 14.478 36.338 9.835 8.234 4.760 10.848 
060224005030 1.040 14.465 36.355 9.835 8.234 5.094 10.862 
060224010530 1.023 14.461 36.365 9.834 8.234 5.382 10.867 
060224012030 1.044 14.459 36.351 9.832 8.234 5.208 10.858 
060224013530 0.998 14.457 36.388 9.830 8.234 5.693 10.848 
060224015030 1.009 14.448 36.358 9.828 8.234 5.572 10.862 
060224020530 1.046 14.492 36.646 9.819 8.236 5.056 10.867 
060224022030 1.036 14.476 36.367 9.819 8.237 4.616 10.858 
060224023530 1.019 14.460 36.495 9.818 8.237 5.656 10.848 
060224025030 1.027 14.470 36.454 9.813 8.238 4.881 10.862 
060224030530 1.039 14.525 36.487 9.798 8.239 4.426 10.867 
060224032030 1.082 14.513 36.442 9.798 8.242 5.208 10.851 
060224033530 1.057 14.498 36.405 9.802 8.243 4.433 10.846 
060224035030 1.029 14.493 36.496 9.802 8.245 4.077 10.861 
060224040530 1.018 14.515 36.767 9.798 8.245 3.530 10.867 
060224042030 1.030 14.505 36.775 9.800 8.246 3.864 10.851 
060224043530 0.984 14.504 36.719 9.801 8.246 3.750 10.846 
060224045030 1.060 14.490 36.499 9.806 8.245 4.912 10.861 
060224050530 1.025 14.480 36.541 9.809 8.244 4.016 10.867 
060224052030 1.000 14.470 36.474 9.811 8.243 4.319 10.851 
060224053530 1.077 14.440 36.473 9.818 8.241 5.762 10.846 
060224055030 1.039 14.447 36.375 9.815 8.240 4.532 10.860 
060224060530 1.090 14.447 36.556 9.815 8.240 5.868 10.866 
060224062030 1.119 14.436 36.705 9.815 8.239 5.967 10.858 
060224063530 0.954 14.439 36.361 9.814 8.239 5.489 10.848 
060224065030 1.029 14.420 36.692 9.823 8.239 4.987 10.861 
060224070530 1.060 14.444 36.464 9.812 8.239 4.942 10.867 
060224072030 1.067 14.434 36.498 9.813 8.239 5.663 10.851 
060224073530 0.987 14.420 36.514 9.820 8.239 5.580 10.846 
060224075030 1.015 14.421 36.529 9.819 8.238 5.367 10.860 
060224080530 0.990 14.440 36.484 9.809 8.238 5.192 10.866 
060224082030 1.003 14.434 36.424 9.808 8.238 5.238 10.856 
060224083530 1.027 14.421 36.757 9.815 8.238 5.640 10.847 
060224085030 0.983 14.421 36.497 9.815 8.240 3.773 10.861 
060224090530 1.081 14.422 36.531 9.814 8.240 2.710 10.867 
060224092030 1.040 14.405 36.450 9.820 8.240 2.740 10.843 
060224093530 0.983 14.412 36.496 9.817 8.240 2.141 10.844 
060224095030 1.022 14.426 36.467 9.812 8.239 1.936 10.859 
060224100530 1.010 14.425 36.492 9.815 8.240 1.716 10.865 
060224102030 1.047 14.434 36.485 9.810 8.240 2.042 10.857 
060224103530 0.953 14.449 36.476 9.810 8.241 1.693 10.848 
060224105030 1.011 14.457 36.477 9.808 8.243 2.027 10.861 
060224110530 0.971 14.474 36.462 9.808 8.244 1.776 10.867 
060224112030 1.025 14.460 36.479 9.811 8.245 1.458 10.858 
060224113530 0.986 14.527 36.440 9.800 8.246 1.260 10.848 
060224115030 1.016 14.510 36.463 9.806 8.248 1.792 10.862 
060224120530 1.044 14.502 36.471 9.811 8.248 1.404 10.868 
060224122030 0.968 14.575 36.470 9.791 8.245 1.556 10.858 
060224123530 0.993 14.582 36.457 9.793 8.248 2.376 10.849 
060224125030 0.974 14.609 36.470 9.794 8.248 1.700 10.862 
060224130530 0.992 14.568 36.481 9.805 8.248 2.384 10.868 
060224132030 0.985 14.559 36.486 9.811 8.246 2.095 10.852 
060224133530 1.002 14.573 36.451 9.809 8.244 2.126 10.851 
060224135030 1.052 14.701 36.467 9.774 8.248 2.353 10.864 
060224140530 1.029 14.626 36.533 9.800 8.251 3.128 10.869 
060224142030 0.978 14.600 36.462 9.811 8.249 3.651 10.859 
060224143530 0.992 14.584 36.516 9.822 8.247 2.703 10.853 
