SAMBAT Sea Ti  C/T/D/Odo/Fluo/pH GPS : 50195 
V:0,Pression (0/50),dba
V:1,Température (-5/35),°C
V:2,Salinité (2/42),g/l
V:3,Oxygène (0/20),mgl
V:4,PH (0/14),pH
V:5,Fluorescence (0/500),ppb
V:6,Tension batterie,V
190124135502 0.705 14.508 39.345 9.584 8.235 3.310 10.737 
190124141001 0.852 14.510 39.384 9.586 8.235 3.963 10.806 
190124142501 0.818 14.509 39.363 9.587 8.235 5.018 10.815 
190124144001 0.792 14.504 39.335 9.590 8.235 5.322 10.844 
190124145501 0.697 14.508 39.351 9.591 8.234 5.192 10.856 
190124151001 0.786 14.506 39.323 9.592 8.235 6.179 10.838 
190124152501 0.884 14.497 39.313 9.595 8.234 5.731 10.824 
190124154001 0.885 14.494 39.295 9.595 8.234 5.693 10.850 
190124155501 0.844 14.501 39.472 9.593 8.235 5.542 10.859 
190124161001 0.874 14.486 39.382 9.599 8.234 5.876 10.842 
190124162501 0.813 14.488 39.294 9.599 8.234 6.453 10.825 
190124164001 0.877 14.491 39.261 9.595 8.234 5.807 10.851 
190124165501 0.934 14.490 39.318 9.597 8.234 7.212 10.860 
190124171001 0.936 14.491 39.321 9.597 8.235 6.430 10.829 
190124172501 0.867 14.488 39.312 9.599 8.235 5.496 10.823 
190124174001 0.884 14.488 39.322 9.600 8.236 6.073 10.850 
190124175501 0.838 14.480 39.276 9.601 8.235 6.384 10.860 
190124181001 0.812 14.484 39.356 9.601 8.235 6.187 10.842 
190124182501 0.930 14.476 39.349 9.602 8.234 7.682 10.826 
190124184001 0.874 14.486 39.324 9.599 8.235 5.944 10.851 
190124185501 0.831 14.474 39.321 9.601 8.234 5.466 10.861 
190124191001 0.874 14.486 39.361 9.596 8.235 5.906 10.840 
190124192501 0.916 14.489 39.304 9.596 8.235 6.430 10.826 
190124194001 0.930 14.475 39.274 9.596 8.233 6.195 10.851 
190124195501 0.928 14.470 39.309 9.594 8.236 5.686 10.860 
190124201001 0.904 14.477 39.291 9.593 8.236 6.369 10.814 
190124202501 0.888 14.475 39.287 9.591 8.234 6.665 10.821 
190124204001 0.946 14.469 39.359 9.591 8.235 6.308 10.848 
190124205501 0.904 14.473 39.280 9.590 8.236 6.665 10.859 
190124211001 0.975 14.455 39.323 9.591 8.233 5.678 10.840 
190124212501 0.845 14.478 39.317 9.589 8.235 6.931 10.826 
190124214001 0.828 14.441 39.362 9.595 8.234 6.172 10.851 
190124215501 0.947 14.477 39.286 9.587 8.234 5.640 10.861 
190124221001 0.882 14.481 39.296 9.585 8.234 7.736 10.814 
190124222501 0.896 14.469 39.308 9.584 8.237 6.362 10.820 
190124224001 0.918 14.452 39.300 9.586 8.235 6.346 10.848 
190124225501 0.898 14.474 39.308 9.582 8.236 5.056 10.859 
190124231001 0.903 14.470 39.284 9.582 8.235 5.967 10.840 
190124232501 0.874 14.478 39.310 9.581 8.238 5.549 10.826 
190124234001 0.885 14.484 39.355 9.577 8.237 5.838 10.851 
190124235501 0.909 14.462 39.319 9.578 8.234 7.083 10.861 
200124001001 0.875 14.474 39.310 9.577 8.235 6.339 10.841 
200124002501 0.860 14.470 39.314 9.575 8.233 5.754 10.826 
200124004001 0.666 14.460 39.277 9.578 8.232 5.716 10.851 
200124005501 0.921 14.461 39.316 9.578 8.236 5.033 10.861 
200124011001 0.936 14.450 39.319 9.582 8.235 6.771 10.815 
200124012501 0.933 14.472 39.369 9.578 8.236 5.375 10.821 
200124014001 0.901 14.455 39.349 9.582 8.234 6.164 10.849 
200124015501 0.878 14.452 39.301 9.583 8.233 5.671 10.859 
200124021001 0.926 14.453 39.335 9.582 8.236 5.223 10.842 
200124022501 0.840 14.450 39.333 9.585 8.235 5.489 10.826 
200124024001 0.996 14.459 39.419 9.584 8.233 4.927 10.851 
200124025501 0.942 14.439 39.350 9.590 8.234 5.246 10.861 
200124031001 0.909 14.449 39.309 9.589 8.233 5.906 10.841 
200124032501 0.909 14.437 39.302 9.594 8.232 6.164 10.826 
200124034001 0.980 14.438 39.338 9.592 8.232 4.912 10.851 
200124035501 0.989 14.428 39.312 9.597 8.233 4.828 10.860 
200124041001 0.875 14.425 39.336 9.602 8.233 6.157 10.814 
200124042501 0.978 14.439 39.333 9.597 8.236 5.413 10.820 
200124044001 1.008 14.433 39.325 9.598 8.234 6.756 10.848 
200124045501 0.960 14.433 39.325 9.601 8.233 5.610 10.859 
200124051001 1.071 14.428 39.329 9.606 8.233 5.094 10.841 
200124052501 1.006 14.424 39.353 9.608 8.235 4.957 10.826 
200124054001 1.080 14.398 39.346 9.619 8.234 5.139 10.851 
200124055501 0.976 14.386 39.322 9.622 8.231 5.663 10.860 
200124061001 1.042 14.412 39.340 9.618 8.231 6.650 10.841 
200124062501 0.992 14.396 39.344 9.618 8.234 6.604 10.826 
200124064001 0.905 14.397 39.309 9.620 8.235 4.752 10.851 
200124065501 0.996 14.395 39.348 9.618 8.235 5.625 10.860 
200124071001 1.059 14.408 39.023 9.613 8.234 5.671 10.815 
200124072501 1.076 14.391 39.293 9.618 8.234 6.999 10.820 
200124074001 0.890 14.356 39.330 9.625 8.234 5.906 10.847 
200124075501 1.001 14.391 39.303 9.614 8.236 5.268 10.859 
200124081001 0.936 14.371 39.313 9.622 8.236 4.729 10.842 
200124082501 1.001 14.371 39.332 9.623 8.233 4.342 10.825 
200124084001 0.928 14.377 39.339 9.621 8.234 4.912 10.850 
200124085501 1.065 14.384 39.332 9.624 8.234 4.289 10.860 
200124091001 1.076 14.361 39.325 9.628 8.233 3.613 10.840 
200124092501 1.044 14.365 39.354 9.628 8.230 2.907 10.825 
200124094001 1.053 14.342 39.019 9.629 8.232 2.566 10.850 
200124095501 1.121 14.354 39.351 9.632 8.232 2.490 10.860 
200124101001 1.038 14.361 39.346 9.634 8.232 2.573 10.814 
200124102501 1.039 14.339 39.348 9.637 8.231 2.376 10.820 
200124104001 1.010 14.373 39.336 9.635 8.234 2.277 10.847 
200124105501 1.137 14.343 39.333 9.641 8.233 2.186 10.858 
200124111001 0.946 14.383 39.308 9.635 8.235 2.300 10.839 
200124112501 1.045 14.381 39.330 9.636 8.236 2.596 10.824 
200124114001 1.006 14.390 39.306 9.636 8.234 1.852 10.850 
200124115501 0.990 14.389 39.327 9.637 8.234 2.467 10.859 
200124121001 1.101 14.403 39.409 9.638 8.236 2.596 10.840 
200124122501 1.039 14.396 39.355 9.641 8.234 2.095 10.825 
200124124001 0.987 14.393 39.351 9.647 8.233 2.536 10.850 
200124125501 1.036 14.404 39.371 9.647 8.236 2.262 10.860 
200124131001 1.015 14.396 39.392 9.652 8.235 1.981 10.814 
200124132501 1.041 14.396 39.362 9.656 8.234 2.429 10.820 
200124134001 1.083 14.382 39.389 9.658 8.233 2.619 10.847 
200124135501 1.019 14.397 39.391 9.658 8.235 2.368 10.858 
