SAMBAT Sea Ti  C/T/D/Odo/Fluo/pH GPS : 50195 
V:0,Pression (0/50),dba
V:1,Température (-5/35),°C
V:2,Salinité (2/42),g/l
V:3,Oxygène (0/20),mgl
V:4,PH (0/14),pH
V:5,Fluorescence (0/500),ppb
V:6,Tension batterie,V
240224152113 0.840 14.442 34.482 10.084 8.247 4.471 10.737 
240224153612 0.994 14.449 34.443 10.080 8.247 3.538 10.812 
240224155112 0.838 14.450 34.431 10.076 8.247 3.538 10.840 
240224160612 0.904 14.445 34.943 10.072 8.247 2.877 10.847 
240224162112 0.842 14.450 34.419 10.068 8.248 2.961 10.840 
240224163612 0.658 14.451 35.044 10.067 8.248 2.771 10.831 
240224165112 0.821 14.434 34.665 10.065 8.249 5.109 10.842 
240224170612 0.988 14.441 35.564 10.058 8.248 5.549 10.846 
240224172112 0.890 14.427 35.378 10.057 8.248 5.838 10.829 
240224173612 0.848 14.427 35.236 10.058 8.248 6.134 10.821 
240224175112 0.904 14.392 35.316 10.062 8.248 7.022 10.835 
240224180612 0.876 14.410 35.352 10.051 8.247 6.483 10.840 
240224182112 0.881 14.418 34.844 10.042 8.246 6.119 10.817 
240224183612 0.831 14.389 34.738 10.047 8.246 7.204 10.816 
240224185112 0.856 14.398 34.556 10.042 8.245 7.477 10.831 
240224190612 0.884 14.409 34.496 10.040 8.246 6.369 10.837 
240224192112 0.880 14.415 34.403 10.036 8.247 7.584 10.829 
240224193612 0.863 14.435 34.472 10.027 8.247 7.219 10.820 
240224195112 0.912 14.433 34.337 10.024 8.248 7.333 10.833 
240224200612 0.877 14.430 34.604 10.022 8.249 7.272 10.839 
240224202112 0.898 14.434 34.589 10.017 8.248 6.734 10.831 
240224203612 0.909 14.431 34.829 10.017 8.248 6.878 10.821 
240224205112 0.889 14.434 34.564 10.015 8.247 6.081 10.834 
240224210612 0.879 14.419 34.596 10.022 8.247 7.842 10.836 
240224212112 0.884 14.411 34.712 10.019 8.247 6.407 10.812 
240224213612 0.881 14.398 34.665 10.020 8.247 6.658 10.812 
240224215112 0.907 14.427 34.618 10.010 8.246 6.916 10.827 
240224220612 0.847 14.421 34.663 10.010 8.244 7.280 10.833 
240224222112 0.880 14.391 34.355 10.011 8.246 7.857 10.825 
240224223612 0.871 14.387 34.585 10.008 8.245 6.620 10.815 
240224225112 0.879 14.412 34.595 9.996 8.244 6.832 10.829 
240224230612 0.890 14.417 34.580 9.991 8.245 6.453 10.834 
240224232112 0.896 14.401 34.683 9.993 8.245 6.665 10.825 
240224233612 0.874 14.417 34.719 9.985 8.245 6.893 10.815 
240224235112 0.854 14.402 34.686 9.985 8.244 8.001 10.829 
250224000612 0.851 14.399 34.733 9.980 8.246 6.832 10.833 
250224002112 0.887 14.407 34.995 9.978 8.246 6.673 10.824 
250224003612 0.913 14.420 34.825 9.970 8.246 6.878 10.816 
250224005112 0.922 14.395 34.675 9.975 8.247 6.582 10.829 
250224010612 0.896 14.419 34.765 9.964 8.248 6.680 10.835 
250224012112 0.931 14.409 34.793 9.962 8.248 7.052 10.812 
250224013612 0.905 14.409 34.742 9.962 8.248 5.693 10.818 
250224015112 0.877 14.393 34.713 9.961 8.247 6.832 10.829 
250224020612 0.908 14.391 34.690 9.957 8.247 5.519 10.834 
250224022112 0.893 14.385 34.652 9.955 8.247 6.392 10.824 
250224023612 0.884 14.374 34.599 9.955 8.246 6.612 10.813 
250224025112 0.898 14.396 34.602 9.946 8.246 6.195 10.827 
250224030612 0.898 14.395 34.731 9.944 8.246 6.453 10.834 
250224032112 0.865 14.408 34.694 9.937 8.247 5.792 10.811 
250224033612 0.896 14.407 34.661 9.934 8.248 6.415 10.810 
250224035112 0.885 14.404 34.645 9.934 8.249 5.891 10.826 
250224040612 0.934 14.402 34.668 9.932 8.249 6.210 10.835 
250224042112 0.888 14.397 34.706 9.930 8.249 6.847 10.826 
250224043612 0.888 14.407 34.689 9.928 8.248 5.762 10.815 
250224045112 0.902 14.392 34.622 9.930 8.249 6.574 10.828 
250224050612 0.907 14.410 34.639 9.924 8.249 6.468 10.834 
250224052112 0.872 14.394 34.568 9.927 8.249 5.367 10.823 
250224053612 0.878 14.396 34.602 9.926 8.248 5.800 10.814 
250224055112 0.927 14.410 34.689 9.920 8.248 6.195 10.827 
250224060612 0.894 14.375 34.590 9.928 8.248 5.724 10.832 
250224062112 0.853 14.389 34.808 9.925 8.248 6.415 10.810 
250224063612 0.871 14.401 34.676 9.922 8.248 6.885 10.808 
250224065112 0.939 14.405 34.869 9.920 8.248 5.754 10.825 
250224070612 0.906 14.393 34.684 9.922 8.246 6.005 10.831 
250224072112 0.899 14.388 35.157 9.922 8.248 5.944 10.822 
250224073612 0.914 14.395 34.666 9.919 8.248 5.299 10.812 
250224075112 0.873 14.390 34.718 9.920 8.248 4.942 10.826 
250224080612 0.904 14.389 34.505 9.919 8.248 5.139 10.831 
250224082112 0.928 14.394 34.568 9.923 8.248 3.667 10.823 
250224083612 0.834 14.402 34.560 9.926 8.248 2.634 10.812 
250224085112 0.908 14.397 34.600 9.932 8.248 2.703 10.826 
250224090612 0.914 14.403 34.615 9.932 8.248 3.241 10.831 
250224092112 0.878 14.402 34.596 9.939 8.248 3.143 10.807 
250224093612 0.883 14.409 34.591 9.945 8.247 2.057 10.808 
250224095112 0.924 14.423 34.598 9.948 8.248 1.997 10.826 
250224100612 0.902 14.439 34.594 9.947 8.248 1.625 10.831 
250224102112 0.916 14.460 34.673 9.953 8.249 1.966 10.822 
250224103612 0.921 14.467 34.625 9.963 8.250 1.875 10.814 
250224105112 0.888 14.494 34.616 9.971 8.251 1.738 10.826 
250224110612 0.922 14.534 34.623 9.970 8.252 1.981 10.833 
250224112112 0.899 14.528 34.651 9.989 8.253 1.792 10.824 
250224113612 0.833 14.579 34.630 9.975 8.253 1.268 10.824 
250224115112 0.949 14.552 34.654 9.990 8.255 1.420 10.833 
250224120612 1.025 14.524 34.529 10.011 8.253 1.571 10.837 
250224122112 0.817 14.518 35.049 10.022 8.252 1.784 10.812 
250224123612 0.955 14.500 34.739 10.035 8.250 1.503 10.813 
250224125112 0.848 14.497 34.765 10.046 8.248 0.934 10.827 
250224130612 0.858 14.490 35.216 10.057 8.246 1.526 10.831 
250224132112 0.788 14.479 34.676 10.068 8.246 1.237 10.821 
250224133612 1.065 14.479 34.728 10.077 8.245 1.465 10.812 
250224135112 0.952 14.491 34.663 10.081 8.245 1.389 10.825 
250224140612 0.902 14.500 34.589 10.086 8.244 1.495 10.833 
250224142112 0.953 14.504 34.396 10.093 8.245 1.488 10.821 
250224143612 0.996 14.502 34.475 10.099 8.246 1.685 10.812 
250224145112 0.912 14.501 34.743 10.102 8.246 1.792 10.826 
250224150612 0.866 14.508 34.529 10.105 8.246 1.579 10.832 
250224152112 0.788 14.506 34.474 10.107 8.247 2.027 10.810 
