SAMBAT Sea Ti  C/T/D/Odo/Fluo/pH GPS : 50195 
V:0,Pression (0/50),dba
V:1,Température (-5/35),°C
V:2,Salinité (2/42),g/l
V:3,Oxygène (0/20),mgl
V:4,PH (0/14),pH
V:5,Fluorescence (0/500),ppb
V:6,Tension batterie,V
130224145515 0.925 14.758 35.744 9.800 8.251 1.769 10.741 
130224151014 0.949 14.732 35.876 9.814 8.251 2.536 10.790 
130224152514 0.982 14.748 35.875 9.814 8.248 2.300 10.814 
130224154014 0.941 14.727 35.689 9.824 8.250 1.898 10.848 
130224155514 0.896 14.787 35.901 9.808 8.248 2.482 10.861 
130224161014 1.005 14.813 35.886 9.807 8.248 3.409 10.839 
130224162514 0.943 14.754 35.915 9.824 8.248 3.173 10.825 
130224164014 0.966 14.731 36.001 9.831 8.246 4.152 10.855 
130224165514 0.898 14.683 36.112 9.844 8.245 4.502 10.865 
130224171014 0.997 14.571 35.780 9.873 8.246 4.669 10.839 
130224172514 0.919 14.529 35.626 9.887 8.246 5.663 10.826 
130224174014 0.881 14.517 35.722 9.887 8.245 6.764 10.855 
130224175514 0.973 14.491 35.840 9.889 8.244 5.959 10.865 
130224181014 1.016 14.460 35.705 9.889 8.243 5.716 10.814 
130224182514 0.937 14.453 35.737 9.886 8.243 5.466 10.820 
130224184014 1.027 14.434 35.962 9.882 8.243 6.179 10.852 
130224185514 0.998 14.403 35.594 9.890 8.243 5.838 10.863 
130224191014 1.025 14.384 36.045 9.890 8.243 5.959 10.841 
130224192514 0.994 14.360 35.854 9.889 8.242 6.362 10.824 
130224194014 0.940 14.351 35.744 9.881 8.242 8.183 10.853 
130224195514 0.968 14.351 35.751 9.874 8.242 6.065 10.864 
130224201014 0.982 14.349 35.718 9.868 8.242 5.526 10.835 
130224202514 0.980 14.331 35.812 9.866 8.242 6.324 10.823 
130224204014 0.977 14.354 36.124 9.852 8.241 6.855 10.852 
130224205514 0.982 14.354 35.766 9.847 8.240 5.967 10.863 
130224211014 1.012 14.367 35.790 9.840 8.239 6.012 10.814 
130224212514 1.015 14.369 35.662 9.835 8.238 6.088 10.820 
130224214014 1.037 14.376 35.832 9.827 8.238 5.921 10.850 
130224215514 0.963 14.378 35.698 9.822 8.237 6.422 10.862 
130224221014 0.964 14.373 35.763 9.818 8.237 5.739 10.839 
130224222514 1.025 14.353 35.800 9.814 8.237 6.483 10.823 
130224224014 1.015 14.356 36.074 9.810 8.238 5.898 10.852 
130224225514 0.997 14.330 35.794 9.811 8.238 6.787 10.863 
130224231014 1.018 14.341 35.759 9.806 8.238 5.458 10.840 
130224232514 0.962 14.320 35.855 9.812 8.238 8.229 10.824 
130224234014 1.021 14.327 35.738 9.805 8.238 6.073 10.853 
130224235514 1.015 14.321 35.762 9.808 8.237 7.842 10.863 
140224001014 1.003 14.303 35.702 9.809 8.237 6.863 10.813 
140224002514 1.014 14.297 35.853 9.810 8.236 7.819 10.827 
140224004014 1.007 14.306 35.848 9.806 8.236 7.113 10.853 
140224005514 1.011 14.297 35.698 9.808 8.236 7.014 10.863 
140224011014 0.989 14.300 35.902 9.805 8.235 6.969 10.838 
140224012514 0.991 14.276 35.805 9.809 8.236 6.878 10.830 
140224014014 1.015 14.286 35.734 9.801 8.236 6.119 10.855 
140224015514 1.016 14.291 35.910 9.799 8.236 6.270 10.864 
140224021014 1.004 14.287 35.704 9.797 8.237 7.341 10.837 
140224022514 1.026 14.284 35.831 9.794 8.237 6.771 10.818 
140224024014 0.992 14.293 35.670 9.790 8.238 6.043 10.850 
140224025514 1.046 14.282 35.825 9.790 8.238 6.756 10.862 
140224031014 1.028 14.292 35.787 9.784 8.238 9.512 10.814 
140224032514 0.992 14.280 35.793 9.783 8.238 7.523 10.827 
140224034014 1.012 14.287 35.848 9.777 8.239 7.098 10.853 
140224035514 1.014 14.278 35.732 9.775 8.239 6.468 10.863 
140224041014 1.034 14.267 35.836 9.776 8.239 7.075 10.839 
140224042514 1.022 14.283 35.747 9.766 8.240 6.179 10.830 
140224044014 0.996 14.270 35.787 9.766 8.241 6.498 10.855 
140224045514 1.031 14.270 35.830 9.762 8.242 6.301 10.864 
140224051014 1.044 14.283 35.853 9.755 8.242 6.195 10.814 
140224052514 1.058 14.281 35.837 9.753 8.242 6.483 10.820 
140224054014 1.013 14.281 35.929 9.748 8.243 6.703 10.850 
140224055514 1.025 14.275 35.926 9.745 8.243 6.650 10.862 
140224061014 0.999 14.278 35.971 9.747 8.244 7.348 10.838 
140224062514 1.020 14.264 35.950 9.745 8.244 7.569 10.822 
140224064014 1.026 14.281 35.939 9.738 8.243 6.544 10.851 
140224065514 1.021 14.269 35.971 9.739 8.243 6.931 10.862 
140224071014 1.009 14.279 35.954 9.735 8.243 6.635 10.838 
140224072514 1.003 14.275 36.176 9.734 8.243 7.014 10.822 
140224074014 1.010 14.279 36.268 9.731 8.244 5.610 10.852 
140224075514 1.035 14.281 35.998 9.731 8.243 5.337 10.862 
140224081014 1.023 14.275 35.955 9.733 8.244 6.164 10.836 
140224082514 0.998 14.270 35.980 9.736 8.245 5.215 10.822 
140224084014 1.025 14.268 35.972 9.739 8.244 4.092 10.852 
140224085514 1.024 14.275 36.009 9.737 8.244 3.264 10.862 
140224091014 1.037 14.282 36.019 9.739 8.244 3.378 10.815 
140224092514 1.021 14.284 35.999 9.742 8.244 2.596 10.819 
140224094014 1.018 14.287 35.970 9.747 8.244 3.021 10.850 
140224095514 0.999 14.292 35.953 9.751 8.244 2.110 10.861 
140224101014 1.025 14.304 36.005 9.753 8.245 2.695 10.837 
140224102514 1.017 14.313 35.979 9.758 8.246 2.680 10.822 
140224104014 1.032 14.331 35.939 9.755 8.246 1.883 10.852 
140224105514 1.030 14.335 35.953 9.764 8.246 1.959 10.862 
140224111014 1.012 14.343 35.925 9.772 8.247 1.966 10.836 
140224112514 1.029 14.355 35.942 9.776 8.247 2.004 10.823 
140224114014 1.037 14.370 35.928 9.784 8.248 1.951 10.852 
140224115514 1.008 14.399 35.955 9.787 8.249 2.072 10.863 
140224121014 1.020 14.429 35.940 9.794 8.249 1.921 10.816 
140224122514 1.039 14.630 35.963 9.747 8.250 1.814 10.820 
140224124014 1.041 14.582 35.951 9.775 8.254 1.746 10.852 
140224125514 1.029 14.602 35.944 9.779 8.255 1.458 10.863 
140224131014 1.013 14.569 35.923 9.788 8.255 1.845 10.841 
140224132514 1.007 14.517 35.962 9.819 8.253 1.738 10.825 
140224134014 0.968 14.475 36.093 9.839 8.250 1.617 10.854 
140224135514 1.047 14.530 36.013 9.833 8.248 1.700 10.864 
140224141014 1.035 14.522 35.949 9.846 8.247 2.065 10.840 
140224142514 0.971 14.510 35.904 9.857 8.246 2.057 10.825 
140224144014 1.011 14.502 35.987 9.866 8.245 1.837 10.854 
140224145514 1.115 14.531 35.815 9.866 8.244 2.027 10.864 
