SAMBAT Sea Ti  C/T/D/Odo/Fluo/pH GPS : 50195 
V:0,Pression (0/50),dba
V:1,Température (-5/35),°C
V:2,Salinité (2/42),g/l
V:3,Oxygène (0/20),mgl
V:4,PH (0/14),pH
V:5,Fluorescence (0/500),ppb
V:6,Tension batterie,V
260224152646 0.781 14.455 34.079 9.973 8.254 4.805 10.736 
260224154145 0.865 14.453 33.992 9.973 8.253 5.458 10.818 
260224155645 0.779 14.427 34.984 9.976 8.252 6.088 10.846 
260224161145 0.804 14.411 34.690 9.987 8.251 6.680 10.835 
260224162645 0.744 14.404 34.704 9.988 8.250 5.663 10.816 
260224164145 0.856 14.400 35.189 9.989 8.249 6.255 10.849 
260224165645 0.787 14.392 35.335 9.990 8.248 6.073 10.861 
260224171145 0.809 14.390 34.308 9.989 8.248 6.536 10.842 
260224172645 0.691 14.387 35.030 9.986 8.247 6.210 10.818 
260224174145 0.776 14.402 34.846 9.978 8.246 6.369 10.851 
260224175645 0.830 14.391 34.722 9.978 8.247 6.832 10.862 
260224181145 0.852 14.395 34.318 9.975 8.247 7.538 10.842 
260224182645 0.817 14.386 34.240 9.976 8.247 7.500 10.819 
260224184145 0.846 14.386 34.144 9.973 8.247 6.582 10.851 
260224185645 0.866 14.387 34.046 9.964 8.247 6.749 10.862 
260224191145 0.844 14.402 34.153 9.958 8.247 6.369 10.817 
260224192645 0.572 14.398 34.341 9.952 8.248 6.377 10.815 
260224194145 0.794 14.389 34.205 9.946 8.249 5.079 10.849 
260224195645 0.810 14.387 33.511 9.940 8.248 6.179 10.861 
260224201145 0.810 14.374 34.229 9.939 8.248 6.103 10.830 
260224202645 0.722 14.383 34.228 9.930 8.248 5.709 10.814 
260224204145 0.788 14.381 34.188 9.928 8.248 5.815 10.844 
260224205645 0.786 14.369 34.172 9.929 8.248 5.648 10.856 
260224211145 0.790 14.369 34.172 9.927 8.248 5.868 10.811 
260224212645 0.662 14.371 34.608 9.924 8.248 7.030 10.811 
260224214145 0.796 14.358 34.105 9.924 8.248 5.101 10.848 
260224215645 0.820 14.361 34.112 9.922 8.247 5.549 10.857 
260224221145 0.785 14.363 33.922 9.921 8.247 5.693 10.816 
260224222645 0.913 14.360 33.926 9.921 8.248 7.341 10.814 
260224224145 0.768 14.359 33.950 9.920 8.248 5.982 10.847 
260224225645 0.716 14.359 33.900 9.918 8.248 5.762 10.857 
260224231145 0.659 14.350 34.000 9.919 8.248 6.688 10.838 
260224232645 0.845 14.345 34.006 9.921 8.248 5.481 10.814 
260224234145 0.797 14.336 33.960 9.925 8.249 7.531 10.849 
260224235645 0.682 14.322 33.978 9.934 8.249 5.671 10.861 
270224001145 0.811 14.293 33.999 9.945 8.249 5.048 10.838 
270224002645 0.715 14.298 33.930 9.942 8.247 5.473 10.814 
270224004145 0.769 14.278 34.000 9.945 8.246 5.268 10.850 
270224005645 0.825 14.284 34.030 9.943 8.246 15.410 10.860 
270224011145 0.823 14.275 33.753 9.945 8.246 5.344 10.815 
270224012645 0.727 14.259 34.030 9.945 8.246 5.185 10.810 
270224014145 0.910 14.249 33.826 9.944 8.245 5.010 10.844 
270224015645 0.783 14.253 33.718 9.941 8.246 6.453 10.857 
270224021145 0.852 14.266 33.728 9.939 8.246 4.494 10.838 
270224022645 0.868 14.281 33.734 9.934 8.246 5.124 10.816 
270224024145 0.785 14.262 34.069 9.938 8.247 5.086 10.845 
270224025645 0.647 14.271 33.684 9.937 8.247 4.684 10.858 
270224031145 0.788 14.276 33.729 9.934 8.249 4.441 10.840 
270224032645 0.744 14.261 33.630 9.937 8.249 5.648 10.815 
270224034145 0.799 14.251 33.245 9.939 8.250 4.874 10.849 
270224035645 0.788 14.262 33.672 9.939 8.249 5.602 10.860 
270224041145 0.837 14.255 33.616 9.939 8.250 4.578 10.814 
270224042645 0.814 14.241 33.561 9.942 8.250 5.079 10.809 
270224044145 0.784 14.249 33.926 9.941 8.250 4.684 10.844 
270224045645 0.853 14.255 33.654 9.940 8.250 9.778 10.857 
270224051145 0.626 14.250 33.807 9.942 8.251 5.451 10.837 
270224052645 0.748 14.239 33.670 9.943 8.251 4.843 10.815 
270224054145 0.809 14.248 33.525 9.939 8.251 5.109 10.848 
270224055645 0.770 14.251 33.602 9.938 8.251 5.109 10.859 
270224061145 0.728 14.263 33.709 9.934 8.251 5.466 10.834 
270224062645 0.784 14.245 33.746 9.934 8.252 5.352 10.813 
270224064145 0.683 14.251 33.612 9.933 8.252 5.147 10.846 
270224065645 0.787 14.245 34.065 9.935 8.252 4.661 10.859 
270224071145 0.820 14.250 34.286 9.934 8.253 5.284 10.814 
270224072645 0.808 14.240 33.902 9.937 8.253 5.101 10.812 
270224074145 0.802 14.254 33.755 9.937 8.253 5.435 10.847 
270224075645 0.771 14.261 33.695 9.937 8.252 5.056 10.859 
270224081145 0.850 14.265 34.397 9.939 8.253 5.284 10.841 
270224082645 0.808 14.264 33.768 9.940 8.253 5.063 10.816 
270224084145 0.790 14.269 33.614 9.939 8.253 5.580 10.848 
270224085645 0.811 14.272 33.629 9.940 8.253 5.048 10.860 
270224091145 0.769 14.264 33.438 9.942 8.254 4.896 10.840 
270224092645 0.870 14.260 33.711 9.942 8.253 5.268 10.816 
270224094145 0.779 14.263 34.012 9.943 8.253 5.253 10.850 
270224095645 0.745 14.257 34.178 9.944 8.253 4.137 10.861 
270224101145 0.817 14.269 33.772 9.943 8.253 4.851 10.838 
270224102645 0.814 14.257 34.099 9.944 8.253 5.382 10.817 
270224104145 0.777 14.264 33.620 9.944 8.252 4.441 10.849 
270224105645 0.836 14.276 33.620 9.940 8.252 4.653 10.857 
270224111145 0.819 14.274 33.614 9.940 8.253 5.003 10.817 
270224112645 0.777 14.280 33.509 9.940 8.253 5.800 10.814 
270224114145 0.793 14.278 33.545 9.940 8.253 4.843 10.848 
270224115645 0.774 14.284 33.521 9.942 8.253 3.788 10.860 
270224121145 0.757 14.297 33.577 9.939 8.253 5.192 10.841 
270224122645 0.847 14.292 33.552 9.941 8.254 6.050 10.815 
270224124145 0.821 14.294 33.493 9.944 8.253 5.496 10.849 
270224125645 0.792 14.297 33.766 9.944 8.253 5.542 10.859 
270224131145 0.807 14.302 33.578 9.945 8.253 5.359 10.815 
270224132645 0.701 14.292 33.507 9.952 8.254 6.043 10.813 
270224134145 0.855 14.264 34.047 9.962 8.253 6.141 10.846 
270224135645 0.800 14.287 34.203 9.958 8.252 5.481 10.858 
270224141145 0.771 14.234 33.485 9.971 8.252 5.109 10.839 
270224142645 0.747 14.270 33.827 9.971 8.250 3.712 10.816 
270224144145 0.853 14.302 33.542 9.969 8.250 3.355 10.848 
270224145645 0.866 14.314 33.474 9.971 8.252 3.317 10.858 
270224151145 0.816 14.322 33.544 9.973 8.254 3.014 10.836 
270224152645 0.752 14.316 33.391 9.985 8.255 2.581 10.816 
