SAMBAT Sea Ti  C/T/D/Odo/Fluo/pH GPS : 50195 
V:0,Pression (0/50),dba
V:1,Température (-5/35),°C
V:2,Salinité (2/42),g/l
V:3,Oxygène (0/20),mgl
V:4,PH (0/14),pH
V:5,Fluorescence (0/500),ppb
V:6,Tension batterie,V
130124134051 0.975 14.822 39.428 9.459 8.241 3.249 10.740 
130124135550 1.079 14.825 39.423 9.460 8.242 4.274 10.820 
130124141050 0.961 14.823 39.423 9.463 8.242 4.282 10.816 
130124142550 1.021 14.816 39.420 9.467 8.241 4.843 10.823 
130124144050 0.961 14.823 39.424 9.467 8.242 5.230 10.849 
130124145550 1.017 14.823 39.420 9.471 8.243 5.010 10.860 
130124151050 0.995 14.821 39.422 9.475 8.243 4.752 10.844 
130124152550 1.090 14.811 39.415 9.481 8.241 5.018 10.830 
130124154050 0.904 14.823 39.432 9.479 8.241 4.729 10.853 
130124155550 0.992 14.823 39.420 9.482 8.243 5.155 10.862 
130124161050 0.918 14.821 39.417 9.485 8.242 5.352 10.845 
130124162550 0.982 14.812 39.424 9.489 8.241 5.815 10.830 
130124164050 0.990 14.815 39.424 9.491 8.241 6.604 10.854 
130124165550 1.068 14.814 39.428 9.493 8.241 6.141 10.863 
130124171050 0.943 14.799 39.418 9.498 8.241 7.242 10.827 
130124172550 0.977 14.796 39.441 9.497 8.239 7.128 10.827 
130124174050 1.073 14.785 39.429 9.501 8.238 6.559 10.852 
130124175550 0.898 14.770 39.436 9.503 8.242 7.986 10.862 
130124181050 0.966 14.812 39.436 9.495 8.239 5.967 10.844 
130124182550 0.989 14.821 39.435 9.492 8.243 6.187 10.830 
130124184050 0.983 14.790 39.431 9.498 8.242 5.276 10.854 
130124185550 0.946 14.803 39.459 9.497 8.244 6.559 10.863 
130124191050 1.048 14.815 39.435 9.492 8.242 4.798 10.841 
130124192550 0.939 14.802 39.431 9.496 8.241 5.883 10.829 
130124194050 0.909 14.787 39.429 9.497 8.239 6.362 10.854 
130124195550 0.940 14.668 39.389 9.526 8.241 5.481 10.863 
130124201050 1.037 14.764 39.411 9.502 8.237 5.747 10.846 
130124202550 0.949 14.760 39.423 9.503 8.247 5.519 10.831 
130124204050 1.054 14.783 39.428 9.499 8.248 7.424 10.854 
130124205550 0.948 14.787 39.438 9.499 8.245 5.079 10.864 
130124211050 1.002 14.801 39.425 9.498 8.245 5.185 10.843 
130124212550 0.934 14.791 39.433 9.499 8.242 5.587 10.830 
130124214050 0.935 14.791 39.432 9.499 8.241 6.232 10.854 
130124215550 1.037 14.782 39.424 9.499 8.240 5.139 10.864 
130124221050 1.015 14.785 39.436 9.500 8.241 6.475 10.827 
130124222550 1.025 14.771 39.432 9.506 8.240 5.974 10.827 
130124224050 0.996 14.763 39.436 9.508 8.242 7.402 10.853 
130124225550 0.887 14.773 39.440 9.507 8.239 5.511 10.862 
130124231050 1.025 14.764 39.434 9.509 8.240 5.473 10.845 
130124232550 0.907 14.749 39.436 9.516 8.239 5.914 10.830 
130124234050 1.009 14.760 39.442 9.509 8.238 6.635 10.854 
130124235550 0.935 14.784 39.430 9.506 8.242 4.767 10.863 
140124001050 0.961 14.769 39.445 9.513 8.241 5.906 10.845 
140124002550 0.882 14.766 39.442 9.520 8.239 5.238 10.831 
140124004050 0.994 14.756 39.416 9.521 8.244 5.094 10.854 
140124005550 0.958 14.772 39.417 9.515 8.239 6.195 10.863 
140124011050 0.922 14.753 39.417 9.529 8.240 6.126 10.827 
140124012550 0.911 14.761 39.426 9.522 8.242 5.618 10.827 
140124014050 0.955 14.761 39.437 9.522 8.240 6.718 10.852 
140124015550 1.030 14.749 39.431 9.531 8.239 7.090 10.862 
140124021050 1.012 14.761 39.428 9.527 8.238 6.506 10.844 
140124022550 0.973 14.755 39.398 9.534 8.240 5.845 10.830 
140124024050 0.907 14.755 39.410 9.529 8.241 5.914 10.854 
140124025550 0.913 14.759 39.429 9.527 8.240 6.050 10.863 
140124031050 0.909 14.743 39.432 9.538 8.241 6.308 10.842 
140124032550 0.909 14.734 39.444 9.536 8.238 5.435 10.829 
140124034050 0.989 14.743 39.430 9.532 8.239 6.460 10.853 
140124035550 0.954 14.736 39.428 9.535 8.239 6.195 10.863 
140124041050 0.930 14.713 39.442 9.540 8.238 7.083 10.844 
140124042550 0.963 14.713 39.441 9.538 8.238 5.769 10.829 
140124044050 0.942 14.714 39.432 9.538 8.238 6.491 10.853 
140124045550 0.949 14.726 39.402 9.533 8.237 5.800 10.863 
140124051050 1.014 14.699 39.438 9.537 8.237 5.716 10.842 
140124052550 0.909 14.705 39.445 9.539 8.237 6.263 10.828 
140124054050 0.941 14.704 39.433 9.540 8.236 6.491 10.853 
140124055550 0.982 14.699 39.418 9.540 8.238 5.769 10.862 
140124061050 0.874 14.676 39.431 9.540 8.237 5.504 10.828 
140124062550 0.970 14.699 39.436 9.537 8.239 6.369 10.825 
140124064050 0.910 14.706 39.434 9.535 8.240 5.853 10.851 
140124065550 0.921 14.694 39.434 9.536 8.241 5.990 10.861 
140124071050 0.981 14.694 39.437 9.533 8.239 5.929 10.844 
140124072550 0.980 14.704 39.432 9.530 8.237 6.931 10.829 
140124074050 0.902 14.701 39.429 9.531 8.241 6.650 10.853 
140124075550 0.945 14.678 39.439 9.529 8.240 5.944 10.862 
140124081050 0.913 14.685 39.432 9.527 8.238 5.132 10.844 
140124082550 0.946 14.699 39.426 9.522 8.237 6.028 10.829 
140124084050 0.852 14.686 39.434 9.521 8.238 5.564 10.853 
140124085550 0.914 14.684 39.427 9.520 8.239 3.917 10.862 
140124091050 0.968 14.686 39.426 9.518 8.241 5.200 10.827 
140124092550 0.934 14.691 39.415 9.517 8.240 3.697 10.826 
140124094050 0.922 14.690 39.423 9.515 8.238 2.930 10.851 
140124095550 0.906 14.692 39.425 9.515 8.241 2.809 10.861 
140124101050 0.918 14.691 39.426 9.514 8.239 3.576 10.844 
140124102550 0.975 14.688 39.410 9.513 8.238 3.735 10.829 
140124104050 0.944 14.695 39.405 9.512 8.238 2.672 10.853 
140124105550 0.912 14.695 39.423 9.511 8.241 2.945 10.862 
140124111050 0.928 14.700 39.417 9.512 8.241 2.907 10.847 
140124112550 0.978 14.709 39.419 9.510 8.243 2.832 10.829 
140124114050 0.933 14.711 39.418 9.511 8.242 3.355 10.853 
140124115550 0.997 14.704 39.416 9.511 8.240 4.190 10.862 
140124121050 0.900 14.710 39.433 9.512 8.241 2.391 10.827 
140124122550 0.867 14.722 39.422 9.510 8.243 2.573 10.826 
140124124050 0.934 14.738 39.419 9.507 8.245 3.606 10.851 
140124125550 0.925 14.734 39.426 9.511 8.244 3.181 10.862 
140124131050 0.916 14.733 39.409 9.514 8.242 4.676 10.841 
140124132550 0.860 14.733 39.397 9.515 8.241 3.196 10.829 
140124134050 0.894 14.733 39.410 9.517 8.242 3.378 10.853 
