SAMBAT Sea Ti  C/T/D/Odo/Fluo/pH GPS : 50195 
V:0,Pression (0/50),dba
V:1,Température (-5/35),°C
V:2,Salinité (2/42),g/l
V:3,Oxygène (0/20),mgl
V:4,PH (0/14),pH
V:5,Fluorescence (0/500),ppb
V:6,Tension batterie,V
160124134752 0.958 14.597 39.196 9.520 8.234 3.348 10.739 
160124140251 0.924 14.600 39.189 9.520 8.229 2.589 10.819 
160124141751 0.805 14.596 39.199 9.522 8.219 2.376 10.831 
160124143251 0.674 14.608 39.209 9.521 8.229 2.164 10.836 
160124144751 0.856 14.604 39.188 9.526 8.237 2.148 10.853 
160124150251 0.680 14.602 39.199 9.529 8.237 2.642 10.860 
160124151751 0.804 14.609 39.185 9.532 8.237 5.936 10.851 
160124153251 0.885 14.603 39.185 9.535 8.237 5.929 10.842 
160124154751 0.891 14.604 39.190 9.537 8.237 6.688 10.857 
160124160251 0.765 14.602 39.182 9.541 8.238 6.430 10.862 
160124161751 0.860 14.605 39.192 9.540 8.237 6.210 10.853 
160124163251 0.896 14.597 39.198 9.544 8.238 7.736 10.843 
160124164751 0.891 14.600 39.187 9.544 8.236 7.523 10.857 
160124170251 0.820 14.597 39.191 9.546 8.237 7.796 10.864 
160124171751 0.678 14.594 39.175 9.547 8.236 7.143 10.854 
160124173251 0.923 14.596 39.179 9.548 8.236 6.756 10.844 
160124174751 0.724 14.590 39.172 9.547 8.237 7.212 10.858 
160124180251 0.847 14.591 39.183 9.546 8.237 6.635 10.864 
160124181751 0.794 14.589 39.184 9.544 8.237 6.369 10.845 
160124183251 0.950 14.590 39.227 9.545 8.237 7.811 10.841 
160124184751 0.896 14.589 39.171 9.547 8.236 6.460 10.856 
160124190251 0.900 14.585 39.181 9.548 8.237 6.734 10.863 
160124191751 0.805 14.591 39.183 9.547 8.237 6.642 10.853 
160124193251 0.813 14.590 39.158 9.550 8.237 7.485 10.843 
160124194751 0.920 14.590 39.168 9.550 8.237 7.470 10.858 
160124200251 0.874 14.583 39.173 9.553 8.237 7.895 10.864 
160124201751 0.894 14.584 39.169 9.555 8.236 7.098 10.853 
160124203251 0.852 14.591 39.179 9.557 8.237 5.830 10.844 
160124204751 0.874 14.587 39.225 9.559 8.238 7.546 10.858 
160124210251 0.772 14.585 39.165 9.561 8.237 5.739 10.864 
160124211751 0.802 14.585 39.160 9.563 8.236 6.764 10.854 
160124213251 0.793 14.583 39.159 9.565 8.234 7.052 10.844 
160124214751 0.862 14.583 39.160 9.567 8.237 7.052 10.858 
160124220251 0.892 14.581 39.146 9.568 8.237 6.961 10.864 
160124221751 0.864 14.576 39.153 9.567 8.235 7.508 10.844 
160124223251 0.833 14.569 39.150 9.570 8.235 7.485 10.841 
160124224751 0.853 14.576 39.181 9.572 8.238 7.136 10.856 
160124230251 0.871 14.583 39.155 9.581 8.243 6.293 10.863 
160124231751 0.883 14.590 39.152 9.591 8.246 5.496 10.853 
160124233251 0.839 14.596 39.163 9.599 8.245 5.716 10.843 
160124234751 0.888 14.588 39.131 9.613 8.245 5.397 10.858 
170124000251 0.913 14.596 39.142 9.623 8.242 5.671 10.864 
170124001751 0.882 14.589 39.145 9.636 8.243 4.411 10.854 
170124003251 0.832 14.584 39.155 9.649 8.241 6.073 10.844 
170124004751 0.829 14.579 39.159 9.657 8.238 5.959 10.858 
170124010251 0.846 14.582 39.150 9.664 8.241 5.800 10.864 
170124011751 0.866 14.563 39.158 9.673 8.239 7.743 10.853 
170124013251 0.890 14.571 39.153 9.676 8.240 7.030 10.844 
170124014751 0.896 14.576 39.156 9.679 8.236 7.105 10.858 
170124020251 0.836 14.582 39.143 9.678 8.240 6.642 10.864 
170124021751 0.878 14.585 39.138 9.678 8.239 6.620 10.854 
170124023251 0.829 14.565 39.147 9.682 8.237 8.593 10.843 
170124024751 0.855 14.573 39.144 9.681 8.238 7.941 10.858 
170124030251 0.862 14.566 39.188 9.682 8.238 7.553 10.864 
170124031751 0.831 14.563 39.152 9.686 8.239 7.508 10.853 
170124033251 0.855 14.580 39.161 9.681 8.238 6.726 10.843 
170124034751 0.838 14.551 39.168 9.686 8.237 7.181 10.857 
170124040251 0.871 14.571 39.139 9.679 8.237 7.531 10.864 
170124041751 0.865 14.561 39.141 9.681 8.239 7.219 10.852 
170124043251 0.842 14.574 39.148 9.678 8.240 7.045 10.843 
170124044751 0.840 14.569 39.143 9.679 8.239 6.794 10.857 
170124050251 0.849 14.572 39.136 9.676 8.238 7.720 10.864 
170124051751 0.818 14.564 39.129 9.671 8.238 6.642 10.854 
170124053251 0.809 14.571 39.130 9.658 8.238 5.754 10.843 
170124054751 0.822 14.571 39.122 9.648 8.238 7.660 10.857 
170124060251 0.841 14.559 39.139 9.642 8.238 7.470 10.864 
170124061751 0.849 14.564 39.127 9.629 8.237 6.931 10.854 
170124063251 0.884 14.570 39.130 9.618 8.239 5.914 10.844 
170124064751 0.798 14.569 39.133 9.609 8.239 6.574 10.858 
170124070251 0.867 14.572 39.253 9.602 8.239 6.255 10.864 
170124071751 0.783 14.563 39.134 9.599 8.238 7.090 10.854 
170124073251 0.777 14.570 39.141 9.593 8.238 7.181 10.843 
170124074751 0.799 14.569 39.121 9.589 8.238 7.485 10.857 
170124080251 0.818 14.573 39.118 9.584 8.240 7.978 10.864 
170124081751 0.780 14.562 39.119 9.585 8.239 6.491 10.853 
170124083251 0.811 14.577 39.120 9.581 8.241 7.432 10.843 
170124084751 0.767 14.576 39.116 9.582 8.241 7.288 10.858 
170124090251 0.808 14.578 39.118 9.581 8.240 7.280 10.864 
170124091751 0.832 14.581 39.118 9.581 8.239 8.495 10.854 
170124093251 0.817 14.572 39.112 9.583 8.241 8.525 10.844 
170124094751 0.764 14.577 39.115 9.585 8.239 6.863 10.858 
170124100251 0.794 14.576 39.116 9.586 8.240 6.718 10.864 
170124101751 0.830 14.575 39.121 9.589 8.240 8.343 10.853 
170124103251 0.837 14.570 39.118 9.592 8.239 8.350 10.843 
170124104751 0.806 14.579 39.118 9.594 8.241 8.320 10.858 
170124110251 0.736 14.580 39.113 9.598 8.241 9.132 10.864 
170124111751 0.790 14.585 39.117 9.600 8.241 7.857 10.852 
170124113251 0.788 14.581 39.116 9.604 8.241 7.371 10.843 
170124114751 0.796 14.584 39.110 9.607 8.241 5.936 10.857 
170124120251 0.808 14.593 39.112 9.610 8.241 3.386 10.863 
170124121751 0.809 14.610 39.121 9.608 8.241 3.310 10.854 
170124123251 0.791 14.624 39.105 9.611 8.243 3.021 10.843 
170124124751 0.809 14.643 39.108 9.613 8.244 3.340 10.858 
170124130251 0.787 14.648 39.106 9.609 8.243 2.786 10.864 
170124131751 0.812 14.650 39.122 9.613 8.241 3.317 10.849 
170124133251 0.734 14.645 39.096 9.623 8.242 3.295 10.843 
170124134751 0.696 14.645 39.095 9.624 8.240 3.090 10.858 
