SAMBAT Sea Ti  C/T/D/Odo/Fluo/pH GPS : 50195 
V:0,Pression (0/50),dba
V:1,Température (-5/35),°C
V:2,Salinité (2/42),g/l
V:3,Oxygène (0/20),mgl
V:4,PH (0/14),pH
V:5,Fluorescence (0/500),ppb
V:6,Tension batterie,V
030224143047 1.034 14.716 35.871 9.708 8.248 1.359 10.741 
030224144546 1.032 14.698 35.854 9.719 8.248 1.473 10.823 
030224150046 1.019 14.718 35.934 9.715 8.248 1.260 10.850 
030224151546 0.949 14.710 35.869 9.720 8.247 1.222 10.845 
030224153046 1.103 14.714 35.881 9.721 8.247 2.217 10.839 
030224154546 1.093 14.703 35.905 9.728 8.246 1.746 10.858 
030224160046 0.974 14.699 35.858 9.731 8.244 2.498 10.866 
030224161546 1.041 14.684 35.774 9.735 8.243 2.999 10.853 
030224163046 1.009 14.670 35.837 9.741 8.242 2.999 10.842 
030224164546 1.049 14.663 35.798 9.744 8.242 3.963 10.860 
030224170046 1.066 14.651 35.832 9.747 8.241 4.206 10.867 
030224171546 1.097 14.648 35.849 9.752 8.241 4.783 10.852 
030224173046 1.093 14.632 35.839 9.760 8.240 4.691 10.842 
030224174546 1.064 14.619 35.824 9.764 8.240 5.633 10.860 
030224180046 1.049 14.595 35.962 9.772 8.239 4.578 10.867 
030224181546 1.090 14.584 35.841 9.775 8.239 4.934 10.853 
030224183046 1.083 14.562 35.791 9.780 8.238 4.889 10.842 
030224184546 1.113 14.570 35.864 9.775 8.238 5.215 10.860 
030224190046 1.073 14.561 35.887 9.778 8.237 4.767 10.867 
030224191546 1.124 14.556 35.874 9.779 8.237 4.881 10.853 
030224193046 1.155 14.545 36.013 9.780 8.237 4.866 10.842 
030224194546 1.042 14.539 35.731 9.787 8.236 4.335 10.860 
030224200046 1.081 14.534 35.792 9.786 8.236 5.238 10.867 
030224201546 0.971 14.523 35.909 9.786 8.236 4.228 10.853 
030224203046 1.018 14.516 35.992 9.786 8.236 4.707 10.841 
030224204546 1.185 14.513 35.920 9.783 8.236 5.656 10.859 
030224210046 1.000 14.504 35.926 9.781 8.236 4.274 10.866 
030224211546 1.058 14.513 35.999 9.781 8.235 4.760 10.852 
030224213046 1.104 14.514 35.978 9.778 8.236 4.524 10.841 
030224214546 1.069 14.507 36.085 9.779 8.236 5.063 10.859 
030224220046 1.076 14.500 36.048 9.780 8.236 4.767 10.866 
030224221546 1.088 14.486 36.058 9.781 8.236 4.433 10.853 
030224223046 1.046 14.477 36.060 9.787 8.237 4.934 10.841 
030224224546 1.134 14.468 36.014 9.787 8.237 4.502 10.859 
030224230046 1.066 14.443 35.957 9.794 8.238 5.375 10.866 
030224231546 1.062 14.434 35.979 9.796 8.238 5.329 10.853 
030224233046 1.019 14.443 36.121 9.797 8.237 4.646 10.841 
030224234546 1.119 14.426 36.044 9.795 8.237 4.729 10.859 
040224000046 0.982 14.422 36.187 9.803 8.237 4.593 10.866 
040224001546 1.049 14.424 36.041 9.800 8.236 5.807 10.853 
040224003046 1.005 14.419 35.994 9.803 8.236 5.731 10.840 
040224004546 1.042 14.418 35.994 9.804 8.237 4.691 10.859 
040224010046 0.995 14.400 36.004 9.810 8.238 4.236 10.866 
040224011546 1.069 14.394 35.961 9.814 8.238 4.213 10.853 
040224013046 1.046 14.395 35.987 9.815 8.238 4.395 10.840 
040224014546 0.987 14.403 36.070 9.809 8.234 4.653 10.858 
040224020046 1.036 14.428 35.882 9.798 8.234 4.767 10.865 
040224021546 1.088 14.424 35.863 9.800 8.236 4.745 10.852 
040224023046 1.025 14.418 35.854 9.799 8.236 5.185 10.840 
040224024546 1.097 14.434 35.918 9.788 8.237 4.312 10.858 
040224030046 1.059 14.434 35.935 9.785 8.238 5.124 10.866 
040224031546 0.970 14.441 35.923 9.781 8.239 4.980 10.851 
040224033046 0.998 14.439 35.919 9.777 8.239 5.071 10.840 
040224034546 1.034 14.435 35.897 9.781 8.241 4.972 10.858 
040224040046 1.069 14.443 35.919 9.769 8.241 7.364 10.865 
040224041546 1.063 14.441 35.882 9.764 8.241 4.813 10.851 
040224043046 1.078 14.446 35.871 9.759 8.242 5.230 10.840 
040224044546 1.134 14.454 35.918 9.754 8.242 4.775 10.858 
040224050046 1.021 14.446 35.925 9.751 8.243 5.587 10.865 
040224051546 1.079 14.462 35.938 9.743 8.243 5.048 10.852 
040224053046 1.093 14.459 35.858 9.739 8.245 4.661 10.840 
040224054546 0.995 14.452 35.891 9.740 8.246 5.230 10.858 
040224060046 1.068 14.458 35.872 9.735 8.246 4.411 10.866 
040224061546 1.051 14.440 35.883 9.734 8.246 4.752 10.853 
040224063046 1.052 14.443 35.848 9.729 8.246 4.980 10.840 
040224064546 1.012 14.478 35.822 9.718 8.246 5.048 10.858 
040224070046 0.988 14.466 35.782 9.718 8.246 5.709 10.866 
040224071546 1.030 14.461 35.929 9.714 8.246 5.390 10.852 
040224073046 1.076 14.463 35.981 9.710 8.245 5.322 10.840 
040224074546 1.033 14.458 35.855 9.712 8.245 5.230 10.858 
040224080046 1.029 14.460 35.979 9.708 8.244 4.699 10.866 
040224081546 1.052 14.459 35.983 9.706 8.245 4.927 10.849 
040224083046 0.983 14.447 35.977 9.708 8.244 5.124 10.840 
040224084546 0.996 14.456 35.993 9.708 8.244 3.105 10.858 
040224090046 1.056 14.446 36.072 9.712 8.244 2.277 10.865 
040224091546 1.004 14.460 36.084 9.708 8.243 2.460 10.853 
040224093046 1.064 14.465 36.080 9.710 8.243 2.034 10.840 
040224094546 1.044 14.481 36.008 9.711 8.243 2.209 10.858 
040224100046 1.056 14.479 36.047 9.712 8.244 1.556 10.866 
040224101546 1.005 14.490 36.044 9.713 8.244 2.050 10.851 
040224103046 0.996 14.498 36.017 9.716 8.244 1.602 10.840 
040224104546 1.032 14.519 36.032 9.715 8.244 1.966 10.858 
040224110046 1.052 14.528 36.053 9.715 8.245 1.420 10.866 
040224111546 1.048 14.536 36.065 9.716 8.246 1.207 10.853 
040224113046 1.054 14.531 36.047 9.721 8.246 1.867 10.841 
040224114546 1.069 14.570 36.072 9.713 8.248 1.321 10.859 
040224120046 1.071 14.621 36.047 9.702 8.250 1.685 10.866 
040224121546 1.058 14.622 36.095 9.707 8.252 0.896 10.854 
040224123046 1.053 14.713 36.013 9.685 8.250 1.602 10.842 
040224124546 0.976 14.797 36.034 9.666 8.253 1.192 10.860 
040224130046 1.045 14.729 36.024 9.692 8.257 0.645 10.867 
040224131546 1.011 14.768 36.026 9.684 8.253 0.941 10.843 
040224133046 1.001 14.780 36.041 9.683 8.251 0.835 10.840 
040224134546 0.941 14.775 36.016 9.691 8.250 0.934 10.860 
040224140046 1.039 14.766 36.054 9.704 8.251 1.010 10.867 
040224141546 1.006 14.811 36.006 9.693 8.249 1.093 10.855 
040224143046 1.094 14.807 36.062 9.695 8.249 1.564 10.843 
