SAMBAT Sea Ti  C/T/D/Odo/Fluo/pH GPS : 50195 
V:0,Pression (0/50),dba
V:1,Température (-5/35),°C
V:2,Salinité (2/42),g/l
V:3,Oxygène (0/20),mgl
V:4,PH (0/14),pH
V:5,Fluorescence (0/500),ppb
V:6,Tension batterie,V
070324155037 0.935 14.368 30.754 10.278 8.255 3.333 10.736 
070324160536 0.958 14.363 30.707 10.286 8.255 3.568 10.818 
070324162036 0.920 14.382 30.603 10.281 8.251 3.363 10.838 
070324163536 0.960 14.360 30.662 10.287 8.252 4.221 10.835 
070324165036 0.971 14.384 30.543 10.279 8.250 4.616 10.853 
070324170536 0.877 14.396 30.517 10.276 8.250 6.195 10.860 
070324172036 0.868 14.390 30.551 10.271 8.251 7.728 10.839 
070324173536 0.867 14.408 30.550 10.262 8.251 8.130 10.836 
070324175036 0.993 14.384 30.537 10.259 8.251 8.988 10.854 
070324180536 0.884 14.377 30.486 10.252 8.250 10.180 10.862 
070324182036 0.948 14.403 30.483 10.236 8.250 10.081 10.854 
070324183536 0.901 14.344 30.488 10.243 8.253 9.793 10.839 
070324185036 0.979 14.305 30.492 10.255 8.253 8.859 10.856 
070324190536 0.887 14.276 30.499 10.256 8.254 9.861 10.863 
070324192036 0.906 14.290 30.421 10.246 8.253 8.889 10.854 
070324193536 0.943 14.282 30.417 10.240 8.253 9.800 10.840 
070324195036 0.923 14.193 30.430 10.256 8.251 10.552 10.856 
070324200536 0.917 14.238 30.381 10.239 8.252 8.867 10.863 
070324202036 0.946 14.185 30.356 10.254 8.249 8.237 10.840 
070324203536 0.939 14.134 30.452 10.254 8.248 10.468 10.836 
070324205036 0.962 14.085 30.370 10.262 8.247 8.525 10.854 
070324210536 0.943 14.020 30.539 10.271 8.250 9.747 10.861 
070324212036 0.972 13.978 30.373 10.272 8.251 8.882 10.852 
070324213536 0.964 13.968 30.293 10.276 8.252 8.639 10.838 
070324215036 0.917 14.000 30.273 10.258 8.251 8.434 10.854 
070324220536 0.926 13.960 30.362 10.264 8.252 8.897 10.861 
070324222036 0.925 13.981 30.303 10.243 8.250 8.730 10.851 
070324223536 0.932 13.981 30.278 10.237 8.250 10.332 10.837 
070324225036 0.947 13.986 30.242 10.227 8.250 9.709 10.853 
070324230536 0.922 13.969 30.262 10.227 8.248 9.998 10.861 
070324232036 0.979 14.000 30.225 10.208 8.246 11.235 10.838 
070324233536 0.959 14.029 30.214 10.192 8.245 11.387 10.833 
070324235036 0.923 14.051 30.230 10.177 8.245 10.294 10.851 
080324000536 0.942 14.038 30.231 10.174 8.245 10.059 10.860 
080324002036 0.957 13.990 30.161 10.175 8.248 10.415 10.851 
080324003536 0.894 14.034 30.183 10.156 8.247 11.759 10.837 
080324005036 0.961 14.054 30.191 10.141 8.248 11.349 10.854 
080324010536 0.955 14.036 30.242 10.133 8.250 11.053 10.860 
080324012036 0.923 14.027 30.250 10.123 8.249 12.473 10.851 
080324013536 0.911 14.049 30.299 10.106 8.249 10.567 10.837 
080324015036 0.955 14.054 30.214 10.092 8.249 12.920 10.853 
080324020536 0.947 14.064 30.282 10.078 8.249 12.685 10.861 
080324022036 0.902 14.059 30.388 10.064 8.250 11.023 10.838 
080324023536 0.935 14.029 30.211 10.063 8.250 11.698 10.833 
080324025036 0.925 14.028 30.202 10.052 8.250 13.103 10.852 
080324030536 0.934 14.018 31.407 10.045 8.249 11.486 10.860 
080324032036 0.913 14.034 31.295 10.032 8.247 11.448 10.851 
080324033536 0.921 14.030 30.458 10.020 8.248 12.640 10.837 
080324035036 0.919 14.031 31.461 10.007 8.248 10.256 10.853 
080324040536 0.935 14.035 31.359 9.992 8.246 12.860 10.860 
080324042036 0.907 14.028 31.495 9.986 8.248 13.725 10.851 
080324043536 0.928 14.024 31.330 9.973 8.246 13.801 10.840 
080324045036 0.904 14.036 31.148 9.964 8.250 12.852 10.855 
080324050536 0.902 14.041 30.784 9.954 8.250 9.800 10.861 
080324052036 0.892 14.040 30.295 9.949 8.251 9.846 10.838 
080324053536 0.923 14.031 30.318 9.949 8.251 10.909 10.833 
080324055036 0.925 14.013 30.163 9.947 8.252 11.053 10.851 
080324060536 0.887 14.025 30.148 9.944 8.251 11.144 10.859 
080324062036 0.899 14.039 30.075 9.940 8.251 10.772 10.850 
080324063536 0.829 13.997 30.358 9.949 8.251 12.154 10.836 
080324065036 0.931 13.994 30.341 9.950 8.250 10.028 10.852 
080324070536 0.911 13.986 30.094 9.953 8.250 11.934 10.859 
080324072036 0.917 13.977 30.097 9.960 8.249 10.051 10.849 
080324073536 0.983 14.006 30.532 9.948 8.249 8.092 10.836 
080324075036 0.875 14.016 30.070 9.947 8.249 8.062 10.852 
080324080536 0.913 13.973 30.187 9.968 8.250 6.597 10.859 
080324082036 0.910 13.991 30.100 9.962 8.250 6.088 10.837 
080324083536 0.952 13.946 30.116 9.984 8.250 4.479 10.832 
080324085036 0.883 13.954 30.033 9.989 8.249 4.084 10.851 
080324090536 0.916 13.965 30.039 9.995 8.248 4.008 10.858 
080324092036 0.901 13.980 30.039 9.997 8.247 4.251 10.849 
080324093536 0.874 13.980 30.046 10.007 8.248 3.560 10.835 
080324095036 0.867 13.991 30.066 10.016 8.248 4.206 10.852 
080324100536 0.855 13.976 30.046 10.026 8.249 3.758 10.859 
080324102036 0.838 13.985 30.010 10.034 8.250 4.175 10.838 
080324103536 0.898 13.986 29.989 10.042 8.249 4.145 10.832 
080324105036 0.871 14.025 29.988 10.041 8.250 4.707 10.851 
080324110536 0.872 14.003 29.976 10.052 8.252 4.449 10.859 
080324112036 0.929 13.986 29.978 10.059 8.252 4.904 10.850 
080324113536 0.963 14.010 29.942 10.060 8.251 4.532 10.842 
080324115036 0.939 13.997 29.932 10.072 8.252 4.319 10.855 
080324120536 0.880 14.015 29.964 10.076 8.251 3.849 10.861 
080324122036 0.846 14.005 29.919 10.090 8.251 5.451 10.851 
080324123536 0.936 13.987 29.886 10.102 8.251 3.887 10.841 
080324125036 0.883 13.980 29.924 10.109 8.251 5.079 10.855 
080324130536 0.907 13.987 29.892 10.116 8.251 4.304 10.861 
080324132036 0.740 13.998 29.863 10.118 8.250 5.322 10.835 
080324133536 0.869 13.972 29.861 10.135 8.251 5.974 10.831 
080324135036 0.898 13.992 29.866 10.130 8.251 5.580 10.850 
080324140536 0.831 13.986 29.837 10.132 8.251 6.809 10.858 
080324142036 0.802 13.974 29.805 10.144 8.251 9.011 10.849 
080324143536 0.890 13.981 29.852 10.136 8.250 5.861 10.836 
080324145036 0.903 14.037 29.824 10.121 8.250 6.149 10.852 
080324150536 0.879 14.037 29.831 10.115 8.252 9.330 10.857 
080324152036 0.777 13.980 29.792 10.126 8.253 10.248 10.846 
080324153536 0.825 13.975 29.795 10.120 8.252 8.130 10.833 
080324155036 0.836 13.970 29.765 10.117 8.252 10.947 10.851 
