SAMBAT Sea Ti  C/T/D/Odo/Fluo/pH GPS : 50195 
V:0,Pression (0/50),dba
V:1,Température (-5/35),°C
V:2,Salinité (2/42),g/l
V:3,Oxygène (0/20),mgl
V:4,PH (0/14),pH
V:5,Fluorescence (0/500),ppb
V:6,Tension batterie,V
220224151627 0.874 14.624 34.659 10.200 8.258 4.972 10.736 
220224153126 0.901 14.623 34.605 10.199 8.258 4.669 10.809 
220224154626 0.841 14.628 34.496 10.197 8.258 3.872 10.839 
220224160126 0.815 14.631 34.663 10.196 8.259 4.866 10.849 
220224161626 0.833 14.623 34.444 10.200 8.260 5.337 10.823 
220224163126 0.891 14.606 34.522 10.203 8.260 8.343 10.814 
220224164626 0.921 14.617 34.540 10.202 8.258 5.549 10.834 
220224170126 0.914 14.611 34.606 10.203 8.258 7.470 10.842 
220224171626 0.880 14.608 34.417 10.203 8.257 6.460 10.829 
220224173126 0.831 14.609 34.521 10.201 8.257 6.225 10.817 
220224174626 0.854 14.590 34.681 10.204 8.256 6.339 10.835 
220224180126 0.834 14.584 34.692 10.204 8.256 6.308 10.842 
220224181626 0.902 14.587 35.533 10.201 8.255 5.876 10.812 
220224183126 0.811 14.581 35.830 10.200 8.254 7.174 10.813 
220224184626 0.862 14.581 35.444 10.199 8.254 6.422 10.832 
220224190126 0.868 14.576 34.728 10.196 8.254 6.529 10.841 
220224191626 0.906 14.570 34.700 10.197 8.255 6.043 10.828 
220224193126 0.831 14.558 34.516 10.199 8.254 5.580 10.816 
220224194626 0.874 14.538 34.508 10.206 8.251 5.185 10.834 
220224200126 0.841 14.532 35.270 10.205 8.250 4.881 10.841 
220224201626 0.837 14.540 34.645 10.201 8.250 5.337 10.827 
220224203126 0.868 14.537 34.593 10.200 8.250 6.240 10.815 
220224204626 0.879 14.544 34.586 10.190 8.250 5.929 10.834 
220224210126 0.880 14.537 34.789 10.197 8.250 6.248 10.841 
220224211626 0.805 14.537 34.812 10.197 8.250 5.792 10.807 
220224213126 0.848 14.534 34.832 10.194 8.250 5.109 10.810 
220224214626 0.867 14.524 34.735 10.194 8.250 5.071 10.831 
220224220126 0.829 14.509 34.609 10.196 8.250 5.610 10.840 
220224221626 0.876 14.510 34.798 10.191 8.250 6.050 10.826 
220224223126 0.831 14.505 34.664 10.190 8.250 6.324 10.814 
220224224626 0.827 14.502 34.714 10.185 8.249 7.181 10.833 
220224230126 0.811 14.492 34.711 10.184 8.248 6.225 10.841 
220224231626 0.889 14.483 34.733 10.180 8.247 6.513 10.807 
220224233126 0.789 14.479 34.733 10.174 8.248 7.774 10.808 
220224234626 0.839 14.478 34.704 10.169 8.248 7.546 10.829 
230224000126 0.759 14.476 34.719 10.164 8.248 6.020 10.837 
230224001626 0.804 14.458 34.662 10.159 8.247 7.341 10.825 
230224003126 0.809 14.447 34.629 10.156 8.246 8.464 10.812 
230224004626 0.810 14.453 34.594 10.145 8.246 8.442 10.831 
230224010126 0.789 14.450 34.707 10.138 8.246 7.584 10.838 
230224011626 0.764 14.453 34.756 10.132 8.246 8.009 10.825 
230224013126 0.748 14.473 34.696 10.121 8.247 7.766 10.812 
230224014626 0.798 14.462 34.703 10.115 8.249 7.227 10.830 
230224020126 0.778 14.478 34.729 10.108 8.250 8.183 10.837 
230224021626 0.809 14.494 34.745 10.099 8.253 6.718 10.805 
230224023126 0.755 14.500 34.781 10.094 8.255 6.771 10.807 
230224024626 0.813 14.488 34.759 10.091 8.256 6.627 10.828 
230224030126 0.793 14.503 34.744 10.086 8.256 6.362 10.837 
230224031626 0.773 14.508 34.671 10.081 8.257 7.607 10.823 
230224033126 0.739 14.504 34.718 10.079 8.257 6.863 10.812 
230224034626 0.773 14.507 34.712 10.074 8.257 7.333 10.831 
230224040126 0.766 14.492 34.750 10.076 8.255 6.832 10.838 
230224041626 0.803 14.493 34.696 10.069 8.255 6.551 10.805 
230224043126 0.804 14.503 34.691 10.065 8.254 6.369 10.807 
230224044626 0.726 14.500 34.723 10.061 8.255 5.830 10.828 
230224050126 0.692 14.510 34.711 10.059 8.256 7.121 10.837 
230224051626 0.744 14.524 35.317 10.055 8.258 6.976 10.824 
230224053126 0.785 14.532 34.777 10.058 8.263 5.823 10.811 
230224054626 0.759 14.528 34.744 10.068 8.268 6.081 10.830 
230224060126 0.831 14.543 34.715 10.066 8.267 6.149 10.837 
230224061626 0.691 14.547 34.716 10.075 8.270 6.840 10.824 
230224063126 0.793 14.534 34.752 10.096 8.267 5.785 10.812 
230224064626 0.796 14.538 34.692 10.107 8.268 7.030 10.831 
230224070126 0.708 14.539 35.596 10.124 8.271 6.217 10.837 
230224071626 0.702 14.541 34.762 10.136 8.268 7.538 10.805 
230224073126 0.736 14.542 34.903 10.142 8.267 6.324 10.808 
230224074626 0.776 14.524 34.847 10.161 8.264 6.506 10.828 
230224080126 0.769 14.510 34.813 10.170 8.258 6.764 10.837 
230224081626 0.770 14.510 35.467 10.171 8.255 8.054 10.823 
230224083126 0.704 14.507 35.414 10.175 8.254 6.035 10.811 
230224084626 0.863 14.502 35.139 10.175 8.252 7.257 10.829 
230224090126 0.655 14.485 34.813 10.179 8.251 6.885 10.837 
230224091626 0.792 14.503 35.461 10.174 8.253 6.756 10.822 
230224093126 0.823 14.520 34.832 10.174 8.255 5.906 10.809 
230224094626 0.657 14.509 34.628 10.177 8.258 6.870 10.828 
230224100126 0.830 14.514 34.723 10.182 8.259 6.195 10.836 
230224101626 0.665 14.528 34.613 10.180 8.260 5.526 10.803 
230224103126 0.798 14.517 34.683 10.190 8.261 6.574 10.805 
230224104626 0.760 14.529 34.667 10.191 8.260 6.339 10.827 
230224110126 0.831 14.527 34.578 10.199 8.261 5.678 10.835 
230224111626 0.798 14.517 34.686 10.205 8.260 6.513 10.823 
230224113126 0.671 14.516 34.761 10.206 8.259 5.048 10.810 
230224114626 0.813 14.523 34.617 10.201 8.259 6.491 10.829 
230224120126 0.689 14.517 34.699 10.200 8.258 6.468 10.835 
230224121626 0.689 14.519 34.593 10.197 8.258 5.739 10.803 
230224123126 0.810 14.509 34.591 10.193 8.256 6.141 10.805 
230224124626 0.792 14.495 34.891 10.189 8.256 6.362 10.825 
230224130126 0.787 14.483 34.983 10.187 8.255 4.995 10.834 
230224131626 0.690 14.509 34.820 10.172 8.255 4.426 10.821 
230224133126 0.859 14.510 34.674 10.165 8.255 4.790 10.808 
230224134626 0.598 14.506 35.855 10.163 8.256 3.515 10.828 
230224140126 0.773 14.515 34.683 10.160 8.255 2.915 10.835 
230224141626 0.791 14.516 34.709 10.165 8.255 2.968 10.821 
230224143126 0.741 14.518 34.793 10.168 8.255 3.598 10.808 
230224144626 0.897 14.512 34.662 10.171 8.255 3.985 10.828 
230224150126 0.741 14.517 34.613 10.174 8.255 5.010 10.835 
230224151626 0.742 14.513 34.709 10.179 8.255 4.282 10.801 
