SAMBAT Sea Ti  C/T/D/Odo/Fluo/pH GPS : 50195 
V:0,Pression (0/50),dba
V:1,Température (-5/35),°C
V:2,Salinité (2/42),g/l
V:3,Oxygène (0/20),mgl
V:4,PH (0/14),pH
V:5,Fluorescence (0/500),ppb
V:6,Tension batterie,V
180124135238 0.765 14.595 39.265 9.602 8.238 2.186 10.738 
180124140737 0.783 14.587 39.232 9.606 8.238 2.308 10.796 
180124142237 0.831 14.594 39.232 9.604 8.238 2.460 10.808 
180124143737 0.840 14.581 39.227 9.607 8.238 2.589 10.843 
180124145237 0.831 14.585 39.224 9.609 8.238 2.786 10.856 
180124150737 0.796 14.583 39.213 9.613 8.238 3.037 10.831 
180124152237 0.873 14.584 39.205 9.614 8.238 2.991 10.817 
180124153737 0.718 14.576 39.226 9.617 8.237 3.446 10.849 
180124155237 0.828 14.570 39.220 9.619 8.236 4.168 10.860 
180124160737 0.747 14.563 39.224 9.623 8.236 5.063 10.831 
180124162237 0.811 14.563 39.217 9.626 8.236 6.339 10.817 
180124163737 0.735 14.558 39.223 9.627 8.234 5.602 10.849 
180124165237 0.958 14.550 39.205 9.629 8.232 6.157 10.860 
180124170737 0.810 14.548 39.245 9.633 8.234 6.324 10.808 
180124172237 0.700 14.562 39.242 9.631 8.238 6.847 10.814 
180124173737 0.721 14.572 39.242 9.628 8.242 6.270 10.848 
180124175237 0.799 14.564 39.224 9.632 8.238 6.043 10.860 
180124180737 0.627 14.561 39.238 9.633 8.236 6.536 10.832 
180124182237 0.714 14.553 39.245 9.637 8.236 6.141 10.818 
180124183737 0.770 14.552 39.235 9.637 8.235 6.164 10.850 
180124185237 0.801 14.550 39.229 9.639 8.235 5.724 10.861 
180124190737 0.844 14.543 39.253 9.640 8.234 6.453 10.834 
180124192237 0.852 14.543 39.238 9.639 8.237 6.073 10.818 
180124193737 0.756 14.543 39.250 9.640 8.236 6.445 10.850 
180124195237 0.776 14.530 39.251 9.646 8.235 5.830 10.860 
180124200737 0.805 14.538 39.243 9.643 8.236 6.141 10.809 
180124202237 0.595 14.535 39.194 9.644 8.236 6.529 10.814 
180124203737 0.911 14.521 39.292 9.644 8.235 5.716 10.848 
180124205237 0.764 14.527 39.243 9.647 8.234 6.119 10.860 
180124210737 0.724 14.518 39.265 9.644 8.234 6.255 10.827 
180124212237 0.809 14.530 39.271 9.643 8.238 6.992 10.817 
180124213737 0.791 14.522 39.184 9.642 8.238 7.364 10.849 
180124215237 0.837 14.507 39.194 9.641 8.236 6.005 10.860 
180124220737 0.799 14.528 39.257 9.636 8.234 6.946 10.809 
180124222237 0.730 14.511 39.244 9.639 8.236 5.845 10.814 
180124223737 0.727 14.509 39.195 9.640 8.237 6.217 10.848 
180124225237 0.873 14.501 39.256 9.639 8.235 5.337 10.860 
180124230737 0.856 14.516 39.263 9.641 8.237 5.693 10.810 
180124232237 0.823 14.507 39.252 9.641 8.236 5.747 10.814 
180124233737 0.845 14.491 39.267 9.643 8.240 5.807 10.848 
180124235237 0.752 14.489 39.248 9.644 8.236 5.329 10.859 
190124000737 0.825 14.530 39.299 9.632 8.235 6.453 10.831 
190124002237 0.978 14.510 39.301 9.636 8.241 6.346 10.817 
190124003737 0.876 14.545 39.305 9.621 8.241 6.665 10.849 
190124005237 0.840 14.542 39.292 9.626 8.240 6.134 10.860 
190124010737 0.799 14.521 39.296 9.627 8.241 6.270 10.831 
190124012237 0.837 14.537 39.305 9.617 8.239 6.976 10.817 
190124013737 0.872 14.544 39.301 9.611 8.239 5.246 10.849 
190124015237 0.761 14.539 39.310 9.615 8.238 6.422 10.860 
190124020737 0.766 14.534 39.304 9.615 8.238 5.648 10.811 
190124022237 0.784 14.540 39.300 9.611 8.236 5.853 10.814 
190124023737 0.823 14.530 39.312 9.613 8.238 5.777 10.848 
190124025237 0.724 14.537 39.294 9.611 8.238 5.572 10.860 
190124030737 0.763 14.530 39.311 9.611 8.238 5.192 10.833 
190124032237 0.757 14.524 39.313 9.610 8.238 5.876 10.818 
190124033737 0.757 14.527 39.298 9.609 8.238 5.314 10.850 
190124035237 0.906 14.531 39.310 9.607 8.238 5.382 10.860 
190124040737 0.754 14.526 39.303 9.612 8.239 5.952 10.833 
190124042237 0.819 14.500 39.305 9.613 8.240 5.397 10.818 
190124043737 0.834 14.542 39.292 9.598 8.239 6.589 10.849 
190124045237 0.793 14.515 39.256 9.606 8.236 6.202 10.860 
190124050737 0.848 14.537 39.301 9.595 8.238 5.162 10.832 
190124052237 0.824 14.515 39.284 9.599 8.236 5.451 10.818 
190124053737 0.857 14.524 39.315 9.593 8.238 5.329 10.849 
190124055237 0.616 14.524 39.261 9.588 8.238 5.435 10.860 
190124060737 0.835 14.519 39.284 9.587 8.237 5.762 10.834 
190124062237 0.828 14.516 39.297 9.587 8.236 5.413 10.818 
190124063737 0.894 14.515 39.318 9.582 8.235 4.722 10.850 
190124065237 0.920 14.511 39.312 9.582 8.235 4.540 10.860 
190124070737 0.786 14.504 39.221 9.581 8.234 6.119 10.833 
190124072237 0.864 14.504 39.376 9.580 8.234 5.337 10.817 
190124073737 0.736 14.499 39.321 9.579 8.234 6.422 10.849 
190124075237 0.790 14.501 39.284 9.576 8.234 5.883 10.860 
190124080737 0.777 14.509 39.307 9.572 8.234 4.722 10.829 
190124082237 0.891 14.489 39.313 9.575 8.233 5.117 10.817 
190124083737 0.692 14.491 39.302 9.574 8.231 5.033 10.849 
190124085237 0.811 14.476 39.311 9.575 8.231 4.578 10.860 
190124090737 0.850 14.448 39.331 9.576 8.231 4.471 10.810 
190124092237 0.893 14.447 39.308 9.577 8.230 2.604 10.814 
190124093737 0.885 14.448 39.285 9.576 8.229 2.331 10.848 
190124095237 0.827 14.468 39.287 9.572 8.236 2.444 10.859 
190124100737 0.906 14.478 39.313 9.571 8.237 3.014 10.829 
190124102237 0.841 14.473 39.306 9.572 8.234 3.348 10.816 
190124103737 0.892 14.471 39.298 9.572 8.234 3.105 10.849 
190124105237 0.906 14.485 39.344 9.572 8.235 2.976 10.860 
190124110737 0.837 14.489 39.364 9.570 8.238 3.613 10.829 
190124112237 0.752 14.499 39.336 9.567 8.238 3.788 10.816 
190124113737 0.974 14.503 39.360 9.567 8.237 3.462 10.849 
190124115237 0.933 14.506 39.338 9.566 8.237 3.128 10.860 
190124120737 0.983 14.508 39.354 9.567 8.237 3.841 10.829 
190124122237 0.880 14.507 39.405 9.566 8.236 3.044 10.817 
190124123737 0.805 14.512 39.350 9.565 8.237 3.446 10.849 
190124125237 0.798 14.510 39.334 9.569 8.236 3.689 10.860 
190124130737 0.858 14.512 39.362 9.571 8.236 3.492 10.706 
190124132237 0.861 14.511 39.339 9.573 8.236 3.621 10.809 
190124133737 0.830 14.508 39.380 9.576 8.235 3.181 10.844 
190124135237 0.903 14.509 39.365 9.579 8.235 3.135 10.857 
