SAMBAT Sea Ti  C/T/D/Odo/Fluo/pH GPS : 50195 
V:0,Pression (0/50),dba
V:1,Température (-5/35),°C
V:2,Salinité (2/42),g/l
V:3,Oxygène (0/20),mgl
V:4,PH (0/14),pH
V:5,Fluorescence (0/500),ppb
V:6,Tension batterie,V
100224144800 0.636 14.394 36.766 9.806 8.245 6.764 10.740 
100224150259 0.626 14.397 36.792 9.804 8.245 7.288 10.821 
100224151759 0.701 14.396 36.870 9.805 8.245 6.658 10.838 
100224153259 0.653 14.406 37.040 9.801 8.245 7.485 10.837 
100224154759 0.651 14.401 36.831 9.803 8.245 6.354 10.855 
100224160259 0.638 14.400 36.780 9.803 8.245 6.946 10.863 
100224161759 0.665 14.399 36.851 9.801 8.245 8.047 10.851 
100224163259 0.653 14.407 36.943 9.800 8.245 7.052 10.841 
100224164759 0.660 14.408 36.925 9.799 8.246 7.462 10.858 
100224170259 0.657 14.396 36.829 9.801 8.246 8.358 10.865 
100224171759 0.675 14.402 36.958 9.799 8.246 7.994 10.840 
100224173259 0.667 14.400 37.110 9.800 8.246 9.079 10.839 
100224174759 0.667 14.401 36.973 9.800 8.245 8.472 10.857 
100224180259 0.675 14.406 36.776 9.799 8.245 7.394 10.865 
100224181759 0.647 14.409 36.800 9.798 8.245 7.607 10.853 
100224183259 0.644 14.401 36.749 9.800 8.245 6.703 10.842 
100224184759 0.684 14.421 36.897 9.793 8.245 7.235 10.859 
100224190259 0.664 14.416 36.758 9.792 8.245 6.961 10.866 
100224191759 0.647 14.415 36.781 9.792 8.245 8.168 10.854 
100224193259 0.665 14.396 36.776 9.796 8.245 8.768 10.843 
100224194759 0.685 14.411 36.716 9.792 8.244 7.546 10.859 
100224200259 0.636 14.413 37.056 9.790 8.244 7.364 10.866 
100224201759 0.639 14.418 36.788 9.788 8.244 8.616 10.845 
100224203259 0.653 14.409 36.850 9.790 8.245 6.179 10.841 
100224204759 0.691 14.412 37.030 9.787 8.244 5.504 10.858 
100224210259 0.647 14.414 36.798 9.785 8.245 6.529 10.866 
100224211759 0.687 14.408 37.043 9.785 8.244 6.779 10.854 
100224213259 0.701 14.402 36.801 9.786 8.244 7.143 10.843 
100224214759 0.707 14.399 37.041 9.785 8.244 4.995 10.859 
100224220259 0.609 14.402 36.803 9.784 8.244 6.331 10.866 
100224221759 0.689 14.415 37.093 9.777 8.244 5.716 10.854 
100224223259 0.731 14.414 37.111 9.779 8.245 5.322 10.844 
100224224759 0.651 14.414 37.027 9.777 8.245 6.597 10.859 
100224230259 0.631 14.409 36.778 9.778 8.245 5.428 10.866 
100224231759 0.709 14.415 37.011 9.776 8.245 6.035 10.841 
100224233259 0.717 14.416 36.763 9.775 8.244 6.255 10.844 
100224234759 0.620 14.407 36.737 9.778 8.243 6.012 10.860 
110224000259 0.753 14.405 36.715 9.778 8.243 7.272 10.866 
110224001759 0.672 14.408 36.477 9.778 8.243 5.640 10.855 
110224003259 0.644 14.398 36.709 9.782 8.243 5.337 10.848 
110224004759 0.674 14.404 36.724 9.780 8.243 5.640 10.862 
110224010259 0.786 14.412 36.847 9.777 8.243 5.747 10.867 
110224011759 0.625 14.402 36.659 9.779 8.243 5.557 10.854 
110224013259 0.744 14.402 36.767 9.778 8.243 6.103 10.844 
110224014759 0.617 14.393 36.781 9.779 8.243 5.466 10.860 
110224020259 0.679 14.402 36.752 9.778 8.243 5.041 10.866 
110224021759 0.630 14.392 36.789 9.779 8.243 5.914 10.841 
110224023259 0.669 14.399 36.822 9.776 8.243 5.466 10.840 
110224024759 0.616 14.403 36.581 9.776 8.244 6.308 10.858 
110224030259 0.662 14.390 36.626 9.777 8.244 6.308 10.865 
110224031759 0.578 14.398 36.640 9.776 8.243 5.678 10.853 
110224033259 0.736 14.400 36.805 9.775 8.243 5.861 10.848 
110224034759 0.636 14.389 36.810 9.776 8.243 6.696 10.861 
110224040259 0.762 14.384 36.735 9.777 8.243 5.443 10.867 
110224041759 0.621 14.391 36.701 9.774 8.242 5.769 10.856 
110224043259 0.745 14.386 36.738 9.777 8.243 5.413 10.848 
110224044759 0.690 14.390 36.744 9.775 8.243 5.003 10.861 
110224050259 0.746 14.384 36.788 9.772 8.243 5.344 10.867 
110224051759 0.690 14.392 36.791 9.768 8.243 6.521 10.841 
110224053259 0.769 14.386 36.774 9.771 8.244 5.451 10.838 
110224054759 0.634 14.384 36.780 9.770 8.244 6.028 10.857 
110224060259 0.591 14.386 36.774 9.766 8.244 5.580 10.865 
110224061759 0.652 14.384 36.863 9.767 8.244 5.587 10.853 
110224063259 0.686 14.386 37.033 9.764 8.243 5.898 10.848 
110224064759 0.597 14.384 36.979 9.762 8.243 5.344 10.862 
110224070259 0.802 14.384 36.951 9.762 8.243 5.678 10.867 
110224071759 0.727 14.377 36.662 9.764 8.243 5.215 10.841 
110224073259 0.549 14.384 36.556 9.760 8.243 6.529 10.844 
110224074759 0.616 14.379 37.025 9.761 8.244 5.997 10.860 
110224080259 0.745 14.384 36.894 9.759 8.244 4.927 10.866 
110224081759 0.679 14.388 36.681 9.757 8.243 4.449 10.855 
110224083259 0.796 14.386 36.644 9.756 8.243 4.699 10.844 
110224084759 0.810 14.382 36.748 9.757 8.243 4.608 10.860 
110224090259 0.646 14.378 36.754 9.755 8.244 4.676 10.866 
110224091759 0.734 14.377 36.674 9.758 8.244 4.312 10.855 
110224093259 0.743 14.382 36.762 9.756 8.243 5.352 10.843 
110224094759 0.747 14.368 36.902 9.759 8.243 4.289 10.860 
110224100259 0.729 14.381 36.908 9.757 8.243 4.418 10.866 
110224101759 0.858 14.373 36.824 9.760 8.243 4.790 10.841 
110224103259 0.812 14.369 36.942 9.759 8.243 3.454 10.840 
110224104759 0.775 14.372 36.818 9.759 8.243 4.357 10.858 
110224110259 0.720 14.369 36.824 9.760 8.243 4.745 10.865 
110224111759 0.809 14.366 36.893 9.762 8.243 4.737 10.854 
110224113259 0.718 14.369 36.958 9.763 8.243 5.230 10.848 
110224114759 0.634 14.369 36.766 9.761 8.242 4.441 10.861 
110224120259 0.756 14.367 36.913 9.762 8.242 4.980 10.867 
110224121759 0.804 14.359 36.843 9.763 8.242 5.185 10.841 
110224123259 0.800 14.363 36.814 9.762 8.242 4.866 10.844 
110224124759 0.630 14.359 36.987 9.763 8.242 3.006 10.860 
110224130259 0.832 14.359 36.733 9.764 8.242 3.553 10.866 
110224131759 0.813 14.361 36.805 9.764 8.241 2.558 10.854 
110224133259 0.747 14.357 36.844 9.766 8.243 3.446 10.840 
110224134759 0.674 14.354 36.793 9.768 8.243 3.826 10.858 
110224140259 0.729 14.357 36.661 9.770 8.243 4.502 10.865 
110224141759 0.751 14.352 36.826 9.772 8.243 4.251 10.854 
110224143259 0.758 14.353 36.863 9.772 8.242 4.934 10.843 
110224144759 0.797 14.356 36.731 9.773 8.242 5.284 10.859 
