SAMBAT Sea Ti  C/T/D/Odo/Fluo/pH GPS : 50195 
V:0,Pression (0/50),dba
V:1,Température (-5/35),°C
V:2,Salinité (2/42),g/l
V:3,Oxygène (0/20),mgl
V:4,PH (0/14),pH
V:5,Fluorescence (0/500),ppb
V:6,Tension batterie,V
280124141554 1.090 14.525 37.626 9.662 8.245 2.095 10.741 
280124143053 1.091 14.546 37.609 9.653 8.243 2.520 10.814 
280124144553 1.132 14.547 37.591 9.658 8.243 2.938 10.844 
280124150053 1.119 14.540 37.582 9.666 8.243 2.467 10.858 
280124151553 1.129 14.547 37.580 9.666 8.243 3.910 10.848 
280124153053 1.108 14.533 37.611 9.679 8.243 9.231 10.839 
280124154553 1.116 14.561 37.668 9.667 8.241 3.682 10.857 
280124160053 1.092 14.506 37.648 9.688 8.240 3.621 10.864 
280124161553 1.126 14.507 37.656 9.689 8.238 3.682 10.848 
280124163053 1.085 14.497 37.655 9.691 8.237 4.570 10.840 
280124164553 1.122 14.491 37.661 9.695 8.237 5.215 10.858 
280124170053 1.098 14.510 37.622 9.689 8.239 5.284 10.865 
280124171553 1.098 14.507 37.681 9.689 8.242 5.162 10.836 
280124173053 1.141 14.546 37.694 9.674 8.246 4.919 10.837 
280124174553 1.112 14.596 37.663 9.664 8.252 5.473 10.856 
280124180053 1.098 14.585 37.653 9.666 8.252 5.526 10.864 
280124181553 1.125 14.581 37.644 9.664 8.248 5.473 10.851 
280124183053 1.111 14.564 37.773 9.663 8.245 7.607 10.837 
280124184553 1.115 14.566 37.826 9.664 8.242 6.923 10.858 
280124190053 1.114 14.558 37.775 9.661 8.242 6.263 10.866 
280124191553 1.111 14.552 37.721 9.661 8.242 6.650 10.836 
280124193053 1.114 14.556 37.862 9.659 8.241 7.789 10.838 
280124194553 1.100 14.548 37.776 9.656 8.241 5.526 10.857 
280124200053 1.112 14.547 37.777 9.654 8.242 5.352 10.865 
280124201553 1.131 14.546 37.712 9.647 8.241 5.610 10.848 
280124203053 1.134 14.546 37.710 9.646 8.242 6.840 10.840 
280124204553 1.112 14.550 37.702 9.643 8.242 5.785 10.858 
280124210053 1.118 14.540 37.565 9.650 8.242 5.526 10.866 
280124211553 1.130 14.537 37.620 9.643 8.240 7.462 10.841 
280124213053 1.109 14.537 37.578 9.642 8.239 6.217 10.839 
280124214553 1.115 14.527 37.539 9.647 8.238 5.769 10.858 
280124220053 1.129 14.517 37.507 9.650 8.239 5.724 10.866 
280124221553 1.124 14.534 37.569 9.642 8.241 6.453 10.853 
280124223053 1.102 14.539 37.562 9.637 8.243 5.921 10.842 
280124224553 1.120 14.525 37.546 9.642 8.242 5.671 10.859 
280124230053 1.087 14.529 37.577 9.641 8.242 5.671 10.866 
280124231553 1.111 14.522 37.556 9.638 8.242 5.990 10.853 
280124233053 1.117 14.526 37.568 9.636 8.241 6.050 10.838 
280124234553 1.128 14.525 37.577 9.641 8.243 5.845 10.858 
290124000053 1.100 14.539 37.550 9.635 8.243 6.043 10.866 
290124001553 1.120 14.544 37.537 9.628 8.243 5.959 10.853 
290124003053 1.135 14.534 37.542 9.638 8.243 6.688 10.842 
290124004553 1.133 14.525 37.514 9.638 8.241 5.557 10.859 
290124010053 1.134 14.525 37.500 9.642 8.240 5.390 10.866 
290124011553 1.133 14.506 37.521 9.647 8.239 6.278 10.837 
290124013053 1.123 14.505 37.509 9.646 8.240 5.557 10.838 
290124014553 1.112 14.497 37.509 9.650 8.240 5.868 10.857 
290124020053 1.109 14.524 37.520 9.642 8.241 6.103 10.865 
290124021553 1.121 14.515 37.518 9.645 8.242 5.716 10.853 
290124023053 1.110 14.499 37.525 9.648 8.242 6.225 10.841 
290124024553 1.105 14.512 37.544 9.648 8.243 5.936 10.859 
290124030053 1.099 14.524 37.516 9.645 8.243 6.134 10.866 
290124031553 1.126 14.524 37.537 9.644 8.243 6.255 10.852 
290124033053 1.099 14.530 37.517 9.645 8.242 5.200 10.842 
290124034553 1.111 14.523 37.542 9.648 8.244 5.921 10.859 
290124040053 1.119 14.524 37.515 9.652 8.243 6.035 10.866 
290124041553 1.126 14.522 37.510 9.654 8.244 5.914 10.837 
290124043053 1.103 14.531 37.473 9.652 8.243 5.268 10.838 
290124044553 1.115 14.526 37.461 9.652 8.242 5.891 10.857 
290124050053 1.093 14.515 37.492 9.655 8.241 5.656 10.865 
290124051553 1.124 14.521 37.505 9.657 8.241 7.341 10.848 
290124053053 1.098 14.522 37.508 9.653 8.242 5.785 10.840 
290124054553 1.103 14.513 37.445 9.656 8.241 5.709 10.858 
290124060053 1.117 14.502 37.489 9.660 8.242 5.261 10.866 
290124061553 1.104 14.520 37.504 9.655 8.241 5.170 10.848 
290124063053 1.112 14.495 37.485 9.660 8.241 7.128 10.841 
290124064553 1.117 14.491 37.488 9.662 8.240 5.876 10.858 
290124070053 1.142 14.516 37.519 9.656 8.241 6.635 10.866 
290124071553 1.121 14.498 37.548 9.661 8.241 6.278 10.836 
290124073053 1.133 14.500 37.729 9.658 8.240 7.963 10.838 
290124074553 1.112 14.507 37.830 9.655 8.241 6.187 10.857 
290124080053 1.129 14.506 37.744 9.655 8.242 6.248 10.864 
290124081553 1.108 14.504 37.665 9.653 8.241 4.464 10.852 
290124083053 1.113 14.497 37.589 9.651 8.242 5.443 10.841 
290124084553 1.106 14.491 37.524 9.651 8.244 5.276 10.858 
290124090053 1.115 14.524 37.563 9.645 8.246 2.520 10.866 
290124091553 1.113 14.524 37.554 9.643 8.245 4.418 10.853 
290124093053 1.123 14.530 37.763 9.642 8.245 2.604 10.842 
290124094553 1.131 14.532 37.704 9.641 8.245 3.947 10.859 
290124100053 1.123 14.534 37.741 9.642 8.244 2.277 10.866 
290124101553 1.117 14.537 37.446 9.642 8.244 1.700 10.852 
290124103053 1.121 14.545 37.552 9.635 8.245 2.201 10.842 
290124104553 1.113 14.554 37.487 9.635 8.246 1.799 10.859 
290124110053 1.125 14.563 37.389 9.634 8.246 2.034 10.866 
290124111553 1.120 14.576 37.502 9.636 8.247 4.092 10.836 
290124113053 1.123 14.603 37.481 9.633 8.248 1.959 10.838 
290124114553 1.136 14.613 37.437 9.633 8.249 1.625 10.857 
290124120053 1.115 14.621 37.478 9.631 8.249 1.625 10.866 
290124121553 1.125 14.630 37.451 9.634 8.247 2.277 10.853 
290124123053 1.108 14.662 37.397 9.625 8.249 1.275 10.842 
290124124553 1.111 14.662 37.440 9.628 8.248 1.321 10.860 
290124130053 1.116 14.695 37.424 9.628 8.252 1.465 10.867 
290124131553 1.115 14.700 37.435 9.630 8.247 2.027 10.838 
290124133053 1.125 14.701 37.468 9.631 8.248 1.731 10.840 
290124134553 1.126 14.797 37.705 9.608 8.253 1.814 10.858 
290124140053 1.100 14.763 37.400 9.619 8.252 1.716 10.867 
290124141553 1.093 14.806 37.395 9.613 8.253 2.467 10.855 
