SAMBAT Sea Ti  C/T/D/Odo/Fluo/pH GPS : 50195 
V:0,Pression (0/50),dba
V:1,Température (-5/35),°C
V:2,Salinité (2/42),g/l
V:3,Oxygène (0/20),mgl
V:4,PH (0/14),pH
V:5,Fluorescence (0/500),ppb
V:6,Tension batterie,V
060124132431 0.779 15.125 39.139 9.497 8.254 3.302 10.737 
060124133930 0.723 15.120 39.146 9.498 8.254 2.596 10.818 
060124135430 0.714 15.115 39.140 9.501 8.254 2.832 10.846 
060124140930 0.794 15.111 39.136 9.505 8.253 3.143 10.838 
060124142430 0.708 15.106 39.141 9.507 8.254 3.120 10.826 
060124143930 0.746 15.110 39.145 9.508 8.255 3.196 10.852 
060124145430 0.785 15.129 39.150 9.504 8.256 3.090 10.862 
060124150930 0.828 15.145 39.151 9.502 8.255 3.074 10.813 
060124152430 0.765 15.140 39.152 9.505 8.254 3.492 10.823 
060124153930 0.793 15.139 39.152 9.506 8.254 3.325 10.851 
060124155430 0.725 15.142 39.158 9.505 8.255 3.841 10.862 
060124160930 0.774 15.138 39.155 9.505 8.253 3.576 10.843 
060124162430 0.663 15.129 39.159 9.504 8.254 3.849 10.829 
060124163930 0.745 15.139 39.155 9.503 8.254 4.365 10.854 
060124165430 0.723 15.141 39.157 9.501 8.255 3.917 10.864 
060124170930 0.739 15.122 39.150 9.505 8.254 4.357 10.843 
060124172430 0.706 15.130 39.156 9.503 8.255 3.636 10.829 
060124173930 0.659 15.134 39.151 9.502 8.253 4.099 10.854 
060124175430 0.754 15.129 39.155 9.502 8.254 3.530 10.864 
060124180930 0.736 15.122 39.157 9.502 8.253 3.568 10.814 
060124182430 0.795 15.122 39.164 9.501 8.255 4.061 10.824 
060124183930 0.734 15.124 39.164 9.500 8.254 3.872 10.852 
060124185430 0.797 15.124 39.165 9.501 8.254 4.039 10.863 
060124190930 0.728 15.121 39.166 9.503 8.254 4.099 10.843 
060124192430 0.752 15.109 39.167 9.503 8.253 3.780 10.829 
060124193930 0.766 15.112 39.170 9.503 8.253 3.044 10.855 
060124195430 0.733 15.106 39.180 9.505 8.254 3.454 10.864 
060124200930 0.754 15.107 39.169 9.504 8.252 3.743 10.841 
060124202430 0.814 15.104 39.171 9.503 8.253 4.183 10.828 
060124203930 0.816 15.101 39.171 9.503 8.253 4.016 10.855 
060124205430 0.766 15.085 39.162 9.505 8.254 3.158 10.864 
060124210930 0.670 15.098 39.171 9.503 8.253 3.226 10.815 
060124212430 0.735 15.090 39.172 9.505 8.253 4.851 10.824 
060124213930 0.701 15.099 39.171 9.501 8.254 3.970 10.852 
060124215430 0.821 15.090 39.173 9.502 8.252 3.492 10.863 
060124220930 0.664 15.092 39.168 9.500 8.252 2.961 10.842 
060124222430 0.607 15.089 39.169 9.502 8.253 3.204 10.829 
060124223930 0.690 15.085 39.171 9.503 8.253 5.170 10.854 
060124225430 0.764 15.095 39.179 9.500 8.253 3.363 10.864 
060124230930 0.816 15.087 39.176 9.500 8.252 3.606 10.814 
060124232430 0.811 15.095 39.170 9.498 8.253 4.008 10.823 
060124233930 0.697 15.094 39.172 9.498 8.253 3.492 10.852 
060124235430 0.739 15.095 39.169 9.497 8.253 3.257 10.862 
070124000930 0.764 15.094 39.174 9.496 8.253 3.553 10.814 
070124002430 0.751 15.096 39.179 9.497 8.253 2.589 10.824 
070124003930 0.643 15.098 39.172 9.498 8.253 3.758 10.852 
070124005430 0.727 15.101 39.173 9.495 8.254 2.923 10.862 
070124010930 0.714 15.077 39.152 9.504 8.250 3.644 10.843 
070124012430 0.559 15.097 39.178 9.497 8.253 3.211 10.829 
070124013930 0.671 15.095 39.176 9.497 8.253 3.211 10.854 
070124015430 0.639 15.088 39.169 9.495 8.253 3.462 10.864 
070124020930 0.710 15.094 39.179 9.494 8.254 3.469 10.842 
070124022430 0.765 15.101 39.173 9.493 8.253 3.067 10.829 
070124023930 0.537 15.094 39.166 9.495 8.252 3.257 10.855 
070124025430 0.805 15.094 39.163 9.496 8.253 3.181 10.864 
070124030930 0.737 15.089 39.169 9.496 8.252 3.355 10.816 
070124032430 0.791 15.094 39.168 9.496 8.253 3.507 10.824 
070124033930 0.734 15.079 39.158 9.497 8.252 3.295 10.852 
070124035430 0.670 15.065 39.134 9.503 8.250 3.758 10.862 
070124040930 0.684 15.079 39.148 9.499 8.253 3.515 10.840 
070124042430 0.755 15.069 39.141 9.502 8.252 4.365 10.828 
070124043930 0.639 15.063 39.129 9.502 8.254 3.743 10.854 
070124045430 0.615 15.012 39.078 9.513 8.250 3.462 10.864 
070124050930 0.717 15.045 39.128 9.507 8.254 3.014 10.814 
070124052430 0.703 15.037 39.130 9.508 8.253 3.902 10.823 
070124053930 0.719 15.045 39.143 9.506 8.252 3.401 10.851 
070124055430 0.729 15.045 39.155 9.505 8.253 3.644 10.862 
070124060930 0.760 15.047 39.158 9.503 8.253 3.454 10.814 
070124062430 0.597 15.019 39.156 9.507 8.250 3.295 10.823 
070124063930 0.640 15.023 39.148 9.503 8.253 3.454 10.851 
070124065430 0.756 15.037 39.162 9.496 8.252 3.302 10.862 
070124070930 0.546 15.064 39.176 9.487 8.253 3.196 10.842 
070124072430 0.788 15.060 39.174 9.486 8.254 3.044 10.828 
070124073930 0.744 15.102 39.196 9.469 8.255 3.378 10.853 
070124075430 0.735 15.098 39.193 9.469 8.255 2.778 10.863 
070124080930 0.731 15.110 39.189 9.467 8.255 3.029 10.838 
070124082430 0.658 15.096 39.171 9.469 8.252 2.991 10.828 
070124083930 0.764 15.113 39.186 9.466 8.253 2.847 10.854 
070124085430 0.710 15.108 39.189 9.465 8.254 2.999 10.864 
070124090930 0.774 15.109 39.193 9.463 8.252 3.416 10.816 
070124092430 0.706 15.113 39.191 9.462 8.252 2.816 10.824 
070124093930 0.777 15.094 39.178 9.466 8.252 3.310 10.852 
070124095430 0.785 15.028 39.145 9.483 8.255 4.456 10.862 
070124100930 0.814 15.051 39.151 9.479 8.250 2.839 10.842 
070124102430 0.869 15.016 39.120 9.486 8.252 3.378 10.828 
070124103930 0.831 15.012 39.087 9.495 8.250 2.983 10.853 
070124105430 0.758 15.003 39.084 9.484 8.253 2.498 10.863 
070124110930 0.754 14.961 39.037 9.497 8.250 2.672 10.841 
070124112430 0.587 14.944 39.026 9.500 8.250 2.907 10.828 
070124113930 0.518 14.936 39.025 9.500 8.248 2.498 10.853 
070124115430 0.766 14.917 39.044 9.501 8.248 2.725 10.863 
070124120930 0.701 14.926 39.064 9.495 8.252 3.796 10.814 
070124122430 0.578 14.942 39.095 9.490 8.251 2.877 10.823 
070124123930 0.824 14.936 39.097 9.489 8.249 3.112 10.850 
070124125430 0.839 15.061 39.187 9.454 8.260 2.740 10.861 
070124130930 0.819 15.086 39.187 9.444 8.259 2.695 10.842 
070124132430 0.708 15.107 39.174 9.442 8.257 3.196 10.827 
