SAMBAT Sea Ti  C/T/D/Odo/Fluo/pH GPS : 50195 
V:0,Pression (0/50),dba
V:1,Température (-5/35),°C
V:2,Salinité (2/42),g/l
V:3,Oxygène (0/20),mgl
V:4,PH (0/14),pH
V:5,Fluorescence (0/500),ppb
V:6,Tension batterie,V
250224152423 0.958 14.510 34.466 10.108 8.246 1.450 10.737 
250224153922 1.012 14.516 34.511 10.103 8.248 2.103 10.818 
250224155422 0.992 14.494 35.043 10.101 8.248 3.553 10.846 
250224160922 0.877 14.498 34.509 10.095 8.248 3.348 10.829 
250224162422 0.896 14.491 34.487 10.089 8.247 3.682 10.797 
250224163922 0.882 14.502 34.467 10.078 8.247 4.699 10.847 
250224165422 0.802 14.479 34.814 10.075 8.247 4.942 10.857 
250224170922 0.877 14.486 34.507 10.062 8.246 5.223 10.705 
250224172422 0.887 14.482 34.693 10.056 8.247 5.496 10.785 
250224173922 0.927 14.474 34.384 10.053 8.246 5.883 10.839 
250224175422 0.917 14.478 35.107 10.046 8.246 5.117 10.853 
250224180922 0.909 14.460 34.721 10.043 8.246 5.853 10.826 
250224182422 0.851 14.464 35.190 10.036 8.246 4.942 10.792 
250224183922 0.907 14.456 35.158 10.033 8.246 6.506 10.842 
250224185422 0.901 14.465 35.278 10.022 8.246 5.496 10.854 
250224190922 0.886 14.472 35.144 10.016 8.246 4.502 10.826 
250224192422 0.987 14.466 35.063 10.011 8.246 5.549 10.789 
250224193922 0.858 14.478 34.719 10.006 8.248 4.653 10.839 
250224195422 0.901 14.468 34.653 10.001 8.249 4.532 10.850 
250224200922 0.874 14.461 34.647 9.997 8.250 5.139 10.815 
250224202422 0.952 14.487 34.599 9.990 8.250 5.170 10.787 
250224203922 0.803 14.483 34.473 9.989 8.252 4.987 10.839 
250224205422 0.870 14.488 34.526 9.985 8.253 4.699 10.851 
250224210922 0.873 14.486 34.482 9.987 8.253 4.805 10.696 
250224212422 0.892 14.498 34.482 9.981 8.253 4.858 10.781 
250224213922 0.868 14.441 34.478 9.990 8.255 5.208 10.835 
250224215422 0.885 14.439 34.480 9.995 8.254 4.183 10.847 
250224220922 0.832 14.415 34.552 10.006 8.253 5.185 10.816 
250224222422 0.899 14.407 34.556 10.009 8.251 4.729 10.781 
250224223922 0.794 14.383 34.468 10.016 8.250 4.524 10.833 
250224225422 0.862 14.347 34.492 10.024 8.250 4.836 10.837 
250224230922 0.859 14.393 34.506 10.016 8.248 5.117 10.797 
250224232422 0.835 14.398 34.509 10.017 8.247 5.155 10.770 
250224233922 0.867 14.384 34.552 10.018 8.248 5.709 10.824 
250224235422 0.854 14.384 34.043 10.021 8.247 4.972 10.838 
260224000922 0.793 14.376 34.646 10.024 8.247 4.881 10.786 
260224002422 0.858 14.376 33.985 10.025 8.245 5.693 10.769 
260224003922 0.861 14.369 34.668 10.029 8.246 6.058 10.822 
260224005422 0.865 14.365 35.181 10.030 8.245 6.028 10.835 
260224010922 0.875 14.354 34.724 10.035 8.245 5.481 10.666 
260224012422 0.843 14.344 35.246 10.036 8.244 5.785 10.761 
260224013922 0.767 14.350 35.077 10.034 8.243 5.967 10.818 
260224015422 0.852 14.343 34.766 10.037 8.243 5.155 10.832 
260224020922 0.827 14.336 34.450 10.036 8.243 5.155 10.803 
260224022422 0.815 14.344 35.031 10.031 8.243 5.762 10.767 
260224023922 0.864 14.335 35.452 10.032 8.243 5.329 10.820 
260224025422 0.858 14.338 34.157 10.026 8.244 5.223 10.834 
260224030922 0.802 14.334 34.309 10.021 8.245 5.769 10.806 
260224032422 0.809 14.329 34.379 10.017 8.245 5.762 10.766 
260224033922 0.802 14.329 34.508 10.013 8.245 5.519 10.819 
260224035422 0.857 14.329 34.712 10.012 8.246 5.534 10.831 
260224040922 0.819 14.320 34.282 10.011 8.246 5.230 10.661 
260224042422 0.852 14.310 34.342 10.011 8.247 4.790 10.758 
260224043922 0.797 14.326 34.110 9.997 8.247 5.625 10.818 
260224045422 0.828 14.307 34.068 10.006 8.247 5.526 10.833 
260224050922 0.801 14.299 34.257 10.004 8.248 6.073 10.801 
260224052422 0.792 14.292 34.315 10.002 8.247 5.656 10.765 
260224053922 0.702 14.296 34.503 9.998 8.246 4.965 10.820 
260224055422 0.815 14.310 34.203 9.989 8.246 5.724 10.830 
260224060922 0.865 14.304 34.183 9.987 8.247 5.572 10.801 
260224062422 0.764 14.289 34.208 9.988 8.246 5.967 10.765 
260224063922 0.760 14.304 34.203 9.978 8.246 5.443 10.818 
260224065422 0.779 14.316 34.242 9.973 8.246 6.012 10.831 
260224070922 0.759 14.306 34.299 9.974 8.245 6.825 10.655 
260224072422 0.847 14.309 34.201 9.966 8.248 5.420 10.757 
260224073922 0.840 14.299 34.235 9.964 8.248 5.580 10.815 
260224075422 0.774 14.308 34.173 9.960 8.248 5.147 10.829 
260224080922 0.795 14.318 33.775 9.956 8.249 5.124 10.800 
260224082422 0.822 14.311 34.201 9.956 8.248 5.633 10.766 
260224083922 0.760 14.313 34.156 9.953 8.249 5.094 10.820 
260224085422 0.750 14.320 34.287 9.950 8.248 2.907 10.834 
260224090922 0.799 14.327 34.306 9.944 8.249 2.885 10.797 
260224092422 0.810 14.324 34.256 9.943 8.249 3.462 10.769 
260224093922 0.757 14.324 34.274 9.945 8.249 3.864 10.820 
260224095422 0.794 14.323 34.311 9.945 8.250 4.395 10.832 
260224100922 0.802 14.321 34.122 9.944 8.250 2.740 10.802 
260224102422 0.680 14.322 34.687 9.946 8.249 3.469 10.767 
260224103922 0.788 14.319 35.306 9.949 8.249 4.729 10.820 
260224105422 0.862 14.321 34.461 9.948 8.249 3.894 10.834 
260224110922 0.783 14.322 34.474 9.943 8.248 3.135 10.658 
260224112422 0.730 14.330 34.427 9.944 8.248 2.277 10.754 
260224113922 0.727 14.335 34.288 9.945 8.249 2.680 10.814 
260224115422 0.789 14.337 34.506 9.949 8.249 2.171 10.829 
260224120922 0.788 14.340 34.725 9.949 8.249 2.399 10.799 
260224122422 0.774 14.341 34.374 9.948 8.249 2.907 10.764 
260224123922 0.783 14.343 34.380 9.949 8.249 3.219 10.820 
260224125422 0.826 14.347 34.303 9.954 8.249 2.520 10.831 
260224130922 0.808 14.375 34.449 9.956 8.248 2.034 10.797 
260224132422 0.776 14.365 34.341 9.963 8.250 2.794 10.764 
260224133922 0.728 14.398 34.401 9.960 8.250 2.186 10.817 
260224135422 0.796 14.409 34.288 9.966 8.251 2.057 10.830 
260224140922 0.788 14.408 34.448 9.972 8.252 2.148 10.795 
260224142422 0.831 14.446 34.606 9.960 8.253 2.414 10.761 
260224143922 0.775 14.442 34.279 9.969 8.254 2.566 10.818 
260224145422 0.782 14.453 34.360 9.966 8.254 3.515 10.831 
260224150922 0.788 14.469 34.457 9.966 8.255 4.464 10.658 
260224152422 0.783 14.449 34.316 9.972 8.253 5.018 10.756 
