SAMBAT Sea Ti  C/T/D/Odo/Fluo/pH GPS : 50195 
V:0,Pression (0/50),dba
V:1,Température (-5/35),°C
V:2,Salinité (2/42),g/l
V:3,Oxygène (0/20),mgl
V:4,PH (0/14),pH
V:5,Fluorescence (0/500),ppb
V:6,Tension batterie,V
150124134528 0.778 14.748 39.354 9.506 8.239 2.680 10.739 
150124140027 0.812 14.751 39.315 9.507 8.240 2.429 10.820 
150124141527 0.723 14.748 39.312 9.510 8.241 2.232 10.836 
150124143027 0.748 14.752 39.306 9.512 8.240 2.725 10.835 
150124144527 0.602 14.748 39.314 9.516 8.238 2.437 10.853 
150124150027 0.740 14.744 39.300 9.520 8.238 2.915 10.862 
150124151527 0.752 14.745 39.309 9.523 8.238 3.112 10.849 
150124153027 0.796 14.739 39.310 9.528 8.237 3.325 10.839 
150124154527 0.690 14.736 39.307 9.532 8.237 3.985 10.856 
150124160027 0.852 14.732 39.298 9.535 8.237 5.109 10.864 
150124161527 0.682 14.720 39.304 9.537 8.236 5.997 10.840 
150124163027 0.790 14.709 39.313 9.541 8.236 6.642 10.837 
150124164527 0.861 14.703 39.318 9.545 8.235 6.308 10.856 
150124170027 0.903 14.692 39.301 9.548 8.234 7.538 10.863 
150124171527 0.681 14.695 39.302 9.548 8.235 7.736 10.852 
150124173027 0.840 14.685 39.306 9.550 8.236 7.933 10.840 
150124174527 0.783 14.691 39.296 9.549 8.235 9.170 10.857 
150124180027 0.756 14.692 39.290 9.548 8.237 9.155 10.864 
150124181527 0.739 14.687 39.316 9.548 8.237 6.377 10.840 
150124183027 0.700 14.690 39.297 9.546 8.236 8.517 10.837 
150124184527 1.029 14.679 39.294 9.547 8.237 6.825 10.856 
150124190027 0.730 14.672 39.295 9.551 8.238 7.925 10.863 
150124191527 0.913 14.682 39.301 9.546 8.237 7.493 10.851 
150124193027 0.786 14.674 39.283 9.547 8.237 8.540 10.840 
150124194527 0.799 14.683 39.293 9.544 8.237 7.098 10.857 
150124200027 0.766 14.683 39.282 9.544 8.238 6.931 10.864 
150124201527 0.930 14.677 39.292 9.546 8.238 6.771 10.841 
150124203027 0.822 14.682 39.285 9.545 8.237 6.111 10.837 
150124204527 0.689 14.678 39.289 9.544 8.237 7.310 10.855 
150124210027 0.826 14.673 39.301 9.544 8.236 6.521 10.863 
150124211527 0.874 14.673 39.293 9.543 8.236 6.566 10.852 
150124213027 0.847 14.669 39.283 9.541 8.238 5.792 10.840 
150124214527 0.824 14.676 39.287 9.535 8.240 7.751 10.857 
150124220027 0.761 14.668 39.279 9.535 8.237 8.472 10.864 
150124221527 0.726 14.671 39.275 9.532 8.238 5.959 10.841 
150124223027 0.679 14.667 39.279 9.533 8.237 7.842 10.837 
150124224527 0.768 14.667 39.279 9.531 8.238 7.166 10.856 
150124230027 0.844 14.676 39.264 9.528 8.239 6.665 10.863 
150124231527 0.925 14.674 39.261 9.529 8.241 6.126 10.852 
150124233027 0.905 14.693 39.271 9.527 8.242 6.399 10.840 
150124234527 0.782 14.683 39.276 9.528 8.239 6.984 10.857 
160124000027 0.788 14.679 39.272 9.530 8.239 6.377 10.864 
160124001527 0.712 14.683 39.267 9.530 8.239 6.339 10.853 
160124003027 0.928 14.671 39.252 9.533 8.237 7.682 10.840 
160124004527 0.766 14.674 39.276 9.534 8.236 6.498 10.857 
160124010027 0.845 14.677 39.249 9.533 8.237 6.604 10.864 
160124011527 0.893 14.677 39.277 9.533 8.238 6.278 10.841 
160124013027 0.742 14.675 39.249 9.534 8.238 6.604 10.838 
160124014527 0.733 14.671 39.250 9.535 8.238 6.468 10.856 
160124020027 0.827 14.659 39.247 9.538 8.237 5.792 10.864 
160124021527 0.894 14.653 39.249 9.539 8.236 6.399 10.849 
160124023027 0.909 14.643 39.243 9.549 8.235 6.202 10.840 
160124024527 0.939 14.632 39.247 9.555 8.235 6.126 10.857 
160124030027 0.872 14.622 39.256 9.561 8.233 7.098 10.864 
160124031527 0.798 14.595 39.240 9.574 8.232 7.189 10.852 
160124033027 0.744 14.590 39.239 9.578 8.231 6.134 10.840 
160124034527 0.696 14.580 39.246 9.585 8.231 5.618 10.857 
160124040027 0.791 14.580 39.244 9.589 8.234 5.898 10.864 
160124041527 0.891 14.551 39.225 9.598 8.233 6.005 10.840 
160124043027 0.872 14.568 39.220 9.600 8.232 5.921 10.837 
160124044527 0.804 14.568 39.231 9.600 8.235 6.096 10.855 
160124050027 0.753 14.577 39.225 9.600 8.238 6.301 10.863 
160124051527 0.842 14.583 39.233 9.597 8.236 8.472 10.844 
160124053027 0.824 14.579 39.236 9.595 8.236 7.576 10.838 
160124054527 0.866 14.569 39.227 9.595 8.236 7.030 10.855 
160124060027 0.859 14.553 39.221 9.595 8.235 6.680 10.863 
160124061527 0.813 14.567 39.222 9.589 8.235 6.589 10.850 
160124063027 0.769 14.530 39.238 9.601 8.234 6.422 10.839 
160124064527 0.913 14.549 39.234 9.589 8.236 6.453 10.856 
160124070027 0.840 14.541 39.233 9.591 8.236 6.149 10.863 
160124071527 0.788 14.537 39.234 9.583 8.237 7.113 10.851 
160124073027 0.744 14.538 39.194 9.586 8.235 5.800 10.839 
160124074527 0.924 14.539 39.216 9.582 8.236 7.599 10.856 
160124080027 0.744 14.536 39.203 9.582 8.234 7.181 10.863 
160124081527 0.751 14.524 39.211 9.583 8.236 6.073 10.840 
160124083027 0.896 14.517 39.224 9.579 8.232 5.489 10.836 
160124084527 0.769 14.517 39.226 9.576 8.232 5.352 10.855 
160124090027 0.811 14.503 39.240 9.570 8.231 4.373 10.862 
160124091527 0.990 14.525 39.236 9.558 8.234 3.560 10.851 
160124093027 0.879 14.537 39.233 9.543 8.236 3.021 10.839 
160124094527 0.782 14.497 39.222 9.551 8.233 2.892 10.856 
160124100027 0.897 14.508 39.230 9.543 8.231 2.862 10.863 
160124101527 0.813 14.508 39.224 9.538 8.233 2.619 10.851 
160124103027 0.853 14.531 39.219 9.526 8.235 2.581 10.839 
160124104527 0.789 14.534 39.221 9.518 8.237 2.657 10.856 
160124110027 0.797 14.536 39.217 9.517 8.237 2.384 10.863 
160124111527 0.809 14.556 39.221 9.507 8.238 2.247 10.831 
160124113027 0.891 14.566 39.212 9.502 8.239 2.133 10.834 
160124114527 0.836 14.576 39.216 9.502 8.242 2.239 10.853 
160124120027 0.722 14.590 39.210 9.502 8.238 2.126 10.861 
160124121527 0.862 14.595 39.206 9.503 8.238 1.830 10.849 
160124123027 0.861 14.598 39.202 9.504 8.239 2.209 10.838 
160124124527 0.862 14.601 39.205 9.503 8.237 2.004 10.856 
160124130027 0.882 14.601 39.206 9.506 8.238 4.152 10.863 
160124131527 0.873 14.603 39.208 9.508 8.236 3.803 10.851 
160124133027 0.974 14.606 39.206 9.509 8.238 3.568 10.839 
160124134527 0.844 14.599 39.201 9.513 8.234 3.682 10.856 
