SAMBAT Sea Ti  C/T/D/Odo/Fluo/pH GPS : 50195 
V:0,Pression (0/50),dba
V:1,Température (-5/35),°C
V:2,Salinité (2/42),g/l
V:3,Oxygène (0/20),mgl
V:4,PH (0/14),pH
V:5,Fluorescence (0/500),ppb
V:6,Tension batterie,V
170224150441 1.014 14.824 35.980 9.969 8.256 1.549 10.745 
170224151940 1.027 14.734 35.967 10.006 8.253 1.913 10.823 
170224153440 1.024 14.696 35.762 10.013 8.251 2.126 10.838 
170224154940 1.034 14.754 35.933 10.000 8.249 2.437 10.857 
170224160440 1.039 14.752 36.248 9.988 8.248 2.945 10.865 
170224161940 1.042 14.804 35.776 9.979 8.248 3.295 10.857 
170224163440 1.034 14.692 35.620 10.005 8.248 3.401 10.848 
170224164940 1.032 14.679 35.559 10.000 8.248 4.699 10.862 
170224170440 1.037 14.671 36.337 10.000 8.247 5.640 10.868 
170224171940 1.027 14.648 35.571 9.997 8.246 6.164 10.857 
170224173440 1.056 14.650 35.291 9.992 8.246 6.908 10.855 
170224174940 1.052 14.651 35.578 9.979 8.243 6.703 10.865 
170224180440 1.043 14.664 35.946 9.971 8.243 7.774 10.870 
170224181940 1.058 14.665 35.832 9.960 8.243 7.675 10.856 
170224183440 1.048 14.641 35.434 9.963 8.243 8.950 10.847 
170224184940 1.052 14.612 35.548 9.964 8.243 8.092 10.862 
170224190440 1.061 14.603 35.555 9.955 8.242 8.684 10.868 
170224191940 1.066 14.571 35.544 9.954 8.241 7.971 10.857 
170224193440 1.078 14.603 35.507 9.941 8.240 7.242 10.848 
170224194940 1.065 14.534 35.220 9.963 8.249 7.880 10.862 
170224200440 1.045 14.457 35.285 9.977 8.246 8.715 10.868 
170224201940 1.055 14.441 35.375 9.973 8.243 8.654 10.850 
170224203440 1.064 14.440 35.395 9.966 8.243 8.533 10.845 
170224204940 1.050 14.451 35.427 9.961 8.242 7.978 10.860 
170224210440 1.075 14.464 35.372 9.950 8.241 7.356 10.867 
170224211940 1.059 14.445 35.354 9.949 8.240 7.174 10.856 
170224213440 1.084 14.436 35.436 9.946 8.241 8.305 10.846 
170224214940 1.064 14.453 35.401 9.937 8.241 7.348 10.860 
170224220440 1.065 14.457 35.394 9.932 8.240 9.497 10.867 
170224221940 1.080 14.469 35.640 9.927 8.240 8.191 10.856 
170224223440 1.075 14.496 35.734 9.917 8.240 8.282 10.847 
170224224940 1.080 14.471 35.628 9.922 8.241 7.462 10.861 
170224230440 1.073 14.462 35.368 9.922 8.241 8.237 10.867 
170224231940 1.075 14.459 35.739 9.923 8.242 9.102 10.857 
170224233440 1.072 14.449 35.238 9.925 8.242 10.658 10.846 
170224234940 1.068 14.435 35.335 9.926 8.242 10.635 10.860 
180224000440 1.069 14.453 35.720 9.923 8.242 11.987 10.867 
180224001940 1.089 14.465 35.253 9.918 8.243 9.633 10.857 
180224003440 1.101 14.466 35.261 9.918 8.243 10.317 10.847 
180224004940 1.087 14.465 35.281 9.916 8.245 9.983 10.861 
180224010440 1.075 14.454 35.197 9.919 8.246 9.831 10.867 
180224011940 1.068 14.444 35.691 9.922 8.246 10.286 10.857 
180224013440 1.061 14.443 35.393 9.922 8.246 8.943 10.846 
180224014940 1.075 14.426 35.543 9.929 8.245 11.455 10.860 
180224020440 1.067 14.420 35.254 9.924 8.245 12.647 10.867 
180224021940 1.070 14.423 35.102 9.919 8.244 11.926 10.855 
180224023440 1.055 14.415 35.169 9.923 8.244 11.235 10.846 
180224024940 1.060 14.410 35.478 9.923 8.243 11.698 10.860 
180224030440 1.097 14.413 35.292 9.923 8.243 11.258 10.866 
180224031940 1.079 14.386 35.230 9.925 8.243 12.541 10.840 
180224033440 1.087 14.390 35.478 9.922 8.243 14.378 10.842 
180224034940 1.096 14.391 35.415 9.921 8.243 10.430 10.858 
180224040440 1.051 14.372 35.373 9.924 8.242 12.359 10.865 
180224041940 1.092 14.388 35.512 9.917 8.242 10.643 10.855 
180224043440 1.069 14.390 35.301 9.914 8.243 10.597 10.846 
180224044940 1.092 14.408 35.272 9.909 8.244 10.096 10.860 
180224050440 1.068 14.393 35.462 9.907 8.246 11.083 10.866 
180224051940 1.102 14.410 35.278 9.901 8.247 10.461 10.856 
180224053440 1.060 14.398 35.456 9.904 8.248 10.787 10.846 
180224054940 1.078 14.407 35.498 9.897 8.247 11.774 10.860 
180224060440 1.082 14.421 35.531 9.891 8.247 9.588 10.866 
180224061940 1.068 14.418 35.291 9.888 8.248 9.436 10.856 
180224063440 1.105 14.414 35.321 9.885 8.248 9.816 10.846 
180224064940 1.102 14.421 35.371 9.882 8.249 10.119 10.860 
180224070440 1.074 14.416 35.521 9.881 8.249 12.533 10.866 
180224071940 1.072 14.422 35.511 9.879 8.249 11.099 10.849 
180224073440 1.076 14.416 35.509 9.877 8.249 10.074 10.844 
180224074940 1.075 14.396 35.448 9.882 8.248 9.983 10.859 
180224080440 1.104 14.384 35.439 9.882 8.247 9.671 10.866 
180224081940 1.079 14.389 36.100 9.882 8.246 9.565 10.853 
180224083440 1.058 14.400 35.184 9.880 8.246 7.083 10.846 
180224084940 1.102 14.409 35.089 9.877 8.246 6.771 10.860 
180224090440 1.092 14.417 35.179 9.876 8.246 5.170 10.866 
180224091940 1.091 14.413 35.112 9.881 8.248 4.069 10.856 
180224093440 1.088 14.411 35.172 9.887 8.248 3.355 10.853 
180224094940 1.081 14.408 35.154 9.894 8.248 3.052 10.864 
180224100440 1.128 14.409 35.161 9.898 8.248 2.771 10.868 
180224101940 1.092 14.441 35.078 9.892 8.248 2.247 10.857 
180224103440 1.086 14.423 35.100 9.910 8.249 2.110 10.846 
180224104940 1.102 14.440 35.158 9.910 8.249 2.270 10.860 
180224110440 1.113 14.441 35.149 9.918 8.250 2.171 10.866 
180224111940 1.098 14.458 35.128 9.926 8.249 1.837 10.854 
180224113440 1.106 14.441 35.122 9.937 8.249 1.875 10.846 
180224114940 1.067 14.472 35.304 9.939 8.254 1.700 10.861 
180224120440 1.080 14.558 35.344 9.917 8.253 1.723 10.867 
180224121940 1.095 14.548 35.207 9.937 8.253 1.442 10.850 
180224123440 1.087 14.556 35.148 9.947 8.251 1.351 10.845 
180224124940 1.078 14.578 35.156 9.949 8.251 1.351 10.861 
180224130440 1.097 14.561 35.322 9.956 8.252 1.738 10.867 
180224131940 1.094 14.681 35.316 9.933 8.255 2.186 10.852 
180224133440 1.092 14.659 35.241 9.945 8.258 2.156 10.846 
180224134940 1.080 14.606 35.394 9.970 8.255 2.270 10.861 
180224140440 1.082 14.614 35.327 9.978 8.252 2.042 10.868 
180224141940 1.073 14.664 36.154 9.969 8.249 2.399 10.850 
180224143440 1.066 14.687 35.343 9.971 8.252 2.209 10.846 
180224144940 1.071 14.681 35.143 9.980 8.253 2.201 10.861 
180224150440 1.065 14.697 35.245 9.988 8.253 2.103 10.868 
