SAMBAT Sea Ti  C/T/D/Odo/Fluo/pH GPS : 50195 
V:0,Pression (0/50),dba
V:1,Température (-5/35),°C
V:2,Salinité (2/42),g/l
V:3,Oxygène (0/20),mgl
V:4,PH (0/14),pH
V:5,Fluorescence (0/500),ppb
V:6,Tension batterie,V
110124133608 0.924 14.886 39.339 9.526 8.248 3.196 10.739 
110124135107 0.947 14.895 39.358 9.525 8.247 2.634 10.820 
110124140607 0.978 14.872 39.353 9.532 8.248 3.143 10.846 
110124142107 0.980 14.889 39.369 9.531 8.248 3.758 10.800 
110124143607 0.936 14.891 39.356 9.531 8.250 2.475 10.844 
110124145107 0.958 14.908 39.351 9.532 8.250 2.126 10.858 
110124150607 0.980 14.911 39.359 9.533 8.249 2.338 10.864 
110124152107 0.917 14.912 39.354 9.535 8.248 3.143 10.803 
110124153607 0.979 14.913 39.359 9.535 8.248 4.433 10.846 
110124155107 0.914 14.904 39.356 9.535 8.246 4.069 10.860 
110124160607 0.981 14.912 39.352 9.536 8.247 4.950 10.865 
110124162107 0.948 14.914 39.363 9.537 8.249 4.904 10.809 
110124163607 0.953 14.907 39.366 9.537 8.249 5.215 10.850 
110124165107 0.990 14.880 39.357 9.544 8.247 4.798 10.862 
110124170607 0.907 14.899 39.356 9.540 8.248 5.921 10.866 
110124172107 0.929 14.889 39.362 9.544 8.247 6.384 10.810 
110124173607 0.981 14.903 39.363 9.542 8.246 5.420 10.850 
110124175107 0.991 14.898 39.358 9.543 8.247 6.415 10.862 
110124180607 0.957 14.896 39.361 9.544 8.247 6.422 10.867 
110124182107 0.914 14.895 39.354 9.546 8.247 5.739 10.804 
110124183607 0.941 14.886 39.371 9.546 8.246 5.580 10.847 
110124185107 0.963 14.883 39.345 9.546 8.247 5.139 10.860 
110124190607 0.949 14.882 39.362 9.545 8.245 5.443 10.866 
110124192107 0.969 14.890 39.353 9.544 8.248 4.464 10.809 
110124193607 0.935 14.877 39.355 9.546 8.245 5.504 10.850 
110124195107 0.981 14.875 39.354 9.547 8.244 4.676 10.862 
110124200607 0.980 14.887 39.355 9.544 8.247 4.987 10.866 
110124202107 0.975 14.850 39.359 9.554 8.246 5.580 10.809 
110124203607 0.923 14.863 39.356 9.545 8.244 5.633 10.850 
110124205107 0.975 14.877 39.360 9.545 8.246 5.291 10.861 
110124210607 0.971 14.849 39.360 9.551 8.244 5.952 10.867 
110124212107 0.956 14.850 39.362 9.549 8.244 5.466 10.804 
110124213607 0.916 14.853 39.360 9.549 8.246 4.585 10.848 
110124215107 0.977 14.847 39.363 9.549 8.245 6.529 10.860 
110124220607 1.010 14.835 39.355 9.552 8.244 5.056 10.866 
110124222107 0.987 14.816 39.351 9.556 8.243 5.367 10.809 
110124223607 0.985 14.853 39.357 9.542 8.245 5.709 10.850 
110124225107 0.958 14.844 39.356 9.544 8.245 5.572 10.861 
110124230607 0.980 14.865 39.353 9.534 8.244 4.213 10.866 
110124232107 0.910 14.866 39.354 9.531 8.248 5.101 10.809 
110124233607 0.912 14.861 39.353 9.537 8.246 5.731 10.849 
110124235107 0.896 14.847 39.368 9.540 8.244 5.079 10.862 
120124000607 0.948 14.854 39.355 9.535 8.243 5.261 10.866 
120124002107 0.961 14.863 39.359 9.526 8.246 5.519 10.810 
120124003607 0.910 14.846 39.360 9.532 8.246 4.669 10.850 
120124005107 0.956 14.859 39.356 9.527 8.247 5.230 10.862 
120124010607 0.969 14.831 39.353 9.536 8.245 4.221 10.866 
120124012107 0.957 14.848 39.386 9.528 8.244 4.767 10.805 
120124013607 1.004 14.856 39.356 9.527 8.243 5.192 10.848 
120124015107 0.975 14.854 39.361 9.525 8.245 5.063 10.860 
120124020607 0.982 14.848 39.356 9.526 8.245 5.261 10.866 
120124022107 1.002 14.846 39.358 9.524 8.245 4.927 10.808 
120124023607 0.983 14.858 39.355 9.521 8.245 5.284 10.849 
120124025107 0.946 14.828 39.362 9.526 8.245 5.458 10.861 
120124030607 0.977 14.863 39.382 9.510 8.247 5.413 10.866 
120124032107 0.960 14.840 39.365 9.519 8.244 5.033 10.808 
120124033607 0.996 14.850 39.360 9.515 8.243 5.101 10.849 
120124035107 0.988 14.850 39.361 9.514 8.246 5.101 10.861 
120124040607 0.985 14.845 39.361 9.513 8.244 4.395 10.866 
120124042107 0.955 14.816 39.354 9.521 8.243 4.335 10.804 
120124043607 0.937 14.821 39.348 9.522 8.244 4.798 10.847 
120124045107 0.959 14.832 39.355 9.516 8.243 4.373 10.860 
120124050607 0.982 14.841 39.354 9.514 8.243 4.426 10.866 
120124052107 0.980 14.842 39.363 9.510 8.246 4.547 10.808 
120124053607 0.968 14.835 39.356 9.510 8.244 4.244 10.849 
120124055107 0.961 14.824 39.351 9.510 8.242 3.735 10.861 
120124060607 0.990 14.842 39.356 9.506 8.244 4.206 10.866 
120124062107 0.963 14.821 39.357 9.509 8.243 3.705 10.804 
120124063607 0.993 14.846 39.357 9.502 8.246 5.056 10.846 
120124065107 0.989 14.821 39.360 9.507 8.243 3.894 10.860 
120124070607 0.984 14.816 39.371 9.506 8.244 4.228 10.866 
120124072107 0.992 14.842 39.368 9.500 8.245 4.418 10.809 
120124073607 0.950 14.835 39.370 9.501 8.240 5.329 10.849 
120124075107 0.979 14.826 39.362 9.500 8.239 4.965 10.861 
120124080607 0.955 14.836 39.367 9.497 8.237 4.426 10.866 
120124082107 0.986 14.818 39.377 9.500 8.238 4.175 10.808 
120124083607 0.967 14.832 39.370 9.494 8.242 4.244 10.849 
120124085107 0.953 14.813 39.374 9.495 8.246 3.431 10.861 
120124090607 1.006 14.825 39.367 9.493 8.244 2.703 10.866 
120124092107 0.965 14.820 39.357 9.494 8.246 2.422 10.804 
120124093607 0.981 14.837 39.364 9.489 8.243 2.406 10.847 
120124095107 0.976 14.838 39.359 9.489 8.245 2.877 10.860 
120124100607 0.985 14.835 39.364 9.489 8.243 3.204 10.866 
120124102107 1.014 14.842 39.362 9.486 8.243 2.232 10.808 
120124103607 0.971 14.843 39.364 9.484 8.243 2.148 10.849 
120124105107 1.006 14.847 39.372 9.482 8.244 1.382 10.861 
120124110607 1.005 14.851 39.365 9.480 8.243 1.974 10.866 
120124112107 0.999 14.858 39.369 9.479 8.243 1.716 10.809 
120124113607 1.016 14.865 39.366 9.473 8.244 1.465 10.850 
120124115107 0.977 14.879 39.392 9.471 8.244 1.632 10.861 
120124120607 1.006 14.887 39.375 9.468 8.245 1.389 10.867 
120124122107 0.971 14.890 39.391 9.469 8.244 1.799 10.804 
120124123607 1.019 14.911 39.388 9.466 8.245 1.655 10.848 
120124125107 1.005 14.914 39.389 9.465 8.246 2.110 10.860 
120124130607 0.981 14.926 39.382 9.464 8.245 1.450 10.866 
120124132107 0.982 14.916 39.386 9.468 8.243 1.260 10.810 
120124133607 0.965 14.919 39.382 9.469 8.243 2.824 10.850 
