SAMBAT Sea Ti  C/T/D/Odo/Fluo/pH GPS : 50195 
V:0,Pression (0/50),dba
V:1,Température (-5/35),°C
V:2,Salinité (2/42),g/l
V:3,Oxygène (0/20),mgl
V:4,PH (0/14),pH
V:5,Fluorescence (0/500),ppb
V:6,Tension batterie,V
210124135947 1.119 14.477 39.429 9.516 8.239 1.382 10.739 
210124141446 1.094 14.435 39.434 9.525 8.236 1.936 10.813 
210124142946 1.090 14.505 39.463 9.513 8.243 2.573 10.826 
210124144446 1.090 14.478 39.464 9.519 8.238 2.179 10.848 
210124145946 1.113 14.485 39.471 9.522 8.238 2.786 10.857 
210124151446 1.110 14.465 39.485 9.528 8.235 2.376 10.846 
210124152946 1.082 14.443 39.487 9.536 8.234 3.120 10.836 
210124154446 1.119 14.424 39.511 9.542 8.233 3.037 10.854 
210124155946 1.078 14.420 39.476 9.546 8.231 4.198 10.861 
210124161446 1.090 14.412 39.499 9.549 8.231 4.395 10.831 
210124162946 1.047 14.402 39.464 9.556 8.233 4.798 10.833 
210124164446 1.105 14.388 39.507 9.558 8.232 5.830 10.852 
210124165946 1.074 14.402 39.484 9.557 8.231 5.025 10.861 
210124171446 1.087 14.401 39.452 9.555 8.234 5.397 10.849 
210124172946 1.101 14.383 39.454 9.560 8.232 5.337 10.837 
210124174446 1.086 14.384 39.482 9.556 8.235 4.851 10.854 
210124175946 1.101 14.376 39.467 9.560 8.234 5.253 10.862 
210124181446 1.094 14.373 39.472 9.560 8.231 5.162 10.832 
210124182946 1.096 14.376 39.477 9.558 8.232 4.616 10.832 
210124184446 1.113 14.378 39.435 9.557 8.231 4.980 10.852 
210124185946 1.110 14.369 39.470 9.555 8.234 6.050 10.860 
210124191446 1.130 14.368 39.391 9.556 8.231 5.678 10.849 
210124192946 1.118 14.364 39.433 9.556 8.231 5.861 10.836 
210124194446 1.107 14.369 39.459 9.552 8.235 6.893 10.854 
210124195946 1.128 14.368 39.383 9.548 8.232 4.555 10.861 
210124201446 1.091 14.359 39.466 9.546 8.231 5.314 10.849 
210124202946 1.142 14.365 39.384 9.545 8.233 5.936 10.836 
210124204446 1.106 14.347 39.424 9.546 8.232 4.456 10.854 
210124205946 1.094 14.364 39.429 9.538 8.231 4.919 10.862 
210124211446 1.126 14.360 39.423 9.533 8.233 5.018 10.829 
210124212946 1.101 14.363 39.417 9.528 8.234 4.820 10.832 
210124214446 1.111 14.329 39.416 9.533 8.232 4.798 10.852 
210124215946 1.124 14.348 39.413 9.524 8.232 4.798 10.860 
210124221446 1.127 14.333 39.365 9.527 8.230 4.927 10.849 
210124222946 1.103 14.343 39.455 9.519 8.234 4.471 10.836 
210124224446 1.122 14.358 39.456 9.510 8.231 4.881 10.854 
210124225946 1.097 14.355 39.448 9.508 8.234 4.729 10.862 
210124231446 1.097 14.314 39.427 9.522 8.232 4.570 10.833 
210124232946 1.110 14.331 39.438 9.510 8.232 5.489 10.833 
210124234446 1.113 14.346 39.447 9.506 8.235 4.676 10.852 
210124235946 1.096 14.312 39.395 9.513 8.233 4.919 10.860 
220124001446 1.130 14.338 39.378 9.502 8.236 6.020 10.848 
220124002946 1.109 14.296 39.329 9.516 8.233 5.329 10.836 
220124004446 1.071 14.308 39.338 9.509 8.231 5.344 10.854 
220124005946 1.134 14.299 39.320 9.511 8.231 4.638 10.861 
220124011446 1.121 14.297 39.296 9.509 8.231 5.261 10.847 
220124012946 1.130 14.315 39.308 9.502 8.234 4.942 10.836 
220124014446 1.093 14.306 39.286 9.503 8.233 4.282 10.854 
220124015946 1.114 14.309 39.318 9.499 8.235 5.428 10.861 
220124021446 1.116 14.299 39.296 9.501 8.233 5.428 10.833 
220124022946 1.110 14.317 39.315 9.496 8.234 4.957 10.832 
220124024446 1.115 14.306 39.263 9.497 8.236 5.451 10.852 
220124025946 1.107 14.328 39.225 9.486 8.236 4.950 10.860 
220124031446 1.127 14.295 39.317 9.500 8.234 4.767 10.848 
220124032946 1.088 14.303 39.332 9.497 8.232 5.800 10.836 
220124034446 1.135 14.293 39.305 9.499 8.232 4.684 10.854 
220124035946 1.113 14.300 39.342 9.494 8.233 4.684 10.861 
220124041446 1.092 14.311 39.331 9.494 8.236 4.365 10.832 
220124042946 1.102 14.309 39.279 9.492 8.234 4.790 10.832 
220124044446 1.128 14.297 39.344 9.495 8.235 5.413 10.852 
220124045946 1.152 14.304 39.360 9.494 8.234 5.155 10.860 
220124051446 1.113 14.306 39.357 9.493 8.233 4.798 10.848 
220124052946 1.123 14.284 39.250 9.499 8.233 5.564 10.836 
220124054446 1.135 14.272 39.301 9.501 8.231 7.538 10.854 
220124055946 1.119 14.293 39.308 9.496 8.233 3.970 10.861 
220124061446 1.128 14.298 39.263 9.493 8.236 4.919 10.829 
220124062946 1.093 14.279 39.236 9.496 8.234 5.451 10.831 
220124064446 1.098 14.283 39.224 9.495 8.235 4.297 10.851 
220124065946 1.103 14.274 39.310 9.497 8.232 6.103 10.860 
220124071446 1.122 14.288 39.341 9.493 8.238 4.623 10.848 
220124072946 1.117 14.288 39.328 9.493 8.236 5.314 10.836 
220124074446 1.124 14.244 39.131 9.499 8.235 5.352 10.853 
220124075946 1.107 14.260 39.196 9.499 8.233 5.405 10.861 
220124081446 1.093 14.255 39.172 9.500 8.236 4.995 10.849 
220124082946 1.134 14.279 39.157 9.494 8.236 4.722 10.836 
220124084446 1.102 14.283 39.169 9.492 8.238 4.638 10.854 
220124085946 1.100 14.272 39.119 9.496 8.235 3.613 10.861 
220124091446 1.094 14.258 39.321 9.499 8.234 3.355 10.833 
220124092946 1.112 14.261 39.305 9.499 8.236 2.703 10.832 
220124094446 1.144 14.281 39.241 9.495 8.238 2.406 10.852 
220124095946 1.128 14.287 39.128 9.495 8.239 2.907 10.860 
220124101446 1.130 14.281 39.141 9.498 8.237 2.164 10.847 
220124102946 1.123 14.287 39.140 9.496 8.237 2.619 10.836 
220124104446 1.122 14.303 39.190 9.493 8.238 1.898 10.853 
220124105946 1.130 14.300 39.107 9.494 8.237 3.484 10.861 
220124111446 1.106 14.306 39.153 9.493 8.237 2.217 10.848 
220124112946 1.133 14.311 39.239 9.493 8.236 2.262 10.836 
220124114446 1.128 14.317 39.267 9.494 8.237 1.587 10.854 
220124115946 1.129 14.323 39.176 9.491 8.237 2.012 10.861 
220124121446 1.123 14.326 39.141 9.491 8.236 1.693 10.848 
220124122946 1.124 14.334 39.112 9.493 8.237 2.148 10.836 
220124124446 1.113 14.340 39.103 9.494 8.238 2.277 10.854 
220124125946 1.113 14.343 39.046 9.495 8.238 2.194 10.861 
220124131446 1.096 14.349 39.077 9.497 8.237 2.126 10.830 
220124132946 1.100 14.353 39.101 9.500 8.237 2.368 10.832 
220124134446 1.083 14.365 39.158 9.503 8.238 1.959 10.852 
220124135946 1.079 14.377 39.146 9.505 8.240 2.186 10.860 
