SAMBAT Sea Ti  C/T/D/Odo/Fluo/pH GPS : 50195 
V:0,Pression (0/50),dba
V:1,Température (-5/35),°C
V:2,Salinité (2/42),g/l
V:3,Oxygène (0/20),mgl
V:4,PH (0/14),pH
V:5,Fluorescence (0/500),ppb
V:6,Tension batterie,V
040124131951 0.856 15.223 38.954 9.437 8.256 1.571 10.740 
040124133450 0.855 15.221 38.962 9.437 8.255 1.268 10.820 
040124134950 0.995 15.218 38.951 9.439 8.256 1.268 10.847 
040124140450 0.831 15.224 38.957 9.437 8.256 1.344 10.859 
040124141950 0.886 15.223 38.963 9.439 8.256 1.473 10.794 
040124143450 0.896 15.219 38.960 9.441 8.255 1.002 10.846 
040124144950 0.915 15.220 38.960 9.445 8.256 1.579 10.859 
040124150450 0.991 15.221 38.964 9.446 8.256 1.389 10.865 
040124151950 0.927 15.223 38.962 9.450 8.256 2.247 10.800 
040124153450 0.917 15.219 38.969 9.455 8.256 1.776 10.849 
040124154950 0.990 15.219 38.969 9.462 8.256 2.429 10.861 
040124160450 0.920 15.221 38.969 9.466 8.256 2.680 10.867 
040124161950 0.902 15.214 38.971 9.476 8.255 2.938 10.799 
040124163450 0.994 15.197 38.971 9.484 8.256 4.001 10.849 
040124164950 0.962 15.202 38.981 9.485 8.257 3.492 10.862 
040124170450 0.917 15.202 38.979 9.488 8.255 3.818 10.867 
040124171950 0.913 15.199 38.983 9.489 8.256 3.295 10.793 
040124173450 0.866 15.190 38.978 9.498 8.255 3.401 10.846 
040124174950 0.901 15.191 38.984 9.500 8.257 4.099 10.860 
040124180450 0.830 15.208 38.985 9.492 8.258 3.401 10.866 
040124181950 0.994 15.211 38.988 9.492 8.255 4.084 10.800 
040124183450 0.954 15.191 38.994 9.495 8.256 4.069 10.850 
040124184950 0.926 15.204 38.994 9.493 8.255 2.999 10.862 
040124190450 0.909 15.207 38.988 9.493 8.255 3.264 10.867 
040124191950 0.958 15.202 38.995 9.493 8.257 3.234 10.800 
040124193450 0.826 15.197 38.997 9.494 8.258 3.279 10.850 
040124194950 0.924 15.205 38.989 9.494 8.256 3.446 10.862 
040124200450 0.957 15.192 38.989 9.496 8.256 3.454 10.868 
040124201950 0.868 15.186 38.984 9.503 8.256 3.128 10.800 
040124203450 0.868 15.173 38.983 9.505 8.254 3.758 10.850 
040124204950 0.840 15.179 38.998 9.498 8.255 2.968 10.862 
040124210450 0.955 15.205 38.996 9.487 8.255 3.310 10.867 
040124211950 0.924 15.187 39.001 9.493 8.256 4.008 10.792 
040124213450 1.012 15.192 39.001 9.492 8.256 4.540 10.846 
040124214950 0.901 15.189 38.997 9.491 8.256 3.112 10.860 
040124220450 0.993 15.200 38.997 9.487 8.255 3.864 10.866 
040124221950 0.901 15.187 38.995 9.489 8.258 3.272 10.800 
040124223450 0.920 15.181 39.003 9.487 8.255 3.120 10.850 
040124224950 0.974 15.201 39.002 9.477 8.257 2.976 10.862 
040124230450 0.855 15.208 39.002 9.475 8.256 3.720 10.867 
040124231950 0.923 15.196 39.006 9.477 8.253 3.727 10.793 
040124233450 0.776 15.193 39.001 9.482 8.257 3.355 10.846 
040124234950 0.908 15.176 39.001 9.486 8.256 3.545 10.860 
050124000450 0.917 15.193 38.999 9.481 8.256 3.310 10.866 
050124001950 0.898 15.191 39.007 9.478 8.256 3.059 10.792 
050124003450 0.880 15.204 39.006 9.471 8.257 3.150 10.846 
050124004950 0.890 15.199 39.011 9.470 8.256 2.983 10.860 
050124010450 0.869 15.203 39.008 9.469 8.255 3.773 10.866 
050124011950 0.917 15.188 39.012 9.475 8.254 3.568 10.801 
050124013450 0.908 15.200 39.008 9.467 8.257 3.606 10.850 
050124014950 0.821 15.193 39.012 9.471 8.256 3.333 10.862 
050124020450 0.908 15.174 39.003 9.481 8.257 3.454 10.867 
050124021950 0.940 15.190 39.017 9.475 8.255 3.014 10.801 
050124023450 0.908 15.193 39.014 9.475 8.256 3.393 10.850 
050124024950 0.882 15.195 39.017 9.478 8.256 3.591 10.862 
050124030450 0.907 15.192 39.016 9.482 8.256 3.705 10.867 
050124031950 0.891 15.187 39.019 9.485 8.255 3.310 10.792 
050124033450 0.916 15.191 39.019 9.485 8.255 3.219 10.846 
050124034950 0.821 15.194 39.019 9.484 8.256 3.021 10.860 
050124040450 0.861 15.193 39.022 9.487 8.255 3.826 10.866 
050124041950 0.834 15.190 39.025 9.488 8.254 3.720 10.800 
050124043450 0.848 15.195 39.024 9.488 8.256 3.735 10.850 
050124044950 0.867 15.181 39.023 9.496 8.255 3.613 10.862 
050124050450 0.902 15.183 39.021 9.497 8.255 3.849 10.867 
050124051950 0.853 15.182 39.025 9.498 8.255 3.150 10.796 
050124053450 0.866 15.196 39.022 9.497 8.256 3.249 10.848 
050124054950 0.853 15.195 39.029 9.497 8.256 3.530 10.861 
050124060450 0.863 15.188 39.024 9.502 8.255 2.778 10.867 
050124061950 0.827 15.194 39.028 9.502 8.255 3.120 10.800 
050124063450 0.872 15.178 39.024 9.508 8.254 3.128 10.850 
050124064950 0.874 15.190 39.027 9.506 8.256 3.834 10.862 
050124070450 0.859 15.189 39.033 9.509 8.257 2.520 10.867 
050124071950 0.859 15.181 39.030 9.510 8.256 2.756 10.800 
050124073450 0.882 15.179 39.030 9.515 8.257 3.629 10.850 
050124074950 0.841 15.183 39.031 9.514 8.255 3.378 10.862 
050124080450 0.878 15.191 39.031 9.512 8.256 3.568 10.867 
050124081950 0.849 15.186 39.030 9.515 8.256 3.705 10.792 
050124083450 0.863 15.183 39.035 9.515 8.256 4.016 10.846 
050124084950 0.888 15.190 39.030 9.513 8.255 3.416 10.860 
050124090450 0.854 15.190 39.035 9.512 8.256 3.082 10.866 
050124091950 0.852 15.188 39.037 9.512 8.256 3.082 10.799 
050124093450 0.861 15.194 39.034 9.510 8.257 3.363 10.849 
050124094950 0.860 15.193 39.041 9.509 8.256 6.483 10.861 
050124100450 0.810 15.190 39.038 9.511 8.256 3.264 10.867 
050124101950 0.841 15.193 39.037 9.509 8.257 3.401 10.800 
050124103450 0.850 15.191 39.041 9.509 8.257 2.596 10.850 
050124104950 0.811 15.191 39.040 9.509 8.258 2.528 10.862 
050124110450 0.881 15.188 39.040 9.512 8.257 4.190 10.867 
050124111950 0.859 15.189 39.040 9.512 8.257 2.832 10.792 
050124113450 0.852 15.187 39.042 9.515 8.256 3.059 10.846 
050124114950 0.815 15.185 39.044 9.516 8.256 2.475 10.860 
050124120450 0.801 15.188 39.043 9.517 8.257 3.454 10.866 
050124121950 0.796 15.183 39.045 9.517 8.255 2.460 10.800 
050124123450 0.836 15.187 39.048 9.517 8.256 2.118 10.850 
050124124950 0.873 15.192 39.048 9.518 8.255 2.399 10.861 
050124130450 0.808 15.195 39.048 9.516 8.256 1.883 10.867 
050124131950 0.788 15.190 39.052 9.520 8.256 2.194 10.801 
