SAMBAT Sea Ti  C/T/D/Odo/Fluo/pH GPS : 50195 
V:0,Pression (0/50),dba
V:1,Température (-5/35),°C
V:2,Salinité (2/42),g/l
V:3,Oxygène (0/20),mgl
V:4,PH (0/14),pH
V:5,Fluorescence (0/500),ppb
V:6,Tension batterie,V
290124141818 1.082 14.826 37.373 9.622 8.253 2.384 10.742 
290124143317 1.115 14.863 38.018 9.612 8.255 1.602 10.818 
290124144817 1.128 14.843 37.805 9.620 8.250 2.186 10.848 
290124150317 1.090 14.811 37.881 9.629 8.247 1.814 10.861 
290124151817 1.115 14.830 37.462 9.625 8.244 1.792 10.853 
290124153317 1.110 14.827 37.402 9.629 8.248 1.966 10.846 
290124154817 1.124 14.840 37.386 9.629 8.246 2.771 10.862 
290124160317 1.134 14.879 37.697 9.618 8.249 3.735 10.868 
290124161817 1.107 14.850 37.635 9.630 8.249 3.583 10.857 
290124163317 1.128 14.809 37.431 9.645 8.246 3.811 10.848 
290124164817 1.135 14.740 37.462 9.665 8.245 5.048 10.863 
290124170317 1.125 14.701 37.506 9.676 8.243 4.486 10.869 
290124171817 1.134 14.675 37.619 9.681 8.242 4.350 10.845 
290124173317 1.121 14.657 37.640 9.687 8.241 4.820 10.844 
290124174817 1.110 14.665 37.617 9.684 8.239 4.517 10.861 
290124180317 1.121 14.656 37.471 9.686 8.239 4.221 10.868 
290124181817 1.117 14.646 37.474 9.687 8.238 6.354 10.857 
290124183317 1.114 14.639 37.451 9.692 8.238 4.813 10.848 
290124184817 1.157 14.623 37.458 9.695 8.238 3.970 10.862 
290124190317 1.112 14.610 37.448 9.699 8.237 5.155 10.868 
290124191817 1.136 14.602 37.446 9.700 8.236 5.602 10.856 
290124193317 1.134 14.596 37.444 9.701 8.236 4.653 10.847 
290124194817 1.097 14.580 37.170 9.702 8.236 4.896 10.862 
290124200317 1.107 14.586 36.826 9.698 8.236 4.836 10.868 
290124201817 1.147 14.569 36.884 9.700 8.236 5.800 10.855 
290124203317 1.124 14.574 37.339 9.698 8.235 5.504 10.847 
290124204817 1.140 14.561 37.379 9.700 8.235 5.284 10.861 
290124210317 1.104 14.556 37.393 9.699 8.234 5.823 10.868 
290124211817 1.115 14.566 36.787 9.694 8.237 5.443 10.844 
290124213317 1.112 14.567 37.363 9.691 8.238 5.435 10.844 
290124214817 1.127 14.554 37.468 9.692 8.238 5.861 10.860 
290124220317 1.128 14.547 37.381 9.689 8.237 5.861 10.867 
290124221817 1.113 14.548 37.374 9.687 8.237 7.834 10.856 
290124223317 1.129 14.549 37.388 9.682 8.237 6.680 10.846 
290124224817 1.129 14.547 37.507 9.680 8.237 6.202 10.861 
290124230317 1.119 14.521 37.412 9.688 8.237 6.726 10.867 
290124231817 1.143 14.539 37.365 9.679 8.236 6.050 10.857 
290124233317 1.145 14.533 37.475 9.681 8.238 7.257 10.846 
290124234817 1.119 14.527 37.369 9.679 8.236 6.126 10.861 
300124000317 1.118 14.520 37.367 9.681 8.236 6.863 10.867 
300124001817 1.155 14.502 37.375 9.686 8.236 6.498 10.854 
300124003317 1.121 14.510 37.362 9.681 8.235 6.475 10.846 
300124004817 1.129 14.513 37.357 9.680 8.238 6.627 10.861 
300124010317 1.136 14.499 37.468 9.680 8.238 6.954 10.867 
300124011817 1.116 14.518 37.393 9.674 8.236 6.582 10.843 
300124013317 1.136 14.496 37.329 9.678 8.238 9.322 10.843 
300124014817 1.116 14.510 37.628 9.674 8.236 6.453 10.859 
300124020317 1.138 14.511 37.338 9.673 8.238 6.749 10.866 
300124021817 1.128 14.502 37.557 9.673 8.239 5.906 10.855 
300124023317 1.109 14.517 37.300 9.670 8.240 6.324 10.846 
300124024817 1.119 14.517 37.314 9.670 8.240 7.318 10.861 
300124030317 1.105 14.512 37.406 9.670 8.239 6.574 10.866 
300124031817 1.123 14.515 37.335 9.669 8.238 6.999 10.856 
300124033317 1.138 14.508 37.293 9.669 8.239 6.005 10.846 
300124034817 1.118 14.505 37.310 9.669 8.238 5.944 10.861 
300124040317 1.117 14.504 37.336 9.668 8.238 7.181 10.867 
300124041817 1.112 14.494 37.299 9.672 8.238 6.901 10.842 
300124043317 1.130 14.510 37.299 9.667 8.239 6.453 10.842 
300124044817 1.124 14.507 37.316 9.668 8.240 5.800 10.859 
300124050317 1.133 14.513 37.274 9.667 8.238 6.566 10.866 
300124051817 1.127 14.510 37.299 9.668 8.240 6.210 10.855 
300124053317 1.106 14.490 37.272 9.674 8.239 6.232 10.846 
300124054817 1.123 14.504 37.288 9.668 8.240 6.536 10.860 
300124060317 1.114 14.494 37.525 9.671 8.242 6.620 10.867 
300124061817 1.112 14.494 37.448 9.670 8.239 7.348 10.843 
300124063317 1.122 14.491 37.271 9.669 8.239 6.582 10.842 
300124064817 1.119 14.500 37.314 9.667 8.241 6.088 10.859 
300124070317 1.103 14.498 37.358 9.668 8.240 7.007 10.866 
300124071817 1.114 14.485 37.595 9.670 8.240 6.035 10.855 
300124073317 1.122 14.489 37.529 9.668 8.238 6.513 10.846 
300124074817 1.137 14.490 37.528 9.666 8.238 5.785 10.860 
300124080317 1.097 14.477 37.586 9.670 8.241 8.016 10.866 
300124081817 1.106 14.492 37.511 9.667 8.240 4.608 10.854 
300124083317 1.093 14.486 37.492 9.669 8.240 5.063 10.845 
300124084817 1.138 14.492 37.222 9.667 8.241 4.046 10.860 
300124090317 1.134 14.485 37.471 9.669 8.241 3.530 10.867 
300124091817 1.141 14.485 37.418 9.671 8.240 3.143 10.844 
300124093317 1.121 14.495 37.484 9.669 8.241 2.558 10.843 
300124094817 1.148 14.508 37.212 9.669 8.244 2.179 10.859 
300124100317 1.138 14.514 37.202 9.669 8.245 2.437 10.866 
300124101817 1.134 14.521 37.202 9.671 8.245 1.936 10.855 
300124103317 1.122 14.532 37.195 9.668 8.245 2.027 10.846 
300124104817 1.145 14.541 37.295 9.666 8.246 2.361 10.861 
300124110317 1.136 14.553 37.350 9.664 8.246 1.943 10.867 
300124111817 1.132 14.567 37.192 9.664 8.246 2.042 10.854 
300124113317 1.112 14.578 37.145 9.664 8.247 2.027 10.846 
300124114817 1.131 14.583 37.344 9.668 8.245 1.139 10.861 
300124120317 1.123 14.596 37.173 9.670 8.245 1.488 10.867 
300124121817 1.123 14.615 37.133 9.670 8.245 1.283 10.851 
300124123317 1.119 14.626 37.172 9.669 8.246 1.723 10.846 
300124124817 1.129 14.638 37.164 9.667 8.249 1.587 10.861 
300124130317 1.112 14.671 37.136 9.662 8.249 1.594 10.868 
300124131817 1.124 14.663 37.130 9.670 8.248 1.526 10.857 
300124133317 1.122 14.678 37.381 9.672 8.246 1.321 10.848 
300124134817 1.117 14.678 37.146 9.673 8.246 2.361 10.862 
300124140317 1.113 14.671 37.140 9.680 8.247 1.169 10.869 
300124141817 1.101 14.688 37.149 9.684 8.245 1.222 10.857 
