SAMBAT Sea Ti  C/T/D/Odo/Fluo/pH GPS : 50195 
V:0,Pression (0/50),dba
V:1,Température (-5/35),°C
V:2,Salinité (2/42),g/l
V:3,Oxygène (0/20),mgl
V:4,PH (0/14),pH
V:5,Fluorescence (0/500),ppb
V:6,Tension batterie,V
270224152908 0.678 14.319 33.466 10.001 8.254 2.080 10.734 
270224154407 0.749 14.350 33.410 9.994 8.254 2.164 10.816 
270224155907 0.817 14.330 33.391 10.008 8.255 2.012 10.843 
270224161407 0.843 14.316 32.606 10.024 8.254 2.756 10.820 
270224162907 0.895 14.306 33.086 10.031 8.253 3.522 10.819 
270224164407 0.777 14.300 33.415 10.037 8.253 4.555 10.845 
270224165907 0.798 14.281 33.883 10.046 8.252 6.111 10.856 
270224171407 0.809 14.279 33.552 10.047 8.251 6.498 10.840 
270224172907 0.637 14.276 33.373 10.051 8.251 6.172 10.822 
270224174407 0.783 14.265 33.661 10.055 8.250 6.529 10.846 
270224175907 0.863 14.281 34.087 10.052 8.249 7.348 10.855 
270224181407 0.823 14.277 33.726 10.056 8.250 6.331 10.838 
270224182907 0.719 14.287 33.390 10.057 8.249 7.052 10.834 
270224184407 0.769 14.295 33.151 10.058 8.249 5.747 10.854 
270224185907 0.826 14.315 33.580 10.055 8.250 7.515 10.861 
270224191407 0.833 14.288 33.503 10.063 8.250 6.232 10.826 
270224192907 0.778 14.298 34.046 10.063 8.251 6.278 10.819 
270224194407 0.826 14.294 33.639 10.064 8.251 6.749 10.846 
270224195907 0.825 14.299 33.523 10.064 8.251 6.134 10.858 
270224201407 0.804 14.297 34.038 10.062 8.251 5.845 10.844 
270224202907 0.768 14.297 33.793 10.060 8.251 6.369 10.825 
270224204407 0.786 14.292 33.885 10.057 8.250 7.235 10.851 
270224205907 0.704 14.283 34.057 10.054 8.250 6.422 10.860 
270224211407 0.804 14.285 33.973 10.049 8.250 6.437 10.825 
270224212907 0.841 14.274 34.273 10.048 8.249 5.542 10.820 
270224214407 0.787 14.283 33.356 10.038 8.249 6.802 10.847 
270224215907 0.833 14.289 34.076 10.032 8.250 8.275 10.858 
270224221407 0.858 14.281 34.051 10.029 8.250 6.293 10.844 
270224222907 0.834 14.293 33.935 10.024 8.250 6.232 10.823 
270224224407 0.838 14.294 34.059 10.018 8.250 7.242 10.850 
270224225907 0.787 14.300 34.198 10.014 8.251 6.938 10.860 
270224231407 0.915 14.307 33.286 10.009 8.252 7.561 10.824 
270224232907 0.831 14.306 33.788 10.008 8.252 6.870 10.820 
270224234407 0.856 14.305 34.099 10.007 8.252 6.354 10.848 
270224235907 0.796 14.309 33.859 10.004 8.252 6.931 10.856 
280224001407 0.844 14.315 33.906 10.001 8.253 6.620 10.844 
280224002907 0.882 14.310 33.995 10.003 8.253 6.620 10.824 
280224004407 0.819 14.308 33.534 9.998 8.252 5.678 10.850 
280224005907 0.812 14.310 33.902 9.997 8.252 6.043 10.858 
280224011407 0.857 14.308 33.797 9.994 8.251 6.362 10.844 
280224012907 0.812 14.305 33.879 9.993 8.250 7.531 10.823 
280224014407 0.799 14.279 33.826 10.000 8.250 6.734 10.849 
280224015907 0.869 14.296 34.093 9.995 8.250 6.696 10.858 
280224021407 0.822 14.296 33.908 9.994 8.250 5.868 10.823 
280224022907 0.867 14.291 33.994 9.992 8.250 5.504 10.820 
280224024407 0.787 14.301 33.900 9.986 8.250 5.777 10.844 
280224025907 0.829 14.293 34.013 9.987 8.250 6.582 10.858 
280224031407 0.852 14.299 34.096 9.984 8.250 5.777 10.843 
280224032907 0.858 14.301 33.875 9.978 8.250 6.073 10.824 
280224034407 0.831 14.312 33.857 9.972 8.251 6.703 10.849 
280224035907 0.863 14.299 33.857 9.973 8.251 5.451 10.857 
280224041407 0.803 14.295 33.701 9.968 8.251 6.771 10.844 
280224042907 0.821 14.290 33.739 9.965 8.250 6.521 10.825 
280224044407 0.893 14.306 33.869 9.958 8.251 5.056 10.849 
280224045907 0.880 14.298 34.013 9.961 8.251 6.248 10.858 
280224051407 0.857 14.310 33.921 9.955 8.251 6.073 10.823 
280224052907 0.845 14.311 33.573 9.953 8.251 7.409 10.818 
280224054407 0.905 14.299 33.674 9.956 8.251 5.731 10.844 
280224055907 0.808 14.308 33.680 9.951 8.251 6.445 10.858 
280224061407 0.876 14.304 33.114 9.949 8.251 6.483 10.841 
280224062907 0.842 14.311 33.212 9.946 8.251 6.103 10.822 
280224064407 0.833 14.304 33.988 9.946 8.249 6.172 10.849 
280224065907 0.917 14.313 34.569 9.941 8.244 6.483 10.856 
280224071407 0.869 14.316 33.923 9.937 8.246 7.720 10.842 
280224072907 0.881 14.314 33.738 9.937 8.248 6.566 10.821 
280224074407 0.795 14.319 33.972 9.932 8.252 5.284 10.849 
280224075907 0.868 14.315 33.959 9.931 8.251 6.270 10.855 
280224081407 0.857 14.325 33.999 9.920 8.252 6.392 10.840 
280224082907 0.881 14.316 34.519 9.926 8.252 5.648 10.825 
280224084407 0.896 14.316 34.344 9.927 8.250 4.646 10.851 
280224085907 0.867 14.275 33.780 9.941 8.252 4.934 10.858 
280224091407 0.884 14.190 33.733 9.958 8.251 5.268 10.822 
280224092907 0.854 14.108 33.483 9.976 8.251 4.061 10.820 
280224094407 0.862 14.104 33.119 9.975 8.251 4.426 10.846 
280224095907 0.865 14.126 32.951 9.968 8.250 4.494 10.856 
280224101407 0.927 14.140 33.021 9.964 8.249 5.109 10.841 
280224102907 0.904 14.152 33.157 9.960 8.248 5.071 10.821 
280224104407 0.896 14.096 32.916 9.973 8.246 3.295 10.845 
280224105907 0.915 14.004 33.434 9.999 8.244 3.135 10.855 
280224111407 0.878 14.119 32.830 9.969 8.240 1.814 10.821 
280224112907 0.888 14.131 33.160 9.966 8.238 3.340 10.815 
280224114407 0.891 14.144 33.404 9.962 8.236 3.302 10.843 
280224115907 0.906 14.135 33.463 9.966 8.236 2.338 10.852 
280224121407 0.918 14.159 33.338 9.966 8.239 1.913 10.841 
280224122907 0.891 14.184 32.938 9.968 8.242 1.738 10.819 
280224124407 0.894 14.212 33.397 9.965 8.246 1.890 10.845 
280224125907 0.889 14.185 33.367 9.983 8.246 1.807 10.854 
280224131407 0.890 14.188 33.008 9.991 8.246 1.374 10.841 
280224132907 0.926 14.197 33.200 9.990 8.246 1.807 10.824 
280224134407 0.898 14.219 33.174 9.992 8.247 1.685 10.846 
280224135907 0.880 14.228 33.070 9.995 8.250 3.568 10.852 
280224141407 0.922 14.236 32.783 9.996 8.253 4.122 10.820 
280224142907 0.896 14.251 32.842 9.998 8.254 3.500 10.816 
280224144407 0.874 14.253 33.042 10.004 8.254 2.824 10.845 
280224145907 0.880 14.267 33.183 10.014 8.254 1.966 10.854 
280224151407 0.839 14.294 33.188 10.019 8.253 1.860 10.839 
280224152907 0.906 14.315 33.094 10.027 8.254 1.662 10.821 
