SAMBAT Sea Ti  C/T/D/Odo/Fluo/pH GPS : 50195 
V:0,Pression (0/50),dba
V:1,Température (-5/35),°C
V:2,Salinité (2/42),g/l
V:3,Oxygène (0/20),mgl
V:4,PH (0/14),pH
V:5,Fluorescence (0/500),ppb
V:6,Tension batterie,V
230124140416 1.093 14.526 38.757 9.560 8.243 2.247 10.742 
230124141915 1.070 14.517 38.908 9.570 8.241 1.913 10.813 
230124143415 1.084 14.497 38.844 9.579 8.237 2.088 10.831 
230124144915 0.997 14.472 38.911 9.590 8.236 1.860 10.851 
230124150415 1.064 14.497 38.846 9.586 8.236 2.338 10.860 
230124151915 1.050 14.476 38.893 9.597 8.237 2.323 10.852 
230124153415 0.986 14.454 38.888 9.605 8.236 2.649 10.844 
230124154915 1.123 14.451 38.852 9.610 8.234 3.454 10.857 
230124160415 1.160 14.449 38.844 9.616 8.233 4.274 10.863 
230124161915 1.130 14.448 38.878 9.619 8.235 4.297 10.854 
230124163415 1.018 14.436 38.802 9.624 8.234 5.003 10.844 
230124164915 1.056 14.434 38.719 9.629 8.234 5.246 10.858 
230124170415 1.073 14.424 38.667 9.638 8.232 5.261 10.864 
230124171915 1.061 14.401 38.781 9.646 8.232 6.202 10.841 
230124173415 1.047 14.394 38.707 9.649 8.231 6.460 10.841 
230124174915 1.115 14.380 38.735 9.654 8.230 4.684 10.857 
230124180415 1.135 14.385 38.685 9.653 8.230 5.390 10.863 
230124181915 0.991 14.356 38.695 9.658 8.230 5.223 10.855 
230124183415 1.045 14.353 38.665 9.657 8.229 4.585 10.845 
230124184915 1.053 14.330 38.682 9.659 8.229 5.299 10.858 
230124190415 1.050 14.337 38.650 9.655 8.230 5.291 10.864 
230124191915 1.049 14.362 38.718 9.646 8.237 4.714 10.854 
230124193415 1.066 14.378 38.655 9.638 8.238 4.540 10.844 
230124194915 1.093 14.377 38.642 9.634 8.236 6.908 10.858 
230124200415 1.130 14.374 38.625 9.631 8.237 5.284 10.864 
230124201915 1.120 14.369 38.666 9.627 8.235 4.828 10.841 
230124203415 1.071 14.369 38.677 9.623 8.233 5.952 10.841 
230124204915 1.088 14.347 38.660 9.620 8.231 4.972 10.856 
230124210415 1.075 14.353 38.671 9.617 8.231 5.094 10.862 
230124211915 1.132 14.334 38.707 9.619 8.231 6.065 10.854 
230124213415 1.116 14.338 38.707 9.617 8.231 5.625 10.844 
230124214915 1.105 14.335 38.710 9.614 8.230 4.851 10.858 
230124220415 1.069 14.318 38.729 9.620 8.231 5.671 10.864 
230124221915 1.097 14.321 38.761 9.609 8.230 6.468 10.854 
230124223415 1.091 14.323 38.542 9.608 8.231 5.139 10.844 
230124224915 1.117 14.323 38.770 9.604 8.233 5.253 10.858 
230124230415 1.153 14.304 38.716 9.611 8.233 5.162 10.864 
230124231915 1.106 14.319 38.760 9.604 8.234 5.557 10.841 
230124233415 1.111 14.317 38.755 9.604 8.233 5.587 10.841 
230124234915 1.064 14.310 38.549 9.603 8.234 5.489 10.856 
240124000415 1.102 14.317 38.663 9.602 8.235 5.838 10.862 
240124001915 1.060 14.325 38.627 9.592 8.234 6.278 10.853 
240124003415 1.130 14.304 38.716 9.604 8.233 5.238 10.844 
240124004915 1.104 14.299 38.509 9.604 8.232 6.293 10.857 
240124010415 1.150 14.289 38.498 9.607 8.233 5.777 10.863 
240124011915 1.147 14.311 38.550 9.600 8.235 6.012 10.841 
240124013415 1.111 14.307 38.725 9.598 8.234 5.936 10.840 
240124014915 1.070 14.296 38.700 9.602 8.232 6.559 10.855 
240124020415 1.081 14.308 38.715 9.598 8.233 6.718 10.862 
240124021915 1.090 14.310 38.729 9.596 8.237 4.881 10.854 
240124023415 1.035 14.296 38.743 9.599 8.236 5.284 10.844 
240124024915 1.096 14.310 38.741 9.597 8.235 5.291 10.857 
240124030415 1.125 14.304 38.732 9.597 8.234 6.217 10.863 
240124031915 1.153 14.280 38.540 9.602 8.233 5.314 10.854 
240124033415 1.108 14.285 38.685 9.599 8.233 5.845 10.844 
240124034915 1.121 14.294 38.614 9.597 8.233 5.686 10.857 
240124040415 1.160 14.299 38.667 9.594 8.235 5.580 10.863 
240124041915 1.093 14.287 38.464 9.595 8.234 5.686 10.853 
240124043415 1.132 14.280 38.447 9.592 8.234 5.618 10.844 
240124044915 1.119 14.293 38.472 9.587 8.232 5.443 10.857 
240124050415 1.089 14.282 38.393 9.587 8.234 5.322 10.863 
240124051915 1.131 14.265 38.465 9.587 8.234 5.200 10.841 
240124053415 1.067 14.282 38.408 9.584 8.234 5.466 10.840 
240124054915 1.073 14.282 38.395 9.579 8.236 6.741 10.855 
240124060415 1.114 14.288 38.393 9.575 8.234 4.950 10.862 
240124061915 1.101 14.281 38.594 9.574 8.236 5.230 10.853 
240124063415 1.095 14.281 38.413 9.570 8.234 5.344 10.844 
240124064915 1.080 14.270 38.495 9.571 8.234 5.253 10.857 
240124070415 1.090 14.267 38.598 9.570 8.234 5.268 10.863 
240124071915 1.122 14.269 38.574 9.563 8.233 5.861 10.854 
240124073415 1.121 14.266 38.376 9.565 8.234 5.944 10.844 
240124074915 1.128 14.266 38.543 9.561 8.235 4.729 10.857 
240124080415 1.104 14.266 38.346 9.558 8.235 5.071 10.863 
240124081915 1.069 14.276 38.387 9.553 8.234 5.048 10.840 
240124083415 1.072 14.272 38.591 9.549 8.235 4.653 10.840 
240124084915 1.094 14.269 38.326 9.546 8.236 4.638 10.855 
240124090415 1.086 14.255 38.317 9.547 8.236 4.980 10.862 
240124091915 1.090 14.272 38.339 9.543 8.236 4.707 10.854 
240124093415 1.085 14.278 38.465 9.539 8.236 3.682 10.844 
240124094915 1.121 14.277 38.344 9.537 8.236 3.606 10.857 
240124100415 1.057 14.275 38.351 9.537 8.236 3.393 10.863 
240124101915 1.062 14.275 38.355 9.534 8.235 2.839 10.854 
240124103415 1.089 14.281 38.357 9.533 8.236 2.467 10.844 
240124104915 1.079 14.285 38.371 9.533 8.236 2.239 10.857 
240124110415 1.132 14.299 38.571 9.533 8.237 2.141 10.863 
240124111915 1.079 14.308 38.417 9.532 8.238 2.209 10.841 
240124113415 1.068 14.306 38.407 9.533 8.238 2.110 10.841 
240124114915 1.080 14.323 38.410 9.525 8.238 2.118 10.855 
240124120415 1.090 14.347 38.434 9.521 8.239 1.549 10.862 
240124121915 1.101 14.348 38.411 9.524 8.242 2.019 10.853 
240124123415 1.103 14.420 38.420 9.508 8.245 2.080 10.844 
240124124915 1.061 14.395 38.418 9.521 8.243 1.716 10.858 
240124130415 1.089 14.348 38.412 9.534 8.240 2.331 10.864 
240124131915 1.071 14.383 38.389 9.530 8.236 2.103 10.841 
240124133415 1.084 14.434 38.349 9.517 8.241 2.680 10.841 
240124134915 1.095 14.403 38.319 9.533 8.241 2.649 10.856 
240124140415 1.065 14.420 38.331 9.532 8.240 1.943 10.863 
