SAMBAT Sea Ti  C/T/D/Odo/Fluo/pH GPS : 50195 
V:0,Pression (0/50),dba
V:1,Température (-5/35),°C
V:2,Salinité (2/42),g/l
V:3,Oxygène (0/20),mgl
V:4,PH (0/14),pH
V:5,Fluorescence (0/500),ppb
V:6,Tension batterie,V
010224142601 0.968 14.671 36.148 9.694 8.252 2.467 10.738 
010224144100 1.061 14.679 36.068 9.695 8.250 2.695 10.820 
010224145600 1.053 14.678 36.005 9.698 8.249 3.591 10.848 
010224151100 1.033 14.628 36.009 9.706 8.248 3.568 10.838 
010224152600 1.025 14.607 36.048 9.715 8.247 4.540 10.828 
010224154100 1.007 14.626 36.172 9.714 8.246 4.471 10.854 
010224155600 1.025 14.616 36.168 9.718 8.246 4.691 10.864 
010224161100 1.008 14.600 36.107 9.723 8.245 4.745 10.844 
010224162600 1.050 14.583 35.949 9.728 8.244 4.646 10.830 
010224164100 1.016 14.574 35.893 9.730 8.244 5.929 10.855 
010224165600 1.066 14.582 36.143 9.731 8.243 5.246 10.865 
010224171100 1.024 14.579 36.234 9.733 8.243 4.866 10.824 
010224172600 1.057 14.583 36.171 9.732 8.243 5.526 10.826 
010224174100 1.028 14.552 36.246 9.738 8.242 7.424 10.853 
010224175600 1.002 14.546 36.282 9.739 8.242 5.443 10.864 
010224181100 1.010 14.530 36.050 9.749 8.242 5.086 10.845 
010224182600 1.022 14.525 36.089 9.750 8.241 5.640 10.830 
010224184100 1.005 14.505 36.252 9.756 8.241 5.921 10.855 
010224185600 0.986 14.510 36.205 9.753 8.241 4.957 10.865 
010224191100 1.015 14.504 36.088 9.753 8.241 5.959 10.834 
010224192600 1.005 14.497 36.045 9.753 8.241 5.542 10.827 
010224194100 1.023 14.461 35.955 9.755 8.241 6.119 10.854 
010224195600 1.064 14.459 36.189 9.753 8.241 5.109 10.864 
010224201100 1.061 14.453 36.096 9.752 8.241 5.344 10.841 
010224202600 1.050 14.459 35.981 9.749 8.241 6.627 10.829 
010224204100 1.024 14.445 35.997 9.750 8.242 5.443 10.855 
010224205600 1.022 14.452 35.956 9.749 8.242 6.566 10.864 
010224211100 1.007 14.471 35.985 9.744 8.241 5.451 10.824 
010224212600 1.048 14.450 36.002 9.745 8.241 5.420 10.826 
010224214100 1.059 14.463 35.940 9.741 8.239 5.838 10.853 
010224215600 1.043 14.477 36.149 9.736 8.239 7.736 10.863 
010224221100 1.045 14.484 36.116 9.733 8.238 6.172 10.843 
010224222600 1.039 14.484 36.060 9.730 8.239 6.802 10.829 
010224224100 1.042 14.472 36.032 9.730 8.238 5.132 10.854 
010224225600 1.022 14.475 35.970 9.727 8.239 5.997 10.864 
010224231100 1.029 14.475 35.996 9.724 8.239 5.853 10.836 
010224232600 1.041 14.470 35.964 9.722 8.239 5.769 10.827 
010224234100 1.034 14.473 35.974 9.719 8.239 5.845 10.854 
010224235600 1.029 14.464 35.966 9.719 8.239 5.990 10.864 
020224001100 1.015 14.462 35.969 9.714 8.239 5.990 10.844 
020224002600 1.051 14.460 36.012 9.710 8.238 6.126 10.829 
020224004100 1.038 14.472 35.984 9.708 8.240 5.838 10.855 
020224005600 1.036 14.466 35.872 9.705 8.241 5.519 10.864 
020224011100 1.047 14.451 35.962 9.707 8.242 5.823 10.841 
020224012600 1.019 14.454 35.981 9.703 8.243 5.322 10.829 
020224014100 1.025 14.450 35.960 9.704 8.243 6.103 10.854 
020224015600 1.047 14.457 35.900 9.702 8.243 5.344 10.864 
020224021100 1.044 14.463 35.919 9.697 8.243 6.263 10.844 
020224022600 1.044 14.452 35.942 9.698 8.245 5.276 10.829 
020224024100 1.053 14.466 36.023 9.691 8.244 5.238 10.855 
020224025600 1.041 14.457 35.968 9.691 8.245 5.504 10.864 
020224031100 1.049 14.462 35.944 9.687 8.246 5.739 10.843 
020224032600 1.045 14.450 35.990 9.688 8.246 5.208 10.829 
020224034100 1.045 14.440 35.888 9.690 8.246 6.362 10.855 
020224035600 1.020 14.440 35.947 9.689 8.246 5.230 10.864 
020224041100 1.054 14.437 35.909 9.686 8.244 6.407 10.823 
020224042600 1.023 14.443 36.028 9.684 8.243 5.633 10.825 
020224044100 1.039 14.455 35.990 9.681 8.242 5.921 10.853 
020224045600 1.016 14.446 35.929 9.685 8.242 5.739 10.863 
020224051100 1.047 14.440 35.887 9.683 8.242 5.807 10.843 
020224052600 1.054 14.449 35.887 9.679 8.242 5.481 10.828 
020224054100 1.076 14.445 36.031 9.679 8.241 5.504 10.854 
020224055600 1.065 14.451 35.861 9.675 8.240 6.111 10.864 
020224061100 1.034 14.446 35.861 9.677 8.241 6.164 10.843 
020224062600 1.036 14.438 35.877 9.678 8.242 5.739 10.829 
020224064100 1.036 14.439 35.826 9.681 8.241 5.079 10.855 
020224065600 1.041 14.446 35.870 9.674 8.241 4.653 10.864 
020224071100 1.042 14.432 35.836 9.675 8.241 5.564 10.824 
020224072600 1.049 14.438 35.855 9.673 8.241 13.976 10.825 
020224074100 1.001 14.427 35.845 9.674 8.241 5.580 10.853 
020224075600 1.040 14.440 35.847 9.672 8.240 4.130 10.863 
020224081100 1.051 14.439 35.852 9.672 8.241 5.511 10.843 
020224082600 1.079 14.434 35.829 9.674 8.241 4.357 10.829 
020224084100 1.074 14.439 35.817 9.670 8.240 6.324 10.854 
020224085600 1.072 14.441 35.910 9.669 8.239 2.718 10.864 
020224091100 1.066 14.438 35.733 9.670 8.240 2.437 10.842 
020224092600 1.083 14.445 35.710 9.669 8.239 2.536 10.829 
020224094100 1.090 14.446 35.672 9.668 8.239 2.270 10.854 
020224095600 1.059 14.447 35.656 9.667 8.239 1.609 10.864 
020224101100 1.078 14.453 35.652 9.665 8.239 2.118 10.823 
020224102600 1.054 14.458 35.813 9.667 8.239 1.974 10.825 
020224104100 1.026 14.468 35.818 9.667 8.240 1.731 10.853 
020224105600 1.101 14.487 35.824 9.663 8.242 1.328 10.863 
020224111100 1.084 14.493 35.812 9.662 8.245 2.118 10.844 
020224112600 1.089 14.497 35.834 9.663 8.246 1.708 10.829 
020224114100 1.059 14.537 35.820 9.657 8.248 1.359 10.855 
020224115600 1.056 14.569 35.732 9.646 8.251 1.154 10.865 
020224121100 1.057 14.518 35.663 9.666 8.250 1.086 10.823 
020224122600 1.069 14.536 35.720 9.661 8.250 1.207 10.826 
020224124100 1.099 14.544 35.655 9.657 8.250 1.253 10.853 
020224125600 1.092 14.808 35.731 9.589 8.251 1.389 10.864 
020224131100 1.056 14.738 35.599 9.617 8.257 1.845 10.844 
020224132600 1.046 14.625 35.667 9.649 8.255 1.587 10.830 
020224134100 1.068 14.651 35.863 9.644 8.252 1.245 10.856 
020224135600 1.081 14.819 35.650 9.602 8.253 1.632 10.866 
020224141100 1.037 14.818 35.711 9.608 8.255 1.571 10.844 
020224142600 1.042 14.673 35.669 9.655 8.254 1.146 10.831 
