SAMBAT Sea Ti  C/T/D/Odo/Fluo/pH GPS : 50195 
V:0,Pression (0/50),dba
V:1,Température (-5/35),°C
V:2,Salinité (2/42),g/l
V:3,Oxygène (0/20),mgl
V:4,PH (0/14),pH
V:5,Fluorescence (0/500),ppb
V:6,Tension batterie,V
060224143825 1.015 14.583 36.558 9.830 8.246 2.065 10.735 
060224145324 0.931 14.539 36.588 9.844 8.244 2.968 10.818 
060224150824 0.976 14.534 36.613 9.848 8.242 3.128 10.846 
060224152324 0.992 14.529 36.528 9.852 8.241 2.201 10.801 
060224153824 0.948 14.537 36.509 9.851 8.240 4.289 10.844 
060224155324 1.016 14.531 36.522 9.851 8.240 4.236 10.858 
060224160824 1.016 14.524 36.486 9.854 8.239 3.105 10.865 
060224162324 0.989 14.518 36.519 9.856 8.238 5.101 10.826 
060224163824 0.985 14.521 36.720 9.857 8.238 5.306 10.855 
060224165324 0.961 14.518 36.841 9.857 8.238 5.223 10.864 
060224170824 0.958 14.505 36.403 9.858 8.238 6.384 10.868 
060224172324 0.998 14.505 36.559 9.856 8.238 6.650 10.823 
060224173824 1.000 14.507 36.679 9.856 8.238 5.754 10.855 
060224175324 0.961 14.510 36.713 9.853 8.238 5.731 10.864 
060224180824 0.958 14.485 36.655 9.857 8.238 7.272 10.869 
060224182324 1.070 14.490 36.638 9.854 8.238 6.028 10.809 
060224183824 1.000 14.487 36.741 9.855 8.239 6.073 10.849 
060224185324 0.964 14.474 36.634 9.855 8.239 6.582 10.861 
060224190824 1.022 14.502 36.683 9.848 8.239 5.557 10.867 
060224192324 0.983 14.493 36.723 9.848 8.241 5.693 10.814 
060224193824 0.951 14.494 36.653 9.847 8.241 5.952 10.851 
060224195324 0.995 14.481 36.648 9.849 8.241 6.088 10.863 
060224200824 0.973 14.478 36.655 9.847 8.241 6.141 10.868 
060224202324 1.015 14.488 36.670 9.842 8.241 6.179 10.815 
060224203824 0.957 14.478 36.687 9.843 8.242 5.921 10.852 
060224205324 0.957 14.491 36.647 9.840 8.242 5.876 10.863 
060224210824 0.969 14.485 36.710 9.839 8.242 6.475 10.868 
060224212324 0.961 14.493 36.669 9.839 8.242 7.272 10.809 
060224213824 1.001 14.497 36.636 9.835 8.243 5.375 10.849 
060224215324 0.944 14.485 36.612 9.840 8.244 5.747 10.862 
060224220824 0.964 14.498 36.651 9.835 8.244 5.997 10.867 
060224222324 0.991 14.495 36.678 9.835 8.244 5.208 10.815 
060224223824 0.945 14.485 36.660 9.838 8.244 5.633 10.852 
060224225324 0.935 14.479 36.669 9.838 8.245 5.747 10.863 
060224230824 0.986 14.480 36.686 9.838 8.243 6.172 10.868 
060224232324 0.982 14.454 36.926 9.843 8.243 5.413 10.814 
060224233824 0.995 14.476 36.652 9.839 8.241 5.071 10.852 
060224235324 0.971 14.465 36.681 9.839 8.241 5.572 10.863 
070224000824 0.985 14.465 36.667 9.838 8.241 6.187 10.868 
070224002324 0.991 14.438 36.819 9.845 8.241 6.005 10.815 
070224003824 0.993 14.453 36.646 9.838 8.241 6.498 10.852 
070224005324 1.001 14.450 36.676 9.839 8.241 5.739 10.863 
070224010824 0.955 14.451 36.690 9.835 8.240 7.083 10.868 
070224012324 0.982 14.442 36.702 9.835 8.240 7.569 10.809 
070224013824 0.982 14.447 36.693 9.835 8.241 6.407 10.849 
070224015324 0.956 14.452 36.731 9.832 8.240 7.956 10.862 
070224020824 0.993 14.446 36.733 9.831 8.241 6.020 10.867 
070224022324 0.950 14.419 36.699 9.841 8.241 6.582 10.815 
070224023824 0.926 14.434 36.721 9.828 8.239 6.635 10.851 
070224025324 0.942 14.441 36.678 9.825 8.241 7.128 10.863 
070224030824 1.000 14.440 36.734 9.822 8.241 6.544 10.868 
070224032324 0.943 14.437 36.712 9.822 8.241 7.789 10.812 
070224033824 0.967 14.429 36.768 9.819 8.242 5.967 10.850 
070224035324 0.932 14.430 36.789 9.814 8.242 8.108 10.862 
070224040824 0.961 14.437 36.780 9.810 8.242 6.453 10.867 
070224042324 0.961 14.433 36.800 9.807 8.241 5.754 10.809 
070224043824 0.964 14.434 36.763 9.804 8.242 6.832 10.848 
070224045324 0.966 14.439 36.774 9.798 8.241 7.037 10.861 
070224050824 0.926 14.432 36.795 9.797 8.241 6.711 10.866 
070224052324 0.971 14.434 36.783 9.792 8.241 6.050 10.815 
070224053824 0.910 14.419 36.891 9.796 8.241 6.961 10.851 
070224055324 0.961 14.433 36.855 9.785 8.240 5.914 10.863 
070224060824 0.955 14.423 36.831 9.787 8.240 6.195 10.868 
070224062324 0.896 14.427 36.845 9.783 8.241 6.415 10.814 
070224063824 0.982 14.432 36.798 9.774 8.241 5.435 10.851 
070224065324 0.934 14.426 36.869 9.777 8.241 4.820 10.863 
070224070824 0.941 14.432 36.872 9.768 8.242 6.840 10.868 
070224072324 0.932 14.407 36.875 9.779 8.241 5.944 10.808 
070224073824 0.944 14.428 36.965 9.768 8.241 5.990 10.848 
070224075324 0.937 14.422 36.929 9.765 8.241 5.754 10.861 
070224080824 0.991 14.420 36.884 9.763 8.241 5.511 10.867 
070224082324 0.955 14.402 37.231 9.767 8.241 5.640 10.814 
070224083824 0.915 14.426 37.192 9.759 8.241 5.117 10.851 
070224085324 0.958 14.425 37.035 9.759 8.241 5.094 10.863 
070224090824 0.914 14.424 37.043 9.759 8.242 3.864 10.868 
070224092324 0.926 14.430 37.039 9.753 8.241 3.598 10.815 
070224093824 0.949 14.428 37.012 9.755 8.241 2.604 10.851 
070224095324 0.946 14.434 36.949 9.753 8.241 2.391 10.863 
070224100824 0.943 14.443 36.868 9.755 8.241 2.194 10.868 
070224102324 0.961 14.453 36.913 9.753 8.243 2.110 10.814 
070224103824 0.926 14.480 36.916 9.751 8.244 1.974 10.851 
070224105324 0.939 14.470 36.910 9.753 8.246 2.634 10.863 
070224110824 0.931 14.492 36.897 9.755 8.245 1.852 10.868 
070224112324 0.948 14.519 36.942 9.751 8.245 1.488 10.818 
070224113824 0.929 14.531 36.929 9.752 8.248 2.027 10.851 
070224115324 0.922 14.491 36.910 9.769 8.247 2.323 10.864 
070224120824 0.930 14.534 36.955 9.759 8.246 2.088 10.868 
070224122324 0.933 14.585 36.907 9.745 8.247 1.708 10.825 
070224123824 0.961 14.680 36.914 9.714 8.250 1.913 10.855 
070224125324 0.939 14.638 36.908 9.747 8.254 1.298 10.866 
070224130824 0.910 14.793 36.914 9.705 8.252 2.201 10.870 
070224132324 0.876 14.746 36.854 9.727 8.256 1.928 10.807 
070224133824 0.896 14.742 36.891 9.734 8.255 2.103 10.849 
070224135324 0.867 14.787 36.878 9.727 8.252 1.837 10.863 
070224140824 0.914 14.717 37.202 9.764 8.252 1.883 10.869 
070224142324 0.908 14.724 37.079 9.767 8.248 1.708 10.827 
070224143824 0.921 14.763 36.980 9.757 8.248 1.579 10.857 
