SAMBAT Sea Ti  C/T/D/Odo/Fluo/pH GPS : 50195 
V:0,Pression (0/50),dba
V:1,Température (-5/35),°C
V:2,Salinité (2/42),g/l
V:3,Oxygène (0/20),mgl
V:4,PH (0/14),pH
V:5,Fluorescence (0/500),ppb
V:6,Tension batterie,V
270124141334 1.085 14.767 37.709 9.553 8.258 2.809 10.739 
270124142833 1.088 14.904 37.583 9.532 8.250 2.596 10.810 
270124144333 1.046 14.557 37.567 9.637 8.254 2.604 10.842 
270124145833 1.087 14.513 37.584 9.662 8.251 3.424 10.857 
270124151333 1.064 14.440 37.603 9.682 8.250 3.241 10.845 
270124152833 1.079 14.429 37.820 9.694 8.247 3.279 10.835 
270124154333 1.083 14.423 37.599 9.704 8.246 3.705 10.855 
270124155833 1.047 14.422 37.628 9.702 8.244 4.198 10.863 
270124161333 1.072 14.458 37.621 9.699 8.242 5.048 10.847 
270124162833 1.071 14.439 37.616 9.704 8.249 6.999 10.836 
270124164333 1.074 14.628 37.681 9.657 8.255 6.270 10.856 
270124165833 1.086 14.371 37.570 9.739 8.253 5.656 10.864 
270124171333 1.044 14.329 37.579 9.751 8.248 6.225 10.828 
270124172833 1.085 14.310 37.586 9.762 8.245 7.424 10.831 
270124174333 1.060 14.304 37.600 9.761 8.242 7.857 10.854 
270124175833 1.064 14.303 37.596 9.757 8.240 8.062 10.863 
270124181333 1.056 14.295 37.608 9.758 8.238 8.396 10.847 
270124182833 1.069 14.285 37.600 9.756 8.237 8.487 10.835 
270124184333 1.099 14.289 37.619 9.750 8.236 8.874 10.855 
270124185833 1.068 14.281 37.600 9.748 8.235 8.662 10.863 
270124191333 1.075 14.298 37.586 9.741 8.236 10.385 10.844 
270124192833 1.079 14.299 37.587 9.735 8.236 9.732 10.834 
270124194333 1.092 14.322 37.629 9.724 8.240 7.698 10.855 
270124195833 1.100 14.343 37.622 9.708 8.246 7.644 10.863 
270124201333 1.107 14.359 37.623 9.697 8.246 7.728 10.842 
270124202833 1.098 14.328 37.703 9.701 8.243 7.538 10.834 
270124204333 1.064 14.329 37.630 9.698 8.239 7.941 10.855 
270124205833 1.092 14.323 37.650 9.696 8.238 9.049 10.863 
270124211333 1.091 14.309 37.655 9.702 8.238 8.958 10.827 
270124212833 1.088 14.329 37.627 9.695 8.237 8.100 10.831 
270124214333 1.083 14.302 37.658 9.700 8.234 8.191 10.853 
270124215833 1.128 14.289 37.776 9.696 8.232 9.406 10.862 
270124221333 1.084 14.291 37.703 9.693 8.232 8.616 10.846 
270124222833 1.087 14.299 37.720 9.686 8.233 9.474 10.835 
270124224333 1.073 14.293 37.714 9.679 8.234 8.396 10.855 
270124225833 1.097 14.305 37.705 9.669 8.235 8.836 10.863 
270124231333 1.094 14.308 37.707 9.659 8.236 9.178 10.844 
270124232833 1.084 14.312 37.664 9.657 8.239 8.783 10.835 
270124234333 1.106 14.313 37.677 9.658 8.238 8.320 10.855 
270124235833 1.097 14.305 37.675 9.657 8.237 11.820 10.863 
280124001333 1.093 14.319 37.675 9.652 8.236 9.087 10.844 
280124002833 1.092 14.320 37.642 9.652 8.238 10.780 10.834 
280124004333 1.093 14.336 37.678 9.645 8.241 7.857 10.855 
280124005833 1.101 14.358 37.680 9.639 8.245 8.396 10.863 
280124011333 1.096 14.368 37.651 9.635 8.244 8.092 10.828 
280124012833 1.107 14.362 37.664 9.634 8.242 9.337 10.831 
280124014333 1.105 14.371 37.647 9.630 8.241 6.938 10.853 
280124015833 1.104 14.364 37.653 9.630 8.240 7.918 10.862 
280124021333 1.089 14.365 37.653 9.625 8.239 7.409 10.844 
280124022833 1.091 14.368 37.684 9.623 8.239 8.753 10.835 
280124024333 1.076 14.347 37.668 9.629 8.240 7.811 10.851 
280124025833 1.102 14.351 37.645 9.628 8.237 7.903 10.862 
280124031333 1.091 14.348 37.621 9.632 8.236 6.938 10.847 
280124032833 1.091 14.340 37.628 9.635 8.237 7.265 10.835 
280124034333 1.112 14.362 37.676 9.631 8.239 8.100 10.855 
280124035833 1.110 14.364 37.667 9.631 8.242 7.956 10.864 
280124041333 1.111 14.375 37.653 9.631 8.243 8.859 10.841 
280124042833 1.098 14.371 37.692 9.629 8.242 10.157 10.834 
280124044333 1.127 14.374 37.643 9.628 8.242 7.159 10.855 
280124045833 1.087 14.371 37.690 9.630 8.242 7.462 10.863 
280124051333 1.090 14.370 37.667 9.629 8.241 6.635 10.828 
280124052833 1.101 14.367 37.649 9.630 8.241 8.442 10.831 
280124054333 1.105 14.374 37.714 9.628 8.238 7.834 10.853 
280124055833 1.069 14.377 37.689 9.626 8.240 6.916 10.862 
280124061333 1.080 14.376 37.611 9.624 8.241 6.081 10.843 
280124062833 1.093 14.369 37.692 9.627 8.243 7.121 10.835 
280124064333 1.097 14.377 37.651 9.623 8.242 7.644 10.855 
280124065833 1.111 14.384 37.644 9.621 8.241 6.976 10.863 
280124071333 1.066 14.373 37.667 9.624 8.241 8.214 10.847 
280124072833 1.108 14.377 37.721 9.621 8.240 6.475 10.835 
280124074333 1.104 14.383 37.622 9.621 8.241 5.944 10.855 
280124075833 1.098 14.376 37.657 9.622 8.242 6.931 10.864 
280124081333 1.087 14.374 37.632 9.622 8.241 6.111 10.828 
280124082833 1.053 14.384 37.669 9.620 8.242 5.223 10.831 
280124084333 1.125 14.373 37.768 9.623 8.241 5.853 10.853 
280124085833 1.092 14.364 37.630 9.623 8.238 4.616 10.862 
280124091333 1.093 14.371 37.670 9.623 8.240 3.636 10.848 
280124092833 1.127 14.379 37.678 9.621 8.241 4.069 10.836 
280124094333 1.111 14.378 37.658 9.621 8.241 3.621 10.855 
280124095833 1.120 14.389 37.704 9.619 8.243 2.778 10.864 
280124101333 1.100 14.402 37.681 9.625 8.244 2.733 10.844 
280124102833 1.123 14.415 37.673 9.623 8.246 2.543 10.835 
280124104333 1.084 14.430 37.709 9.619 8.246 2.034 10.856 
280124105833 1.096 14.434 37.676 9.619 8.246 1.647 10.864 
280124111333 1.140 14.445 37.703 9.621 8.245 2.057 10.829 
280124112833 1.089 14.453 37.602 9.621 8.245 2.103 10.832 
280124114333 1.094 14.455 37.604 9.622 8.246 1.404 10.854 
280124115833 1.114 14.457 37.506 9.628 8.243 1.495 10.863 
280124121333 1.109 14.451 37.602 9.631 8.242 1.913 10.847 
280124122833 1.101 14.468 37.539 9.632 8.243 2.171 10.836 
280124124333 1.105 14.473 37.491 9.637 8.245 2.619 10.856 
280124125833 1.125 14.499 37.481 9.635 8.244 1.571 10.865 
280124131333 1.104 14.491 37.505 9.641 8.245 1.784 10.829 
280124132833 1.043 14.495 37.664 9.647 8.244 1.723 10.832 
280124134333 1.137 14.540 37.715 9.634 8.246 2.019 10.855 
280124135833 1.125 14.521 37.690 9.649 8.243 2.072 10.864 
280124141333 1.122 14.537 37.637 9.648 8.245 1.716 10.849 
