SAMBAT Sea Ti  C/T/D/Odo/Fluo/pH GPS : 50195 
V:0,Pression (0/50),dba
V:1,Température (-5/35),°C
V:2,Salinité (2/42),g/l
V:3,Oxygène (0/20),mgl
V:4,PH (0/14),pH
V:5,Fluorescence (0/500),ppb
V:6,Tension batterie,V
100324155755 0.831 14.158 27.760 10.056 8.251 3.507 10.736 
100324161254 0.816 14.160 27.746 10.063 8.250 3.272 10.795 
100324162754 0.740 14.147 27.790 10.075 8.250 3.735 10.807 
100324164254 0.718 14.130 27.736 10.087 8.249 3.826 10.841 
100324165754 0.694 14.116 27.752 10.094 8.249 5.367 10.854 
100324171254 0.874 14.113 27.778 10.099 8.249 6.103 10.840 
100324172754 0.823 14.107 27.815 10.101 8.248 8.609 10.817 
100324174254 0.844 14.104 27.888 10.102 8.248 9.535 10.847 
100324175754 0.850 14.096 28.054 10.100 8.247 11.577 10.858 
100324181254 0.716 14.097 28.003 10.091 8.247 10.248 10.840 
100324182754 0.848 14.095 27.795 10.087 8.246 11.987 10.817 
100324184254 0.918 14.085 27.822 10.085 8.246 10.415 10.848 
100324185754 0.815 14.077 27.728 10.081 8.246 12.867 10.858 
100324191254 0.728 14.072 27.711 10.071 8.246 10.286 10.817 
100324192754 0.865 14.075 27.778 10.060 8.245 10.157 10.812 
100324194254 0.805 14.066 27.716 10.051 8.245 11.114 10.845 
100324195754 0.770 14.065 27.726 10.041 8.245 10.112 10.857 
100324201254 0.869 14.073 27.707 10.026 8.244 11.433 10.841 
100324202754 0.867 14.068 27.820 10.016 8.244 11.417 10.817 
100324204254 0.825 14.046 27.848 10.013 8.244 11.873 10.848 
100324205754 0.802 13.970 27.668 10.033 8.248 10.711 10.858 
100324211254 0.832 13.904 27.410 10.044 8.253 10.127 10.816 
100324212754 0.754 13.954 27.544 10.021 8.249 10.150 10.812 
100324214254 0.872 13.987 27.553 10.003 8.248 9.064 10.845 
100324215754 0.834 13.970 28.068 9.995 8.248 9.633 10.857 
100324221254 0.867 13.997 27.615 9.988 8.247 9.831 10.840 
100324222754 0.797 13.991 27.578 9.981 8.246 8.517 10.816 
100324224254 0.844 14.016 27.577 9.970 8.247 8.981 10.847 
100324225754 0.845 13.967 27.550 9.978 8.247 10.233 10.858 
100324231254 0.803 14.046 27.612 9.958 8.247 9.398 10.841 
100324232754 0.796 14.024 27.616 9.954 8.248 8.601 10.817 
100324234254 0.824 14.053 27.842 9.946 8.250 11.842 10.847 
100324235754 0.851 14.059 27.898 9.944 8.250 8.722 10.858 
110324001254 0.843 13.988 27.775 9.958 8.251 9.337 10.838 
110324002754 0.794 13.956 27.534 9.969 8.251 8.449 10.817 
110324004254 0.798 13.930 27.450 9.977 8.252 10.742 10.847 
110324005754 0.857 13.944 27.408 9.972 8.251 8.153 10.858 
110324011254 0.788 13.964 27.495 9.955 8.248 9.003 10.815 
110324012754 0.823 13.918 27.459 9.972 8.248 9.603 10.812 
110324014254 0.804 13.937 27.518 9.971 8.248 9.307 10.844 
110324015754 0.789 13.895 27.410 9.979 8.248 9.056 10.856 
110324021254 0.803 13.917 27.447 9.981 8.257 6.604 10.839 
110324022754 0.789 13.924 27.431 9.983 8.254 9.011 10.816 
110324024254 0.851 13.857 27.420 10.011 8.261 7.045 10.845 
110324025754 0.835 13.839 27.385 10.019 8.255 7.455 10.856 
110324031254 0.810 13.839 27.420 10.013 8.251 8.730 10.838 
110324032754 0.809 13.954 27.470 9.981 8.248 9.216 10.815 
110324034254 0.791 13.987 27.519 9.967 8.247 11.190 10.844 
110324035754 0.799 13.985 27.479 9.962 8.247 9.694 10.855 
110324041254 0.789 13.984 27.466 9.958 8.250 8.867 10.835 
110324042754 0.815 13.970 27.428 9.964 8.252 8.138 10.812 
110324044254 0.785 13.899 27.410 9.979 8.256 9.854 10.841 
110324045754 0.853 13.882 27.432 9.980 8.258 9.064 10.854 
110324051254 0.847 13.925 27.430 9.971 8.255 8.662 10.811 
110324052754 0.740 13.904 27.429 9.973 8.255 9.307 10.806 
110324054254 0.767 13.943 27.390 9.963 8.254 10.074 10.843 
110324055754 0.836 13.884 27.388 9.978 8.262 9.140 10.855 
110324061254 0.874 13.865 27.386 9.988 8.261 8.950 10.838 
110324062754 0.828 13.875 27.641 9.982 8.261 8.609 10.814 
110324064254 0.827 13.861 27.383 9.986 8.256 9.155 10.846 
110324065754 0.821 13.876 27.397 9.987 8.260 8.738 10.857 
110324071254 0.861 13.869 27.347 9.998 8.261 8.647 10.841 
110324072754 0.815 13.937 27.493 9.984 8.254 8.487 10.816 
110324074254 0.802 13.937 27.372 9.978 8.253 8.487 10.846 
110324075754 0.797 13.942 27.376 9.975 8.252 6.718 10.857 
110324081254 0.778 14.014 27.339 9.958 8.252 4.881 10.816 
110324082754 0.809 14.021 27.345 9.953 8.253 5.261 10.812 
110324084254 0.810 14.030 27.503 9.954 8.253 4.001 10.845 
110324085754 0.840 14.051 27.531 9.946 8.255 3.591 10.856 
110324091254 0.809 14.063 27.511 9.946 8.255 3.424 10.840 
110324092754 0.849 14.050 27.481 9.953 8.255 3.196 10.817 
110324094254 0.848 14.099 27.440 9.938 8.255 4.236 10.848 
110324095754 0.832 14.101 27.435 9.942 8.255 4.858 10.858 
110324101254 0.862 14.102 27.461 9.943 8.256 7.432 10.817 
110324102754 0.808 14.088 27.405 9.951 8.257 8.449 10.813 
110324104254 0.797 14.074 27.436 9.960 8.255 8.130 10.846 
110324105754 0.850 14.077 27.480 9.961 8.254 6.028 10.857 
110324111254 0.843 14.068 27.313 9.968 8.253 3.925 10.842 
110324112754 0.809 14.068 27.360 9.975 8.252 3.355 10.818 
110324114254 0.818 14.075 27.266 9.979 8.251 3.234 10.849 
110324115754 0.825 14.099 27.243 9.975 8.250 3.188 10.859 
110324121254 0.836 14.132 27.242 9.974 8.250 2.900 10.842 
110324122754 0.851 14.113 27.532 9.982 8.252 3.348 10.818 
110324124254 0.852 14.131 27.233 9.987 8.252 2.999 10.849 
110324125754 0.851 14.147 27.222 9.989 8.251 2.353 10.860 
110324131254 0.865 14.230 27.167 9.984 8.251 2.604 10.818 
110324132754 0.865 14.248 27.172 9.983 8.253 2.323 10.814 
110324134254 0.864 14.268 27.335 9.987 8.255 2.103 10.847 
110324135754 0.798 14.269 27.099 10.003 8.255 2.353 10.859 
110324141254 0.881 14.214 27.576 10.030 8.256 2.756 10.842 
110324142754 0.852 14.222 27.160 10.030 8.254 2.778 10.819 
110324144254 0.791 14.174 27.165 10.050 8.254 4.266 10.850 
110324145754 0.786 14.225 27.166 10.032 8.252 3.621 10.860 
110324151254 0.825 14.208 27.111 10.037 8.251 4.851 10.842 
110324152754 0.845 14.163 27.120 10.052 8.251 5.504 10.819 
110324154254 0.835 14.148 27.082 10.056 8.250 4.236 10.850 
110324155754 0.656 14.145 27.088 10.057 8.249 6.415 10.860 
